0 0 0 0 0 0 0 0 0 0 0 0 0 0.0343539855438855 0 0 0 0 0 0 0 0 0.0629467120764305 0 0.00226997439651859 0 0 0 0 0 0.0159242754004372 0.00530369702005345 0 0 0 0 0 0 0.0113231748820392 0 0 0 0 0 0 0 0 0 0 0 0 0 0 0 0 0 0 0 0 0 0 0 0 0 0 0
0 0 0 0 0.0445306421142526 0 0 0.00208746033517813 0 0 0 0 0.00820725333643687 0.0493622523809176 0 0 0 0 0 0 0 0 0.0941244611997996 0.00431783130209572 0.00374281017423588 0 0.0506479777093395 0.00629627354848773 0.00615300993248115 0 0.049602198276136 0.00998224238929551 0.00821186903080946 0 0 0 0 0 0.00682121177958182 0 0 0 0 0 0 0 0 0 0 0 0 0 0 0 0 0 0 0 0 0 0 0 0 0 0 0
0 0 0 0 0.00437355970691991 0.0455871906512524 0.0079099194772353 0.00763420296634614 0 0.0121149554689849 0 0.0363667471156416 0.0128267338271848 0.0440100461210925 0 0 0 0 0 0 0 0 0 0 0 0 0.0274005839517236 0.0445801367330698 0.00985436500288564 0 0 0 0 0 0.00278947206107364 0 0 0.0191732710331681 0 0.00423256468350969 0 0 0 0 0 0 0 0 0 0 0 0 0 0 0 0 0 0 0 0.00518815615608227 0 0 0 0 0 0
0 0 0 0 0.00691411646356095 0 0 0 0.00496335886114524 0.00653863073583493 0 0 0 0.0130598358609929 0 0 0 0 0 0.0158259546044302 0 0.0570738763031104 0 0.116045083021252 0.0265717954054963 0.208492236942429 0.0266438122276321 0.047954799598691 0 0 0 0.00774863419231447 0 0 0 0 0 0.00646798150009703 0 0 0.15034029251072 0.0185651294992147 0 0.0399960665885766 0 0 0.0181761538798667 0 0 0 0 0 0 0 0 0 0 0 0 0 0 0 0.477670859630977 0 0 0
0 0.0445316944406392 0.00437375574126582 0.00691344037083998 0 0 0.0572404982021332 0.0125092163254343 0.0215311570989527 0.00493307005302466 0 0.00771718070684515 0.0178489821729352 0.0139807319745787 0.00234582336651139 0.000480438652627941 0 0 0 0 0 0.00204485320967282 0 0 0 0 0.0523128481997908 0.00535694426366048 0.00392286236097089 0 0.00554363402887195 0.00541595574371148 0 0 0 0 0 0 0 0 0 0 0 0 0 0 0 0 0 0 0 0 0 0 0 0 0 0 0 0.000859807979427765 0 0 0 0 0 0
0 0 0.0455782128486583 0 0 0 0.00804568106868432 0.0267036083476798 0 0.0675606739262913 0.0667933373941157 0.0796724938920566 0.0258021967859573 0.225666853084332 0.0451352363046118 0.0186301825324952 0 0 0 0 0 0 0 0 0 0 0 0 0.0148710482172143 0 0 0.00824621174987653 0 0 0 0 0 0 0 0 0 0 0 0 0 0 0 0 0 0 0 0 0 0 0 0 0 0 0 0 0 0 0 0 0 0
0 0 0.00791049190779119 0 0.0572439939042288 0.00804644100753019 0 0.01557283150495 0.0334723857764176 0.0365704144359844 0 0.00890188503412761 0.0262012956711513 0.0288441025775564 0 0.000238722709357164 0.00280145549566493 0 0 0 0 0 0 0 3.59450032551235e-05 0.000700483897428434 0.0149481495770806 0.0456872224540058 0.0424808402592315 0 0 0.00147665854761064 0 0 0.00163311355472254 0 0 0.0132525559902999 0 0 0 0 0 0 0 0 0 0 0 0 0 0 0 0 0 0 0.000367719137021713 0 0.00213540432043429 0.00103002098000623 0 0.00079768853786521 0 0 0 0
0 0.00208762565260341 0.00763457609577824 0 0.0125099121401511 0.026705154981465 0.015573678567498 0 0.00198636182932417 0.0730128210561108 0.0181774218477276 0.00247749984958893 0.00261752355170136 0.0240640668396983 0.0382249688230289 0.0103132246413206 0.00880445922077991 0 0 0 0 0.000483998405714758 0 0 0.00137448378457298 0 0.00159017477023927 0.00522550443269505 0.0540600559259084 0.0188409727494385 0.00925359927994896 0.0477834075758596 0 0 0.0269742446400315 0 0 0.0231368061344054 0.0017441434534694 0.00145427317014728 0 0 0 0 0 0 0 0 0 0 0 0.000445309924104107 0.000924612151798455 0.00301096844875127 0 0 0 0.000488105635097207 0.0134715475603042 0.00325132662317996 0 0 0 0 0 0
0 0 0 0.00494956356150375 0.0215304922827979 0 0.0334686980021595 0.00198630555886769 0 0.0275581401155214 0.00115564287336657 0.078498456749693 0.125282874824687 0.0155578072880736 0.00122246298707412 0.0026093672161354 0.0211273383568743 0 0 0.000489604405953808 0 0.016186631545926 0 0.00641927690992443 0.000803347681931903 0.0161607882550805 0 0.00237398262698702 0 0 0 0 0 0 0.00229692427856153 0 0 0 0 0 0.00310578323123996 0 0 0 0 0 0 0 0 0 0 0 0 0 0 0 0.000371733406922565 0 0 0 0 0 0 0 0 0
0 0 0.012115465118556 0.00653802392602247 0.0049332942732988 0.0675650962497776 0.0365718914805943 0.0730084184798599 0.0275594824911993 0 0.0259721496545666 0.139683293928546 0.0568768150646991 0.0503638666138408 0.00756103480596081 0.0104730046320933 0.0507896502866634 0.00477207664756482 0 0 0 0 0 0 0.000347179320420531 0 0 0 0 0 0 0.00270229264263917 0 0 0.00389096653799384 0 0 0 0.00102840630576741 0 0 0 0 0 0 0 0 0 0 0 0 0 0 0 0 0 0 0 0.00132899837949198 0 0 0 0 0 0 0
0 0 0 0 0 0.0667956239017989 0 0.0181788633007471 0.00115569737982931 0.0259729206776016 0 0.0379990310473979 0.0198940017909918 0.0635901479442681 0.0881635741305262 0.0245003728794588 0.00267005646913599 0.0139247736817949 0.00179001413474458 0 0 0.00071094160017075 0 0 0 0 0 0 0 0 0 0 0 0 0 0 0 0 0 0 0 0 0 0 0 0 0 0 0 0 0 0 0 0 0 0 0 0 0 0 0 0 0 0 0 0
0 0 0.0363645006226077 0 0.00771689548083074 0.0796742622158629 0.00890150126928212 0.00247729837035562 0.0784962812473851 0.139673904153214 0.0379972937212101 0 0.234590736662737 0.200807684645513 0 0 0 0 0 0 0 0 0 0 0 0 0 0 0 0 0 0 0 0 0 0 0 0 0 0 0 0 0 0 0 0 0 0 0 0 0 0 0 0 0 0 0 0 0 0 0 0 0 0 0 0
0 0.00820699257980164 0.0128263024722845 0 0.0178483357629462 0.0258040228487788 0.0261988864050837 0.00261717505729483 0.125277885824046 0.0568721558273717 0.0198927458181156 0.234608543159151 0 0.0952806788143642 0 0.00388056036950362 0.00445702336303838 0.00939509009959041 0 0.00107929015944189 0 0.00682601840857975 0 0 0.000745068265507338 0.00151161729691573 0.00299692697465015 0.00130212170805317 0 0 0 0 0 0 0 0 0 0.00214092617646159 0 0 0 0 0 0 0 0 0 0 0 0 0 0 0 0 0 0 0 0 0 0 0 0 0 0 0 0
0.034353205957401 0.0493609127659244 0.0440078580452424 0.0130592586680793 0.0139800675860619 0.225677710541574 0.0288403157769503 0.0240625514936258 0.015556313222126 0.0503603197896702 0.0635877805014693 0.200800109456701 0.0952768744723542 0 0.00658159855082639 0.000409969855059977 0.00108189226478815 0 0 0 0.00484450661230194 0.00352183986330043 0 0 0 0.000962637217755765 0.0116065471937325 0.0160257806565933 0.0116911985430318 0 0 0.00379022030640884 0 0 0.00105601587536079 0 0 0.0024063273347936 0.00216466860470963 0.000981593711275665 0 0 0 0 0 0 0 0 0 0 0 0 0 0 0 0 0 0 0.000437291252916678 0 0 0 0 0 0 0
0 0 0 0 0.00234593134800131 0.0451364436667452 0 0.0382275062771091 0.00122260895075734 0.0075614026673921 0.0881672421087539 0 0 0.00658191043629026 0 0.0693437962766846 0.0166990210777503 0 0 0.000603656600023821 0 0 0 0 0.00175392686486936 0 0 0 0 0.0154075126475295 0 0.00169545244602743 0 0 0.00486898265536431 0 0.00195637593468327 0 0 0 0 0 0 0 0 0 0 0 0 0 0 0.00117839734587197 0 0.00111411939128856 0 0 0 0.0004064291743978 0.0016071149244183 0 0 0 0 0 0 0
0 0 0 0 0.000480488285033931 0.0186312527986453 0.000245039025298442 0.0103141938078254 0.00260989164478035 0.0104736919218318 0.0245013180380537 0 0.00388131036797898 0.000409985359236211 0.0693460550488532 0 0.1002412685973 0.0499998397800942 0.00249457722459289 0.0124375695671222 0 0 0 0 0.0158712425195378 0 0 0 0.00129655031664374 0.0398680674921301 0 0.00126929359721393 0.00345674558336889 0 0.00130784844374518 0 0.00801369744830725 0 0 0 0 0 0 0 0 0 0 0 0 0 0 0.000670901432466904 0 0 0 0 0 0 0 0 0 0 0 0 0 0
0 0 0 0 0 0 0.00280192124033172 0.00880547419927976 0.0211296546812344 0.0507951221227086 0.00267029695450016 0 0.00445857128854302 0.00108283835847634 0.0167000011096657 0.100245548560617 0 0.0915815492946022 0 0.0666798147954176 0 0 0 0 0.0520937947203805 0 0 0 0 0.00971550991453765 0 0 0.00591659029201663 0 0 0 0 0 0 0 0 0.00197316997909276 0 0 0 0 0.000932970426043268 0 0 0.00464402830842298 0 0 0 0 0 0 0.00133307781502052 0 0 0.00186786120874788 0 0 0 0 0 0
0 0 0 0 0 0 0 0 0 0.00478657250025894 0.0139253965473061 0 0.0093962690346899 0 0 0.0500038849060251 0.0915867271779964 0 0.0902689143149226 0.0728488229475266 0 0.00452266846750094 0 0 0.0484838247773094 0 0 0 0 0 0 0 0 0 0 0 0 0 0 0 0 0.00140613104034973 0 0 0 0 0.00116188161379524 0 0 0.00348732183448072 0 0 0 0 0 0 0 0 0 0 0 0 0 0 0 0
0 0 0 0 0 0 0 0 0 0 0.00179065575535394 0 0 0 0 0.0024948884165364 0 0.0902714759550565 0 0.0604933808089416 0.174673565062481 0.0532017035110123 0 0 0.0079461781066465 0 0 0 0 0.00496918875637216 0 0 0 0 0 0 0 0 0 0 0 0 0 0 0 0 0 0 0 0 0 0 0 0 0 0 0 0 0 0 0 0 0 0 0 0
0 0 0 0.0158255234179348 0 0 0 0 0.000490989729013425 0 0 0 0.00108072044015862 0 0.000603796069124724 0.0124389820713815 0.0666827056153984 0.0728459392359813 0.0604911822726999 0 0.050996858962346 0.00875217642173411 0 0.0061911405234818 0.0358552735641064 0.00962264448975233 0 0 0 0 0 0 0 0.00116805355280461 0 0 0 0 0 0 0.00341665404994901 0.00278534033799005 0 0.00272556956108329 0 0.0026255472618659 0.00578451637462674 0.00171803903215263 0 0 0 0 0 0 0 0 0 0 0 0 0 0 0 0 0 0
0 0 0 0 0 0 0 0 0 0 0 0 0 0.00484476025266885 0 0 0 0 0.174679703713583 0.0509985465840718 0 0.161203914785987 0 0 0.00993563642353101 0 0 0 0 0 0 0 0 0 0 0 0 0 0 0 0 0 0 0 0 0 0 0 0 0 0 0 0 0 0 0 0 0 0 0 0 0 0 0 0 0
0 0 0 0.0570753739818334 0.00204500853117528 0 0 0.000484167284559261 0.016187269959876 0 0.000711081433243211 0 0.00682683574299312 0.00352199071080084 0 0 0 0.00452277783130759 0.053203318638128 0.00875242173489364 0.161208273269523 0 0 0 0.00038736784210094 0.125893587172959 0.00139271892854958 0.00411960822613066 0 0 0 0 0 0 0 0 0 0 0 0 0.026080645849381 0.000372788877515425 0 0 0.00102055161479529 0 0.000643871175204675 0 0 0 0 0 0 0 0 0 0 0 0 0 0 0 0.018379323711678 0 0 0
0.0629521327940674 0.0941308134819692 0 0 0 0 0 0 0 0 0 0 0 0 0 0 0 0 0 0 0 0 0 0.181513552197172 0.122598534088626 0.0165075376670643 0.0457757025721436 0.0767220191053747 0 0 0.300203465006967 0.129162059778508 0.237684747834913 0.0301853552680762 0.009756519770774 0.0472469776685239 0.00780803255804617 0 0.00752435488273 0.0192527211980192 0 0.00195897369123477 0.026958706429778 0.196618926758646 0 0 0.00306052717350128 0 0 0 0 0 0 0 0 0 0.00274369224999511 0 0 0.00472675884243626 0 0 0 0 0.0140337050151769 0
0 0.00439718897999582 0 0.116041798118299 0 0 0 0 0.00641944084492001 0 0 0 0 0 0 0 0 0 0 0.00619098699689026 0 0 0.181518704707244 0 0.0644598850886287 0.267432966969784 0.0211940415329615 0.0106840807846912 0 0 0.117662046186822 0.0509540462838705 0.0419852815875864 0 0.00564228208592368 0 0 0 0 0.0064487689750085 0.0496315387938012 0 0.177253314198452 0.0285757366960551 0 0 0 0 0 0 0 0 0 0 0 0 0 0 0 0 0 0 0 0 0 0
0.00227017415012586 0.00374300456842127 0 0.026570778004384 0 0 4.48816126075268e-05 0.00137517119341768 0.000803480222953093 0.000347442274572187 0 0 0.000745819694596777 0 0.00175403776849669 0.0158718815780902 0.0520954016955871 0.0484816404363468 0.0079457898844031 0.0358537750616129 0.00993535179919925 0.000387351425617229 0.122602466616219 0.0644619060931089 0 0.0182585694929668 0.00301523269358269 0.00224382645909741 0.000793359934555485 0.0239172337113642 0.0146188686232854 0.0138199994035711 0.0512899917257424 0.0196744140172162 0.00361019003442377 0.00253993266725047 0.017071508176136 0 0 0.000325466420377058 0.00908131602420376 0.0306421188094346 0.0057539113358012 0.0399177625321263 0.000551821565232586 0.00555098749821678 0.0193933585219292 0.000745051340983458 0.00064340943546144 0.00308441961559717 0.000463249973777843 0 0 0.0010175985893434 0 0 0.000998688716344066 0.00492956893190636 0 0.00279687136094881 0 0 0.0505064433623049 0 0 0
0 0 0 0.208486149392153 0 0 0.000701667932792918 0 0.016161432657821 0 0 0 0.00151173214636007 0.000962706798288106 0 0 0 0 0 0.00962306850619194 0 0.125889876217934 0.0165086361324503 0.267457628175729 0.0182592199387257 0 0.00117729517025807 0 0 0 0.0181625301162981 0.0144930596917465 0 0 0 0 0 0 0 0 0.185307193063665 0.00583578144559748 0.125612795888088 0 0.0186123591007554 0 0.00353006776847726 0 0 0 0 0 0 0 0 0 0 0 0 0 0 0 0.113511954280481 0 0 0
0 0.0506498601007486 0.0274019692136619 0.0266385140472367 0.0523146233119464 0 0.0149474775153588 0.00158994154251177 0 0 0 0 0.00299761801619568 0.0116074367358868 0 0 0 0 0 0 0 0.00139114399632669 0.0457737584266534 0.0211838569633293 0.00301374797523477 0.00117663705771399 0 0.245174326661264 0.12998317127942 0 0.112689671300885 0.0676753108262317 0.0102906922557772 0 0.0140523080541366 0 0 0.0714258327601663 0.0755655278893426 0.0518470955001949 0 0.000372196887303554 0 0 0 0 0 0 0 0 0 0 0 0 0 0 0 0 0 0.0083375459309963 0 0.00118142885802592 0 0 0 0
0 0.00629674608840568 0.0445825422578212 0.0479068235789068 0.00535862891842827 0 0.0456884420212575 0.00522531232521162 0.00237410170566679 0 0 0 0.00130306328471675 0.0160274797026283 0 0 0 0 0 0 0 0.00411806618645763 0.0767183040852802 0.0106835857950081 0.00224355975063902 0 0.245183241849872 0 0.358335271025118 0 0.0881610680060703 0.11863283729007 0.0129071546929911 0 0.0152696356602976 0 0.00293883545903553 0.106013706952165 0.104964383852843 0.0725648904033717 0 0 0 0 0 0 0 0 0 0 0 0 0.0011672968222061 0.00359797413022835 0 0 0 0 0.000915736569269719 0.0134617492547941 0 0 0 0 0 0
0 0.0061539629132983 0.00985554451615246 0 0.00392342686503013 0.014871445744499 0.0424820835682372 0.0540586452477826 0 0 0 0 0 0.0116928354334972 0 0.00129442800543451 0 0 0 0 0 0 0 0 0.000790358080865273 0 0.129987368188477 0.358352018234343 0 0 0.121961627466582 0.132337328923117 0 0 0.0255491252394246 0.0112189593756646 0 0.257131467282046 0.072469061096799 0.0056279433234901 0 0 0 0 0 0 0 0 0 0 0 0 0 0 0 0 0 0 0.0140410141936282 0.0164251706458155 0 0 0 0 0 0
0 0 0 0 0 0 0 0.0188415772551378 0 0 0 0 0 0 0.0154093700080234 0.0398668828919808 0.00971527159609704 0 0.00496895370421663 0 0 0 0 0 0.0239161141847334 0 0 0 0 0 0 0.0514484689501402 0.223250672635581 0.10100511921215 0.0393451554135421 0 0.169542850398817 0 0 0 0 0.00341581341429709 0 0.00622816393248541 0 0 0 0 0 0 0.000879933305258735 0.0178303801523783 0 0 0 0 0.00487832238252234 0 0.00988806856668499 0.0124222984396298 0 0 0 0 0 0
0.0159250760336888 0.0496037094850692 0 0 0.00554376735590279 0 0 0.00925399999546114 0 0 0 0 0 0 0 0 0 0 0 0 0 0 0.30019386646891 0.117621367743618 0.0146175243107333 0.0181581677933809 0.1126959882941 0.0881644107325071 0.121965939638746 0 0 0.247952199795671 0.275401896063641 0.0914845198685474 0.0706456527384954 0.209786022479735 0 0.00325750231130893 0.0152620388752172 0.0064665686204784 0 0.000669929572853586 0 0.0110030881969465 0 0 0 0 0 0 0 0 0 0 0 0 0 0 0.00145401103404025 0 0 0.0309885175206071 0 0 0.0198842441990479 0
0.00530399315443857 0.00998323104051867 0 0.00774817021722592 0.00541625792242767 0.00824715406473207 0.0014767536901532 0.0477818105357468 0 0.00270211204017932 0 0 0 0.00379062274624352 0.00169541169518844 0.00126894946101241 0 0 0 0 0 0 0.129152220554558 0.0509501352542335 0.0138183090993282 0.0144898000800887 0.0676780116978436 0.118636775565062 0.132341023455111 0.0514463249372803 0.247942402887121 0 0.120861618795906 0.0284408232740923 0.142741684046697 0.0738612648955362 0.00957074703159213 0.0232008403363209 0.00727332027844655 0.00967532873515905 0.00175460361477738 0.00430079055509562 0.00721348927877114 0.0359207026334699 0 0 0 0 0 0 0 0.00531196766615169 0.000388314242400096 0.00129033321646444 0 0.000646021709990611 0.00101020485912548 0.00225564634625531 0.0394436192352765 0.00156472569586753 0 0.00279233891816386 0 0 0.00346747805183966 0
0 0.0082125094148616 0 0 0 0 0 0 0 0 0 0 0 0 0 0.00345661781347792 0.00591647171819817 0 0 0 0 0 0.237677531844813 0.0419833760821129 0.0512882797321944 0 0.0102912470950834 0.0129076452930939 0 0.223241636176145 0.275412488814179 0.120866085184866 0 0.183782371431899 0.0357687595095379 0.213695427333658 0.0613674194134338 0 0 0 0 0.00376872268363929 0 0.0117397836049371 0 0 0 0 0 0 0.00126365695867015 0.00185506958424486 0 0 0 0 0.00740158152628451 0 0.00169708086877718 0.0253701752637207 0 0.0381771774073517 0 0 0.0110532175666656 0
0 0 0 0 0 0 0 0 0 0 0 0 0 0 0 0 0 0 0 0.00116442362911448 0 0 0.0301823687992469 0 0.0196729722688701 0 0 0 0 0.100995804648465 0.0914791378806951 0.0284387567650002 0.183775737969818 0 0.116319541263024 0.311454290885088 0.250553707389536 0.00510332443197253 0.00468282609315999 0.0026844659125493 0 0.059138075809083 0 0.10623097121065 0 0 0 0 0 0 0 0.00378006255106925 0 0 0 0 0.00862494920664832 0 0.00400949433378071 0.0264454993401686 0 0.0411632231619403 0 0 0.0256236004079304 0
0 0 0.00278771902015769 0 0 0 0.00162716745824392 0.0269702642005812 0.00229632852763169 0.00389028629551083 0 0 0 0.00105594862072506 0.00486872245050402 0.0013077340181011 0 0 0 0 0 0 0.00975276194932012 0.00563930964871898 0.00360896065743667 0 0.0140513698540189 0.0152689407859723 0.0255468594721505 0.0393414600513334 0.0706422478647443 0.142733200569346 0.0357644461551171 0.116314561685768 0 0.184730439750959 0.0844154915893675 0.139836775920873 0.0662678887855208 0.0266641908717169 0.0106524917761918 0.0161139579145765 0.0276340520043156 0.0805684192974927 0 0.00446679498605237 0 0 0 0 0.00144722188044073 0.0038419366485097 0.00129262088873832 0.000888490703581797 0 0 0.00652273020355752 0.00462398029561599 0.0598196517345706 0.00298648267166949 0 0.00416271935091255 0 0 0.0198647915672896 0
0 0 0 0 0 0 0 0 0 0 0 0 0 0 0 0 0 0 0 0 0 0 0.0472431829299532 0 0.00253941309638492 0 0 0 0.0112182829490815 0 0.209774445651445 0.073857540897016 0.213686963985773 0.311445498213417 0.18473655919644 0 0.0574492221924624 0.0564523850549212 0.0346780628985877 0.043396668099255 0.0137644552203419 0.00830291509847769 0.061298956548523 0.16265377124093 0 0 0 0 0 0 0 0 0 0 0 0 0 0.00409636325150842 0.00505775676561783 0 0 0.028419377577778 0 0 0.0578362413196317 0
0 0 0 0 0 0 0 0 0 0 0 0 0 0 0.00195600514891571 0.00801293514728105 0 0 0 0 0 0 0.00780767885054802 0 0.0170700579823371 0 0 0.00293825996411888 0 0.169527996014617 0 0.00956856854657639 0.0613641016667811 0.250565695015906 0.0844195707235513 0.0574507527100719 0 0 0 0 0 0.0318798046289007 0 0.0504143128108565 0 0 0 0 0 0 0.0407942870762332 0.0297166100297229 0 0 0 0 0.00298431943006209 0 0.0027444703255861 0.0160462913752289 0 0 0 0 0 0
0 0 0.0191706922852156 0.00641828749181845 0 0 0.013232926051867 0.023133723181225 0 0 0 0 0.00213744616475136 0.00240584741883946 0 0 0 0 0 0 0 0 0 0 0 0 0.0714207531068721 0.106009454290989 0.257106790891289 0 0.00325452309348951 0.0231972719957112 0 0.0051029860106939 0.139830811116982 0.0564506082241065 0 0 0.253432190923635 0.0678823737636503 0 0.00100432225513945 0 0 0 0 0 0.00461457904488983 0 0 0 0 0.017988997540221 0.010125821209911 0.00552297605701939 0.00373266725738654 0 0.0099481335137365 0.0464087085550978 0.0473795822876137 0 0.00322685554897248 0 0 0 0
0.0113223155165843 0.00681971997319436 0 0 0 0 0 0.00174410576810439 0 0.00102807244184485 0 0 0 0.00216436404151238 0 0 0 0 0 0 0 0 0.00752347348227104 0 0 0 0.0755620859761423 0.104960823035756 0.072466557144813 0 0.0152610859980906 0.00727296540435405 0 0.00468238309491771 0.0662655622463716 0.0346771164461285 0 0.253404313001808 0 0.229825500787019 0 0.000895335850975498 0 0.00432776553337832 0 0 0 0 0 0 0 0 0.00259099013947958 0.00321768582602423 0.0114338001073347 0 0 0.00212366023700698 0 0.0309175243193427 0 0.00606735127555856 0 0 0.00668081939613629 0
0 0 0.00423174241755605 0 0 0 0 0.0014541189008229 0 0 0 0 0 0.000981567700735618 0 0 0 0 0 0 0 0 0.0192460953364001 0.00643396529240567 0.000325337123963068 0 0.0518446341171176 0.0725614919624052 0.00562689426504945 0 0.00646599363377182 0.00967428388548549 0 0.00268419735822918 0.02666327691648 0.0433944390297171 0 0.0678803862073678 0.229817218686373 0 0 0.00156680000211977 0 0.00516413994159918 0 0 0.000995601158181284 0 0 0 0 0 0.00141309732142073 0.00253369583245227 0 0 0.000859260944284764 0.00100849707350098 0 0.0190834122469117 0 0.0344930668264336 0 0 0.0358338583577021 0
0 0 0 0.150330277917784 0 0 0 0 0.00310545931402066 0 0 0 0 0 0 0 0 0 0 0.00341637912541803 0 0.0260792491216307 0 0.049629598849421 0.00908091177160348 0.185298761182592 0 0 0 0 0 0.00175380431007025 0 0 0.0106543022420778 0.0137664795906254 0 0 0 0 0 0.0109901331562803 0.353765307573127 0.0289204413169047 0.0950724313598123 0 0.0131230918704914 0 0 0 0 0 0 0 0 0 0 0.00169453312127137 0 0 0 0 0.222777593945632 0 0 0
0 0 0 0.0185645153983552 0 0 0 0 0 0 0 0 0 0 0 0 0.00197306917435619 0.00140603923303927 0 0.00278457991785436 0 0.000372763260859978 0.00195863536419954 0 0.0306400507267898 0.0058352740948165 0.000372117519172974 0 0 0.00341530058669554 0.000669713056745833 0.00430015706607984 0.00376837010525531 0.0591403514424508 0.0161163817848889 0.00830321176734365 0.0318812529844718 0.00100434814413544 0.000895366740920515 0.00156686547521803 0.0109897063554783 0 0.0438017893727759 0.104696176699405 0.000729235322454186 0.00941315719621051 0.0338845834799992 0.0105523732112675 0.0373570786145247 0.0319394535985694 0.0191826605947822 0.000952319825853242 0 0.000251307337007674 0 0 0 0.00386430804496563 0.000688287037064685 0.00232212434580237 0 0 0.0233361008962439 0 0 0.00346881825316073
0 0 0 0 0 0 0 0 0 0 0 0 0 0 0 0 0 0 0 0 0 0 0.0269579362602471 0.177243052424906 0.0057536384709296 0.125605989833207 0 0 0 0 0 0.00720797963905654 0 0 0.0276408588964677 0.0613070648868378 0 0 0 0 0.353737035076615 0.0438000002482151 0 0.225163510322797 0.0308019531102714 0.0180236651992536 0.0036925214200442 0 0 0 0 0 0 0 0 0 0 0.0200136756868206 0 0 0 0 0 0 0 0
0 0 0 0.0399847146916928 0 0 0 0 0 0 0 0 0 0 0 0 0 0 0 0.00272306673717154 0 0 0.196610712914751 0.0285748961772732 0.0399133291112391 0 0 0 0 0.00622706021287668 0.0110011482764685 0.0359167166201588 0.0117386146926444 0.106236796326611 0.0805799844319587 0.162668331712121 0.0504089826582901 0 0.00433603626442665 0.0051645810697939 0.02891683503385 0.104690881196788 0.225157800332138 0 0 0 0.00987125972781676 0 0 0 0 0 0 0 0 0 0 0.00658957392814925 0 0 0 0 0 0 0 0
0 0 0 0 0 0 0 0 0 0 0 0 0 0 0 0 0 0 0 0 0 0.00102041714339325 0 0 0.00055164283043692 0.0186097855518962 0 0 0 0 0 0 0 0 0 0 0 0 0 0 0.0950751409799062 0.000729316964771833 0.0308028512843296 0 0 0.130791780402906 0.0332646823858007 0.0296350195495147 0 0 0 0 0 0.000837038189239655 0 0 0 0.00876817747905071 0 0 0 0.00298708621864323 0.142423970342268 0 0 0.010796492815083
0 0 0 0 0 0 0 0 0 0 0 0 0 0 0 0 0 0 0 0.00262521252430629 0 0 0 0 0.00554824946027921 0 0 0 0 0 0 0 0 0 0.00447578375952306 0 0 0 0 0 0 0.0094134866317519 0.018024178470904 0 0.130787976589725 0 0.0555826485729375 0.177770438397554 0.00579058866432188 0 0 0 0 0 0 0 0 0.00511935029218381 0 0.00174973673697854 0 0 0 0 0 0
0 0 0 0.0181754025440521 0 0 0 0 0 0 0 0 0 0 0 0 0.000932751324797555 0.00116145133362208 0 0.00578287994250386 0 0.000643752129753856 0.00305983882712807 0 0.0193904701519477 0.00352947582556676 0 0 0 0 0 0 0 0 0 0 0 0 0 0.00099565444050259 0.0131227473685657 0.0338860637297856 0.0036939310249199 0.00987154695925477 0.0332636597498553 0.0555806464038033 0 0.0744682396273553 0.0406972426437763 0.0479641320850512 0.00460677357084467 0 0.00108745969608263 0.0182497360934157 0.00163658803204162 0.000793968173935108 0.0149123161646383 0.0167324862090449 0.000713027912304583 0 0 0.00226625853815934 0.0627365182834889 0 0 0
0 0 0 0 0 0 0 0 0 0 0 0 0 0 0 0 0 0 0 0.00171757326782282 0 0 0 0 0.000744619002206488 0 0 0 0 0 0 0 0 0 0 0 0 0.00461483870957983 0 0 0 0.0105532018282948 0 0 0.0296338482967151 0.177756582248869 0.0744716890112906 0 0.143399444945086 0 0 0.00294927440343185 0.00134909438249047 0.048836922612121 0.00798039630144436 0 0.000771177628920928 0.00708258065359524 0 0.00230997205016015 0 0.00246293271644366 0 0 0 0
0 0 0 0 0 0 0 0 0 0 0 0 0 0 0 0 0 0 0 0 0 0 0 0 0.000643221610661946 0 0 0 0 0 0 0 0 0 0 0 0 0 0 0 0 0.0373583818281767 0 0 0 0.00579016793114887 0.040698968554156 0.143394143802306 0 0.0740072559652085 0.0381157042844188 0 0.0139062521939975 0.0527080284642098 0.0169119683621649 0.0125899985568423 0.00965563937440995 0.0016493587806912 0 0 0 0 0 0 0 0
0 0 0 0 0 0 0 0 0 0 0 0 0 0 0 0 0.00464382623537507 0.00348519097896404 0 0 0 0 0 0 0.00308427093457948 0 0 0 0 0 0 0 0 0 0 0 0 0 0 0 0 0.0319384168939347 0 0 0 0 0.0479624918194949 0 0.0740041663766819 0 0.106099442163263 0.00362282626856476 0 0.0126609827668658 0.00786291196653383 0 0.0355171045459701 0.0084719381309949 0.00511790739026927 0 0 0 0 0 0 0
0 0 0 0 0 0 0 0 0 0 0 0 0 0 0 0 0 0 0 0 0 0 0 0 0.000463233939510451 0 0 0 0 0.000879875775097559 0 0 0.00126338246258855 0 0.00144728118202308 0 0.0407956481681972 0 0 0 0 0.0191817963956926 0 0 0 0 0.00460612299797927 0 0.0381140650173213 0.106095658740427 0 0.101920048400561 0.00703138141397476 0.00345885926784432 0 0.024965148864968 0.0185363218352835 0.00331861355470005 0.00579504816499737 0.000636513923087306 0.00438783904214239 0 0 0 0 0
0 0 0 0 0 0 0 0.000445288492557146 0 0 0 0 0 0 0.0011781860825142 0.000670855896614372 0 0 0 0 0 0 0 0 0 0 0 0 0 0.0178289784678561 0 0.00531156047607922 0.00185498691506157 0.00377990227626325 0.0038420838112063 0 0.0297145437094704 0 0 0 0 0.000952026312850902 0 0 0 0 0 0.00294694025650646 0 0.00362260354253525 0.101915512944633 0 0.00662057410642601 0 0 0.105692550922215 0.0139736909226071 0 0.0317027547359932 0 0.0300247132303274 0 0 0 0 0
0 0 0 0 0 0 0 0.000924533221788672 0 0 0 0 0 0 0 0 0 0 0 0 0 0 0 0 0 0 0 0.00116713347567263 0 0 0 0.000388163289529931 0 0 0.0012922648632995 0 0 0.0179865706197638 0.00259084028087658 0.00141297760309895 0 0 0 0 0 0 0.00108728733218563 0.00134890604814852 0.0139050825142216 0 0.00703100270297675 0.00662027958234734 0 0.0398505977719797 0.187405497536147 0.109767116313091 0.0404172426467461 0.014160841995893 0.030700926013566 0.023490823421399 0.296381550762468 0.0218542647263908 0 0.00528094390923767 0.0152071336793405 0.0248037317655445
0 0 0 0 0 0 0 0.00301035193342196 0 0 0 0 0 0 0.0011139969379923 0 0 0 0 0 0 0 0 0 0.00101736120134433 0 0 0.00359714845488242 0 0 0 0.00129009194598095 0 0 0.000888462425224473 0 0 0.0101242319804035 0.00321718030346959 0.00253362205207293 0 0.000251192499021138 0 0 0.000836947275606055 0 0.0182414275726965 0.0488126685765421 0.0527036203660266 0.0126577995490753 0.00345788943648984 0 0.0398518422712684 0 0.156671270191553 0.0416436235724378 0.0830959971784495 0.060604234102414 0.0269504442028963 0.00940706965575795 0 0.0150325886864859 0 0.0228128452211817 0 0.00970375187685459
0 0 0 0 0 0 0 0 0 0 0 0 0 0 0 0 0 0 0 0 0 0 0 0 0 0 0 0 0 0 0 0 0 0 0 0 0 0.0055227098708255 0.011433040429998 0 0 0 0 0 0 0 0.00163604238643807 0.00798018674005833 0.016911263040371 0.00786239935875898 0 0 0.187414605157941 0.156662780125866 0 0.0656318436308684 0.0812443558569355 0.118750670896469 0.0118453026098599 0.0125556182284168 0.0643385339726812 0.0645320710641282 0 0 0 0
0 0 0 0 0 0 0 0 0 0 0 0 0 0 0 0 0 0 0 0 0 0 0 0 0 0 0 0 0 0 0 0.000645733175771494 0 0 0 0 0 0.00373275976539162 0 0 0 0 0 0 0 0 0.000793831393403541 0 0.0125897164236801 0 0.0249640927170846 0.10568884386408 0.109771904445203 0.0416453827270291 0.0656338625417695 0 0.0391286626509191 0.00413894248634766 0.0414689511794951 0.00574840446521037 0.193922729008996 0.0115951755137292 0 0 0 0
0 0 0 0 0 0 0.000367523452879909 0 0.000371025203652083 0 0 0 0 0 0 0 0.001333046292444 0 0 0 0 0 0.00274312057460069 0 0.000998617733472403 0 0 0 0 0.00487821154949412 0 0.00101010328124415 0.00740139098815993 0.00862463731903546 0.00652319459424612 0 0.00298424359856599 0 0 0.00085935175596972 0 0 0 0 0 0 0.0149035063780277 0.000769376772427079 0.00965493906280467 0.0355149811874369 0.0185322228857545 0.013973011378435 0.0404191128348921 0.0831001727048901 0.081247663352124 0.0391268959418534 0 0.0452993840699911 0.0802972057323052 0.0274856221551727 0.0273027191932217 0.0218526122871465 0 0 0.00492692714389303 0
0 0 0 0 0 0 0 0.000487782637578983 0 0 0 0 0 0 0.000406227937407675 0 0 0 0 0 0 0 0 0 0.00492716305689508 0 0 0 0 0 0 0.00225438399087607 0 0 0.00461972800931448 0.00409528332420878 0 0.00994736767401384 0.00212357961978271 0.00100840467477254 0.00169445867605095 0.00386405679126908 0.0200110218592891 0.00658488840528951 0.00876769822389985 0.00511812821464675 0.0166579634810027 0.00708084121781037 0.00164916247721744 0.00847042000003971 0.00331831081912331 0 0.0141612804641059 0.0606067004614538 0.11875489313187 0.00413817826323687 0.0452963798970101 0 0.0185436185292115 0.0212948914406495 0 0.0309769921114834 0.118562186357304 0 0 0
0 0 0 0 0 0 0.0021346161403195 0.0134702193376867 0 0.00132867948675658 0 0 0 0.000437255338025776 0.00160706369711835 0 0 0 0 0 0 0 0 0 0 0 0 0.000915103695447612 0.0140375214686187 0.00988554794467578 0.0014538768301731 0.0394412520341477 0.00169692082603897 0.00400928530957697 0.0598215815882798 0.00505709651038003 0.0027443925974295 0.0464103416854448 0 0 0 0.000688026569043219 0 0 0 0 0.000713004831539787 0 0 0.00511706138247543 0.00578904992032169 0.0317016735214371 0.0307031345090425 0.0269522913223184 0.011846305931613 0.0414671212280387 0.0803042550802932 0.0185453946708212 0 0.0217317735119162 0.0596015063277499 0.00798836514389276 0 0 0 0
0 0 0.00518793779701521 0 0.000859765452710993 0 0.00102992716329809 0.00324866947274247 0 0 0 0 0 0 0 0 0.00186780791222699 0 0 0 0 0 0.00472647932830496 0 0.0027964985953839 0 0.0083367942972829 0.0134604064963852 0.0164234947527473 0.012421824927268 0 0.00156460438279831 0.0253687225350865 0.0264446769093857 0.00298635728550727 0 0.0160456260760102 0.0473773320383191 0.0309165667926369 0.0190841743559218 0 0.00232195145897963 0 0 0 0.00174553880025905 0 0.00230535989250657 0 0 0.000636460280177106 0 0.0234936030808727 0.00940755821220778 0.0125569183392324 0.00574821953104066 0.0274845584768108 0.0212960671785111 0.0217303600203517 0 0.00669530471661776 0.0451063073542452 0 0 0 0
0 0 0 0 0 0 0 0 0 0 0 0 0 0 0 0 0 0 0 0 0 0 0 0 0 0 0 0 0 0 0 0 0 0 0 0 0 0 0 0 0 0 0 0 0 0 0 0 0 0 0.00438773451403486 0.0300235884185675 0.296368003818576 0 0.0643358649870463 0.193916459024225 0.0273019449771128 0 0.0595966671734898 0.00669494757716167 0 0 0 0 0 0
0 0 0 0 0 0 0.00079764758437635 0 0 0 0 0 0 0 0 0 0 0 0 0 0 0 0 0 0 0 0.00118124156437309 0 0 0 0.0309868447043535 0.00279222259788766 0.0381743488612514 0.0411616286130175 0.00416249246850699 0.0284180595278722 0 0.00322663849785325 0.00606718327061916 0.0344920288720901 0 0 0 0 0.00298696524390823 0 0.00226608431548867 0.00245571103304337 0 0 0 0 0.0218555283855803 0.0150332771473888 0.0645337979635859 0.0115946872916044 0.0218516097895441 0.03097801966931 0.00798792249027879 0.0451042791646084 0 0 0.0161903984456837 0 0.0104803262607219 0
0 0 0 0.477659362110493 0 0 0 0 0 0 0 0 0 0 0 0 0 0 0 0 0 0.0183779608381001 0 0 0.0505035308539857 0.113507019538287 0 0 0 0 0 0 0 0 0 0 0 0 0 0 0.222783175121525 0.023336599366709 0 0 0.142420086956602 0 0.0627384460405466 0 0 0 0 0 0 0 0 0 0 0.118567465367599 0 0 0 0.0161918348650745 0 0 0 0
0 0 0 0 0 0 0 0 0 0 0 0 0 0 0 0 0 0 0 0 0 0 0 0 0 0 0 0 0 0 0 0 0 0 0 0 0 0 0 0 0 0 0 0 0 0 0 0 0 0 0 0 0.00528108477835379 0.0228134386858416 0 0 0 0 0 0 0 0 0 0 0 0
0 0 0 0 0 0 0 0 0 0 0 0 0 0 0 0 0 0 0 0 0 0 0.0140292077335546 0 0 0 0 0 0 0 0.0198835753032347 0.00346723661289219 0.0110529367363945 0.0256199749754441 0.0198640576690124 0.0578330074563508 0 0 0.00668035609638013 0.035832722638268 0 0 0 0 0 0 0 0 0 0 0 0 0.0152075257407871 0 0 0 0.00492675418165369 0 0 0 0 0.010480039438145 0 0 0 0
0 0 0 0 0 0 0 0 0 0 0 0 0 0 0 0 0 0 0 0 0 0 0 0 0 0 0 0 0 0 0 0 0 0 0 0 0 0 0 0 0 0.00346846023001557 0 0 0.0107960035733303 0 0 0 0 0 0 0 0.0248043764759205 0.00970410541576093 0 0 0 0 0 0 0 0 0 0 0 0
