1.000000000000000000e+00 5.018925000000000000e+06
1.600000000000000000e+01 1.048200000000000000e+04
1.500000000000000000e+01 1.031300000000000000e+04
1.700000000000000000e+01 1.011400000000000000e+04
1.400000000000000000e+01 9.402000000000000000e+03
1.800000000000000000e+01 8.863000000000000000e+03
1.300000000000000000e+01 7.886000000000000000e+03
1.900000000000000000e+01 7.058000000000000000e+03
1.200000000000000000e+01 6.362000000000000000e+03
2.000000000000000000e+01 5.425000000000000000e+03
1.100000000000000000e+01 4.647000000000000000e+03
2.100000000000000000e+01 3.963000000000000000e+03
2.000000000000000000e+00 3.589000000000000000e+03
1.000000000000000000e+01 3.083000000000000000e+03
2.200000000000000000e+01 2.566000000000000000e+03
9.000000000000000000e+00 2.185000000000000000e+03
2.300000000000000000e+01 1.721000000000000000e+03
8.000000000000000000e+00 1.441000000000000000e+03
3.000000000000000000e+00 1.317000000000000000e+03
2.400000000000000000e+01 9.680000000000000000e+02
7.000000000000000000e+00 9.110000000000000000e+02
4.000000000000000000e+00 7.610000000000000000e+02
6.000000000000000000e+00 6.630000000000000000e+02
5.000000000000000000e+00 6.540000000000000000e+02
2.500000000000000000e+01 5.940000000000000000e+02
2.600000000000000000e+01 3.360000000000000000e+02
2.700000000000000000e+01 1.430000000000000000e+02
2.800000000000000000e+01 7.200000000000000000e+01
2.900000000000000000e+01 2.500000000000000000e+01
3.000000000000000000e+01 1.100000000000000000e+01
3.100000000000000000e+01 3.000000000000000000e+00
3.300000000000000000e+01 1.000000000000000000e+00
3.200000000000000000e+01 1.000000000000000000e+00

1.000000000000000000e+00 5.024222000000000000e+06
1.500000000000000000e+01 1.032800000000000000e+04
1.600000000000000000e+01 1.031000000000000000e+04
1.400000000000000000e+01 9.611000000000000000e+03
1.700000000000000000e+01 9.603000000000000000e+03
1.800000000000000000e+01 8.412000000000000000e+03
1.300000000000000000e+01 8.232000000000000000e+03
1.900000000000000000e+01 6.885000000000000000e+03
1.200000000000000000e+01 6.481000000000000000e+03
2.000000000000000000e+01 5.267000000000000000e+03
1.100000000000000000e+01 4.733000000000000000e+03
2.100000000000000000e+01 3.820000000000000000e+03
2.000000000000000000e+00 3.739000000000000000e+03
1.000000000000000000e+01 3.311000000000000000e+03
2.200000000000000000e+01 2.725000000000000000e+03
9.000000000000000000e+00 2.239000000000000000e+03
2.300000000000000000e+01 1.693000000000000000e+03
8.000000000000000000e+00 1.417000000000000000e+03
3.000000000000000000e+00 1.334000000000000000e+03
2.400000000000000000e+01 1.060000000000000000e+03
7.000000000000000000e+00 1.012000000000000000e+03
4.000000000000000000e+00 7.900000000000000000e+02
6.000000000000000000e+00 7.360000000000000000e+02
5.000000000000000000e+00 6.230000000000000000e+02
2.500000000000000000e+01 5.920000000000000000e+02
2.600000000000000000e+01 3.780000000000000000e+02
2.700000000000000000e+01 1.930000000000000000e+02
2.800000000000000000e+01 1.060000000000000000e+02
2.900000000000000000e+01 5.100000000000000000e+01
3.000000000000000000e+01 2.000000000000000000e+01
3.100000000000000000e+01 5.000000000000000000e+00
3.200000000000000000e+01 4.000000000000000000e+00
3.400000000000000000e+01 2.000000000000000000e+00
3.300000000000000000e+01 1.000000000000000000e+00

1.000000000000000000e+00 5.044158000000000000e+06
1.600000000000000000e+01 1.011000000000000000e+04
1.500000000000000000e+01 1.006500000000000000e+04
1.400000000000000000e+01 9.611000000000000000e+03
1.700000000000000000e+01 9.304000000000000000e+03
1.300000000000000000e+01 8.270000000000000000e+03
1.800000000000000000e+01 8.030000000000000000e+03
1.200000000000000000e+01 6.963000000000000000e+03
1.900000000000000000e+01 6.519000000000000000e+03
1.100000000000000000e+01 5.348000000000000000e+03
2.000000000000000000e+01 4.948000000000000000e+03
2.000000000000000000e+00 3.976000000000000000e+03
1.000000000000000000e+01 3.720000000000000000e+03
2.100000000000000000e+01 3.615000000000000000e+03
9.000000000000000000e+00 2.528000000000000000e+03
2.200000000000000000e+01 2.506000000000000000e+03
2.300000000000000000e+01 1.659000000000000000e+03
8.000000000000000000e+00 1.655000000000000000e+03
3.000000000000000000e+00 1.370000000000000000e+03
7.000000000000000000e+00 1.080000000000000000e+03
2.400000000000000000e+01 1.044000000000000000e+03
4.000000000000000000e+00 8.610000000000000000e+02
6.000000000000000000e+00 8.130000000000000000e+02
5.000000000000000000e+00 7.250000000000000000e+02
2.500000000000000000e+01 5.900000000000000000e+02
2.600000000000000000e+01 3.690000000000000000e+02
2.700000000000000000e+01 1.740000000000000000e+02
2.800000000000000000e+01 8.400000000000000000e+01
2.900000000000000000e+01 4.900000000000000000e+01
3.000000000000000000e+01 2.500000000000000000e+01
3.100000000000000000e+01 7.000000000000000000e+00
3.200000000000000000e+01 5.000000000000000000e+00
3.300000000000000000e+01 3.000000000000000000e+00
3.400000000000000000e+01 2.000000000000000000e+00

1.000000000000000000e+00 5.057211000000000000e+06
1.500000000000000000e+01 9.933000000000000000e+03
1.600000000000000000e+01 9.739000000000000000e+03
1.400000000000000000e+01 9.459000000000000000e+03
1.700000000000000000e+01 9.047000000000000000e+03
1.300000000000000000e+01 8.370000000000000000e+03
1.800000000000000000e+01 7.735000000000000000e+03
1.200000000000000000e+01 6.925000000000000000e+03
1.900000000000000000e+01 6.424000000000000000e+03
1.100000000000000000e+01 5.446000000000000000e+03
2.000000000000000000e+01 4.836000000000000000e+03
2.000000000000000000e+00 4.424000000000000000e+03
1.000000000000000000e+01 4.038000000000000000e+03
2.100000000000000000e+01 3.581000000000000000e+03
9.000000000000000000e+00 2.807000000000000000e+03
2.200000000000000000e+01 2.479000000000000000e+03
8.000000000000000000e+00 1.873000000000000000e+03
3.000000000000000000e+00 1.540000000000000000e+03
2.300000000000000000e+01 1.523000000000000000e+03
7.000000000000000000e+00 1.299000000000000000e+03
2.400000000000000000e+01 1.016000000000000000e+03
6.000000000000000000e+00 9.530000000000000000e+02
4.000000000000000000e+00 9.300000000000000000e+02
5.000000000000000000e+00 8.440000000000000000e+02
2.500000000000000000e+01 6.160000000000000000e+02
2.600000000000000000e+01 3.500000000000000000e+02
2.700000000000000000e+01 2.010000000000000000e+02
2.800000000000000000e+01 1.110000000000000000e+02
2.900000000000000000e+01 3.800000000000000000e+01
3.000000000000000000e+01 2.900000000000000000e+01
3.100000000000000000e+01 2.000000000000000000e+01
3.200000000000000000e+01 5.000000000000000000e+00
3.600000000000000000e+01 2.000000000000000000e+00
3.300000000000000000e+01 2.000000000000000000e+00

1.000000000000000000e+00 5.079975000000000000e+06
1.500000000000000000e+01 9.689000000000000000e+03
1.400000000000000000e+01 9.493000000000000000e+03
1.600000000000000000e+01 9.489000000000000000e+03
1.300000000000000000e+01 8.623000000000000000e+03
1.700000000000000000e+01 8.545000000000000000e+03
1.800000000000000000e+01 7.352000000000000000e+03
1.200000000000000000e+01 7.205000000000000000e+03
1.900000000000000000e+01 6.124000000000000000e+03
1.100000000000000000e+01 5.740000000000000000e+03
2.000000000000000000e+00 4.694000000000000000e+03
2.000000000000000000e+01 4.509000000000000000e+03
1.000000000000000000e+01 4.378000000000000000e+03
2.100000000000000000e+01 3.240000000000000000e+03
9.000000000000000000e+00 3.086000000000000000e+03
2.200000000000000000e+01 2.325000000000000000e+03
8.000000000000000000e+00 2.197000000000000000e+03
3.000000000000000000e+00 1.567000000000000000e+03
7.000000000000000000e+00 1.525000000000000000e+03
2.300000000000000000e+01 1.497000000000000000e+03
6.000000000000000000e+00 1.115000000000000000e+03
2.400000000000000000e+01 1.071000000000000000e+03
4.000000000000000000e+00 1.041000000000000000e+03
5.000000000000000000e+00 9.530000000000000000e+02
2.500000000000000000e+01 5.500000000000000000e+02
2.600000000000000000e+01 3.650000000000000000e+02
2.700000000000000000e+01 2.060000000000000000e+02
2.800000000000000000e+01 1.190000000000000000e+02
2.900000000000000000e+01 4.900000000000000000e+01
3.000000000000000000e+01 3.400000000000000000e+01
3.200000000000000000e+01 8.000000000000000000e+00
3.100000000000000000e+01 6.000000000000000000e+00
3.300000000000000000e+01 4.000000000000000000e+00
3.600000000000000000e+01 2.000000000000000000e+00
3.400000000000000000e+01 1.000000000000000000e+00
3.500000000000000000e+01 1.000000000000000000e+00

1.000000000000000000e+00 5.106809000000000000e+06
1.400000000000000000e+01 9.522000000000000000e+03
1.500000000000000000e+01 9.444000000000000000e+03
1.600000000000000000e+01 9.134000000000000000e+03
1.300000000000000000e+01 8.746000000000000000e+03
1.700000000000000000e+01 8.064000000000000000e+03
1.200000000000000000e+01 7.335000000000000000e+03
1.800000000000000000e+01 6.882000000000000000e+03
1.100000000000000000e+01 6.286000000000000000e+03
1.900000000000000000e+01 5.705000000000000000e+03
2.000000000000000000e+00 4.885000000000000000e+03
1.000000000000000000e+01 4.850000000000000000e+03
2.000000000000000000e+01 4.258000000000000000e+03
9.000000000000000000e+00 3.399000000000000000e+03
2.100000000000000000e+01 3.125000000000000000e+03
8.000000000000000000e+00 2.539000000000000000e+03
2.200000000000000000e+01 2.172000000000000000e+03
3.000000000000000000e+00 1.826000000000000000e+03
7.000000000000000000e+00 1.764000000000000000e+03
2.300000000000000000e+01 1.385000000000000000e+03
6.000000000000000000e+00 1.323000000000000000e+03
4.000000000000000000e+00 1.134000000000000000e+03
5.000000000000000000e+00 1.130000000000000000e+03
2.400000000000000000e+01 9.070000000000000000e+02
2.500000000000000000e+01 5.480000000000000000e+02
2.600000000000000000e+01 3.620000000000000000e+02
2.700000000000000000e+01 1.880000000000000000e+02
2.800000000000000000e+01 1.200000000000000000e+02
2.900000000000000000e+01 5.000000000000000000e+01
3.000000000000000000e+01 2.700000000000000000e+01
3.100000000000000000e+01 1.400000000000000000e+01
3.200000000000000000e+01 4.000000000000000000e+00
3.300000000000000000e+01 3.000000000000000000e+00
3.500000000000000000e+01 1.000000000000000000e+00
3.700000000000000000e+01 1.000000000000000000e+00

1.000000000000000000e+00 5.142743000000000000e+06
1.500000000000000000e+01 9.310000000000000000e+03
1.400000000000000000e+01 9.024000000000000000e+03
1.300000000000000000e+01 8.663000000000000000e+03
1.600000000000000000e+01 8.590000000000000000e+03
1.200000000000000000e+01 7.768000000000000000e+03
1.700000000000000000e+01 7.633000000000000000e+03
1.100000000000000000e+01 6.649000000000000000e+03
1.800000000000000000e+01 6.323000000000000000e+03
2.000000000000000000e+00 5.443000000000000000e+03
1.900000000000000000e+01 5.261000000000000000e+03
1.000000000000000000e+01 5.228000000000000000e+03
2.000000000000000000e+01 3.979000000000000000e+03
9.000000000000000000e+00 3.888000000000000000e+03
8.000000000000000000e+00 2.934000000000000000e+03
2.100000000000000000e+01 2.889000000000000000e+03
7.000000000000000000e+00 2.191000000000000000e+03
3.000000000000000000e+00 2.093000000000000000e+03
2.200000000000000000e+01 1.995000000000000000e+03
6.000000000000000000e+00 1.610000000000000000e+03
5.000000000000000000e+00 1.414000000000000000e+03
4.000000000000000000e+00 1.395000000000000000e+03
2.300000000000000000e+01 1.278000000000000000e+03
2.400000000000000000e+01 8.410000000000000000e+02
2.500000000000000000e+01 5.530000000000000000e+02
2.600000000000000000e+01 2.680000000000000000e+02
2.700000000000000000e+01 1.740000000000000000e+02
2.800000000000000000e+01 9.800000000000000000e+01
2.900000000000000000e+01 6.100000000000000000e+01
3.000000000000000000e+01 3.400000000000000000e+01
3.100000000000000000e+01 1.200000000000000000e+01
3.200000000000000000e+01 1.000000000000000000e+01
3.300000000000000000e+01 6.000000000000000000e+00
3.400000000000000000e+01 4.000000000000000000e+00

1.000000000000000000e+00 5.184102000000000000e+06
1.500000000000000000e+01 8.655000000000000000e+03
1.400000000000000000e+01 8.634000000000000000e+03
1.300000000000000000e+01 8.633000000000000000e+03
1.600000000000000000e+01 8.058000000000000000e+03
1.200000000000000000e+01 7.812000000000000000e+03
1.700000000000000000e+01 7.044000000000000000e+03
1.100000000000000000e+01 6.892000000000000000e+03
2.000000000000000000e+00 6.024000000000000000e+03
1.800000000000000000e+01 5.899000000000000000e+03
1.000000000000000000e+01 5.794000000000000000e+03
1.900000000000000000e+01 4.642000000000000000e+03
9.000000000000000000e+00 4.526000000000000000e+03
2.000000000000000000e+01 3.637000000000000000e+03
8.000000000000000000e+00 3.453000000000000000e+03
7.000000000000000000e+00 2.704000000000000000e+03
2.100000000000000000e+01 2.602000000000000000e+03
3.000000000000000000e+00 2.462000000000000000e+03
6.000000000000000000e+00 2.085000000000000000e+03
2.200000000000000000e+01 1.847000000000000000e+03
4.000000000000000000e+00 1.825000000000000000e+03
5.000000000000000000e+00 1.779000000000000000e+03
2.300000000000000000e+01 1.210000000000000000e+03
2.400000000000000000e+01 8.430000000000000000e+02
2.500000000000000000e+01 4.840000000000000000e+02
2.600000000000000000e+01 2.930000000000000000e+02
2.700000000000000000e+01 1.810000000000000000e+02
2.800000000000000000e+01 9.200000000000000000e+01
2.900000000000000000e+01 7.600000000000000000e+01
3.000000000000000000e+01 2.100000000000000000e+01
3.100000000000000000e+01 1.200000000000000000e+01
3.200000000000000000e+01 7.000000000000000000e+00
3.300000000000000000e+01 5.000000000000000000e+00
3.400000000000000000e+01 3.000000000000000000e+00
3.500000000000000000e+01 1.000000000000000000e+00

1.000000000000000000e+00 5.238612000000000000e+06
1.300000000000000000e+01 8.504000000000000000e+03
1.400000000000000000e+01 8.360000000000000000e+03
1.500000000000000000e+01 8.079000000000000000e+03
1.200000000000000000e+01 7.786000000000000000e+03
1.600000000000000000e+01 7.460000000000000000e+03
1.100000000000000000e+01 7.208000000000000000e+03
2.000000000000000000e+00 7.029000000000000000e+03
1.700000000000000000e+01 6.422000000000000000e+03
1.000000000000000000e+01 6.193000000000000000e+03
1.800000000000000000e+01 5.344000000000000000e+03
9.000000000000000000e+00 5.028000000000000000e+03
1.900000000000000000e+01 4.101000000000000000e+03
8.000000000000000000e+00 3.899000000000000000e+03
7.000000000000000000e+00 3.218000000000000000e+03
2.000000000000000000e+01 3.195000000000000000e+03
3.000000000000000000e+00 3.032000000000000000e+03
6.000000000000000000e+00 2.640000000000000000e+03
5.000000000000000000e+00 2.380000000000000000e+03
4.000000000000000000e+00 2.364000000000000000e+03
2.100000000000000000e+01 2.247000000000000000e+03
2.200000000000000000e+01 1.603000000000000000e+03
2.300000000000000000e+01 1.096000000000000000e+03
2.400000000000000000e+01 6.730000000000000000e+02
2.500000000000000000e+01 4.550000000000000000e+02
2.600000000000000000e+01 2.550000000000000000e+02
2.700000000000000000e+01 1.580000000000000000e+02
2.800000000000000000e+01 1.020000000000000000e+02
2.900000000000000000e+01 5.800000000000000000e+01
3.000000000000000000e+01 2.500000000000000000e+01
3.100000000000000000e+01 1.700000000000000000e+01
3.200000000000000000e+01 3.000000000000000000e+00
3.300000000000000000e+01 2.000000000000000000e+00
3.500000000000000000e+01 1.000000000000000000e+00

1.000000000000000000e+00 5.304643000000000000e+06
2.000000000000000000e+00 8.008000000000000000e+03
1.400000000000000000e+01 7.967000000000000000e+03
1.200000000000000000e+01 7.924000000000000000e+03
1.300000000000000000e+01 7.850000000000000000e+03
1.500000000000000000e+01 7.418000000000000000e+03
1.100000000000000000e+01 7.284000000000000000e+03
1.600000000000000000e+01 6.586000000000000000e+03
1.000000000000000000e+01 6.420000000000000000e+03
1.700000000000000000e+01 5.636000000000000000e+03
9.000000000000000000e+00 5.503000000000000000e+03
8.000000000000000000e+00 4.704000000000000000e+03
1.800000000000000000e+01 4.668000000000000000e+03
7.000000000000000000e+00 3.942000000000000000e+03
3.000000000000000000e+00 3.793000000000000000e+03
1.900000000000000000e+01 3.617000000000000000e+03
6.000000000000000000e+00 3.401000000000000000e+03
4.000000000000000000e+00 3.096000000000000000e+03
5.000000000000000000e+00 3.072000000000000000e+03
2.000000000000000000e+01 2.688000000000000000e+03
2.100000000000000000e+01 1.996000000000000000e+03
2.200000000000000000e+01 1.425000000000000000e+03
2.300000000000000000e+01 9.370000000000000000e+02
2.400000000000000000e+01 5.810000000000000000e+02
2.500000000000000000e+01 3.670000000000000000e+02
2.600000000000000000e+01 2.430000000000000000e+02
2.700000000000000000e+01 1.460000000000000000e+02
2.800000000000000000e+01 7.300000000000000000e+01
2.900000000000000000e+01 4.500000000000000000e+01
3.000000000000000000e+01 2.600000000000000000e+01
3.100000000000000000e+01 1.200000000000000000e+01
3.200000000000000000e+01 5.000000000000000000e+00
3.300000000000000000e+01 4.000000000000000000e+00
3.400000000000000000e+01 1.000000000000000000e+00
3.600000000000000000e+01 1.000000000000000000e+00
3.500000000000000000e+01 1.000000000000000000e+00

1.000000000000000000e+00 5.381428000000000000e+06
2.000000000000000000e+00 9.469000000000000000e+03
1.200000000000000000e+01 7.593000000000000000e+03
1.300000000000000000e+01 7.583000000000000000e+03
1.100000000000000000e+01 7.311000000000000000e+03
1.400000000000000000e+01 7.199000000000000000e+03
1.000000000000000000e+01 6.802000000000000000e+03
1.500000000000000000e+01 6.502000000000000000e+03
9.000000000000000000e+00 6.065000000000000000e+03
1.600000000000000000e+01 5.802000000000000000e+03
8.000000000000000000e+00 5.223000000000000000e+03
3.000000000000000000e+00 4.933000000000000000e+03
1.700000000000000000e+01 4.902000000000000000e+03
7.000000000000000000e+00 4.616000000000000000e+03
6.000000000000000000e+00 4.089000000000000000e+03
4.000000000000000000e+00 3.942000000000000000e+03
1.800000000000000000e+01 3.891000000000000000e+03
5.000000000000000000e+00 3.840000000000000000e+03
1.900000000000000000e+01 3.060000000000000000e+03
2.000000000000000000e+01 2.367000000000000000e+03
2.100000000000000000e+01 1.632000000000000000e+03
2.200000000000000000e+01 1.148000000000000000e+03
2.300000000000000000e+01 7.960000000000000000e+02
2.400000000000000000e+01 4.830000000000000000e+02
2.500000000000000000e+01 2.660000000000000000e+02
2.600000000000000000e+01 1.900000000000000000e+02
2.700000000000000000e+01 1.080000000000000000e+02
2.800000000000000000e+01 6.600000000000000000e+01
2.900000000000000000e+01 4.200000000000000000e+01
3.000000000000000000e+01 2.500000000000000000e+01
3.100000000000000000e+01 1.400000000000000000e+01
3.200000000000000000e+01 5.000000000000000000e+00
3.300000000000000000e+01 2.000000000000000000e+00
3.500000000000000000e+01 2.000000000000000000e+00
3.600000000000000000e+01 1.000000000000000000e+00

1.000000000000000000e+00 5.470979000000000000e+06
2.000000000000000000e+00 1.060700000000000000e+04
1.100000000000000000e+01 7.320000000000000000e+03
1.200000000000000000e+01 7.181000000000000000e+03
1.300000000000000000e+01 7.064000000000000000e+03
1.000000000000000000e+01 6.878000000000000000e+03
1.400000000000000000e+01 6.459000000000000000e+03
9.000000000000000000e+00 6.385000000000000000e+03
3.000000000000000000e+00 6.023000000000000000e+03
8.000000000000000000e+00 5.891000000000000000e+03
1.500000000000000000e+01 5.694000000000000000e+03
7.000000000000000000e+00 5.295000000000000000e+03
6.000000000000000000e+00 4.908000000000000000e+03
4.000000000000000000e+00 4.872000000000000000e+03
1.600000000000000000e+01 4.831000000000000000e+03
5.000000000000000000e+00 4.688000000000000000e+03
1.700000000000000000e+01 4.086000000000000000e+03
1.800000000000000000e+01 3.290000000000000000e+03
1.900000000000000000e+01 2.460000000000000000e+03
2.000000000000000000e+01 1.811000000000000000e+03
2.100000000000000000e+01 1.303000000000000000e+03
2.200000000000000000e+01 9.070000000000000000e+02
2.300000000000000000e+01 5.610000000000000000e+02
2.400000000000000000e+01 3.810000000000000000e+02
2.500000000000000000e+01 2.270000000000000000e+02
2.600000000000000000e+01 1.380000000000000000e+02
2.700000000000000000e+01 7.800000000000000000e+01
2.800000000000000000e+01 4.300000000000000000e+01
2.900000000000000000e+01 2.500000000000000000e+01
3.000000000000000000e+01 1.500000000000000000e+01
3.100000000000000000e+01 6.000000000000000000e+00
3.200000000000000000e+01 5.000000000000000000e+00
3.300000000000000000e+01 3.000000000000000000e+00
3.400000000000000000e+01 1.000000000000000000e+00
3.500000000000000000e+01 1.000000000000000000e+00

1.000000000000000000e+00 5.569639000000000000e+06
2.000000000000000000e+00 1.244500000000000000e+04
3.000000000000000000e+00 7.391000000000000000e+03
1.100000000000000000e+01 6.932000000000000000e+03
1.000000000000000000e+01 6.914000000000000000e+03
9.000000000000000000e+00 6.689000000000000000e+03
1.200000000000000000e+01 6.637000000000000000e+03
8.000000000000000000e+00 6.363000000000000000e+03
1.300000000000000000e+01 6.250000000000000000e+03
7.000000000000000000e+00 6.189000000000000000e+03
4.000000000000000000e+00 6.024000000000000000e+03
6.000000000000000000e+00 5.666000000000000000e+03
1.400000000000000000e+01 5.662000000000000000e+03
5.000000000000000000e+00 5.612000000000000000e+03
1.500000000000000000e+01 4.827000000000000000e+03
1.600000000000000000e+01 3.984000000000000000e+03
1.700000000000000000e+01 3.192000000000000000e+03
1.800000000000000000e+01 2.562000000000000000e+03
1.900000000000000000e+01 1.854000000000000000e+03
2.000000000000000000e+01 1.270000000000000000e+03
2.100000000000000000e+01 9.800000000000000000e+02
2.200000000000000000e+01 6.520000000000000000e+02
2.300000000000000000e+01 4.330000000000000000e+02
2.400000000000000000e+01 2.540000000000000000e+02
2.500000000000000000e+01 1.510000000000000000e+02
2.600000000000000000e+01 8.900000000000000000e+01
2.700000000000000000e+01 5.000000000000000000e+01
2.800000000000000000e+01 2.700000000000000000e+01
2.900000000000000000e+01 1.400000000000000000e+01
3.000000000000000000e+01 8.000000000000000000e+00
3.100000000000000000e+01 3.000000000000000000e+00
3.200000000000000000e+01 3.000000000000000000e+00

1.000000000000000000e+00 5.670338000000000000e+06
2.000000000000000000e+00 1.478700000000000000e+04
3.000000000000000000e+00 8.848000000000000000e+03
4.000000000000000000e+00 6.998000000000000000e+03
9.000000000000000000e+00 6.858000000000000000e+03
8.000000000000000000e+00 6.735000000000000000e+03
1.000000000000000000e+01 6.710000000000000000e+03
7.000000000000000000e+00 6.636000000000000000e+03
1.100000000000000000e+01 6.527000000000000000e+03
6.000000000000000000e+00 6.425000000000000000e+03
5.000000000000000000e+00 6.401000000000000000e+03
1.200000000000000000e+01 6.112000000000000000e+03
1.300000000000000000e+01 5.449000000000000000e+03
1.400000000000000000e+01 4.636000000000000000e+03
1.500000000000000000e+01 3.865000000000000000e+03
1.600000000000000000e+01 3.177000000000000000e+03
1.700000000000000000e+01 2.448000000000000000e+03
1.800000000000000000e+01 1.909000000000000000e+03
1.900000000000000000e+01 1.293000000000000000e+03
2.000000000000000000e+01 9.430000000000000000e+02
2.100000000000000000e+01 6.170000000000000000e+02
2.200000000000000000e+01 3.980000000000000000e+02
2.300000000000000000e+01 2.470000000000000000e+02
2.400000000000000000e+01 1.560000000000000000e+02
2.500000000000000000e+01 1.010000000000000000e+02
2.600000000000000000e+01 4.600000000000000000e+01
2.700000000000000000e+01 3.700000000000000000e+01
2.800000000000000000e+01 1.400000000000000000e+01
2.900000000000000000e+01 1.200000000000000000e+01
3.000000000000000000e+01 4.000000000000000000e+00
3.100000000000000000e+01 1.000000000000000000e+00

1.000000000000000000e+00 5.780765000000000000e+06
2.000000000000000000e+00 1.781700000000000000e+04
3.000000000000000000e+00 1.038300000000000000e+04
4.000000000000000000e+00 8.246000000000000000e+03
5.000000000000000000e+00 7.487000000000000000e+03
7.000000000000000000e+00 7.004000000000000000e+03
6.000000000000000000e+00 6.990000000000000000e+03
8.000000000000000000e+00 6.827000000000000000e+03
9.000000000000000000e+00 6.753000000000000000e+03
1.000000000000000000e+01 6.355000000000000000e+03
1.100000000000000000e+01 5.683000000000000000e+03
1.200000000000000000e+01 5.077000000000000000e+03
1.300000000000000000e+01 4.494000000000000000e+03
1.400000000000000000e+01 3.698000000000000000e+03
1.500000000000000000e+01 2.924000000000000000e+03
1.600000000000000000e+01 2.308000000000000000e+03
1.700000000000000000e+01 1.677000000000000000e+03
1.800000000000000000e+01 1.223000000000000000e+03
1.900000000000000000e+01 8.350000000000000000e+02
2.000000000000000000e+01 5.650000000000000000e+02
2.100000000000000000e+01 4.060000000000000000e+02
2.200000000000000000e+01 2.250000000000000000e+02
2.300000000000000000e+01 1.070000000000000000e+02
2.400000000000000000e+01 8.300000000000000000e+01
2.500000000000000000e+01 2.700000000000000000e+01
2.600000000000000000e+01 2.500000000000000000e+01
2.700000000000000000e+01 1.000000000000000000e+01
2.900000000000000000e+01 7.000000000000000000e+00
2.800000000000000000e+01 6.000000000000000000e+00
3.000000000000000000e+01 4.000000000000000000e+00

1.000000000000000000e+00 5.899558000000000000e+06
2.000000000000000000e+00 2.098500000000000000e+04
3.000000000000000000e+00 1.213400000000000000e+04
4.000000000000000000e+00 9.439000000000000000e+03
5.000000000000000000e+00 8.506000000000000000e+03
6.000000000000000000e+00 7.798000000000000000e+03
7.000000000000000000e+00 7.207000000000000000e+03
8.000000000000000000e+00 6.695000000000000000e+03
9.000000000000000000e+00 6.272000000000000000e+03
1.000000000000000000e+01 5.277000000000000000e+03
1.100000000000000000e+01 4.815000000000000000e+03
1.200000000000000000e+01 4.020000000000000000e+03
1.300000000000000000e+01 3.193000000000000000e+03
1.400000000000000000e+01 2.526000000000000000e+03
1.500000000000000000e+01 1.900000000000000000e+03
1.600000000000000000e+01 1.383000000000000000e+03
1.700000000000000000e+01 9.800000000000000000e+02
1.800000000000000000e+01 6.640000000000000000e+02
1.900000000000000000e+01 4.420000000000000000e+02
2.000000000000000000e+01 3.210000000000000000e+02
2.100000000000000000e+01 1.810000000000000000e+02
2.200000000000000000e+01 1.010000000000000000e+02
2.300000000000000000e+01 5.600000000000000000e+01
2.400000000000000000e+01 4.800000000000000000e+01
2.500000000000000000e+01 3.100000000000000000e+01
2.600000000000000000e+01 1.100000000000000000e+01
2.700000000000000000e+01 3.000000000000000000e+00
2.800000000000000000e+01 1.000000000000000000e+00

1.000000000000000000e+00 6.007248000000000000e+06
2.000000000000000000e+00 2.374700000000000000e+04
3.000000000000000000e+00 1.393300000000000000e+04
4.000000000000000000e+00 1.039200000000000000e+04
5.000000000000000000e+00 8.756000000000000000e+03
6.000000000000000000e+00 7.801000000000000000e+03
7.000000000000000000e+00 7.003000000000000000e+03
8.000000000000000000e+00 6.034000000000000000e+03
9.000000000000000000e+00 5.364000000000000000e+03
1.000000000000000000e+01 4.358000000000000000e+03
1.100000000000000000e+01 3.428000000000000000e+03
1.200000000000000000e+01 2.838000000000000000e+03
1.300000000000000000e+01 2.160000000000000000e+03
1.400000000000000000e+01 1.640000000000000000e+03
1.500000000000000000e+01 1.156000000000000000e+03
1.600000000000000000e+01 8.350000000000000000e+02
1.700000000000000000e+01 5.700000000000000000e+02
1.800000000000000000e+01 3.800000000000000000e+02
1.900000000000000000e+01 2.400000000000000000e+02
2.000000000000000000e+01 1.470000000000000000e+02
2.100000000000000000e+01 9.400000000000000000e+01
2.200000000000000000e+01 3.900000000000000000e+01
2.300000000000000000e+01 3.700000000000000000e+01
2.400000000000000000e+01 2.100000000000000000e+01
2.600000000000000000e+01 8.000000000000000000e+00
2.500000000000000000e+01 8.000000000000000000e+00
2.700000000000000000e+01 1.000000000000000000e+00

1.000000000000000000e+00 6.102529000000000000e+06
2.000000000000000000e+00 2.641800000000000000e+04
3.000000000000000000e+00 1.530000000000000000e+04
4.000000000000000000e+00 1.145400000000000000e+04
5.000000000000000000e+00 8.973000000000000000e+03
6.000000000000000000e+00 7.413000000000000000e+03
7.000000000000000000e+00 6.268000000000000000e+03
8.000000000000000000e+00 5.198000000000000000e+03
9.000000000000000000e+00 4.103000000000000000e+03
1.000000000000000000e+01 3.323000000000000000e+03
1.100000000000000000e+01 2.495000000000000000e+03
1.200000000000000000e+01 1.825000000000000000e+03
1.300000000000000000e+01 1.308000000000000000e+03
1.400000000000000000e+01 9.420000000000000000e+02
1.500000000000000000e+01 6.010000000000000000e+02
1.600000000000000000e+01 4.230000000000000000e+02
1.700000000000000000e+01 2.710000000000000000e+02
1.800000000000000000e+01 1.650000000000000000e+02
1.900000000000000000e+01 9.700000000000000000e+01
2.000000000000000000e+01 7.400000000000000000e+01
2.100000000000000000e+01 3.700000000000000000e+01
2.200000000000000000e+01 2.000000000000000000e+01
2.300000000000000000e+01 1.200000000000000000e+01
2.400000000000000000e+01 7.000000000000000000e+00
2.600000000000000000e+01 1.000000000000000000e+00
2.700000000000000000e+01 1.000000000000000000e+00
2.500000000000000000e+01 1.000000000000000000e+00

1.000000000000000000e+00 6.190381000000000000e+06
2.000000000000000000e+00 3.009200000000000000e+04
3.000000000000000000e+00 1.611700000000000000e+04
4.000000000000000000e+00 1.122400000000000000e+04
5.000000000000000000e+00 8.537000000000000000e+03
6.000000000000000000e+00 6.601000000000000000e+03
7.000000000000000000e+00 5.224000000000000000e+03
8.000000000000000000e+00 3.925000000000000000e+03
9.000000000000000000e+00 2.915000000000000000e+03
1.000000000000000000e+01 2.102000000000000000e+03
1.100000000000000000e+01 1.562000000000000000e+03
1.200000000000000000e+01 1.100000000000000000e+03
1.300000000000000000e+01 6.950000000000000000e+02
1.400000000000000000e+01 4.560000000000000000e+02
1.500000000000000000e+01 2.910000000000000000e+02
1.600000000000000000e+01 1.900000000000000000e+02
1.700000000000000000e+01 1.070000000000000000e+02
1.800000000000000000e+01 8.100000000000000000e+01
1.900000000000000000e+01 4.800000000000000000e+01
2.000000000000000000e+01 2.400000000000000000e+01
2.100000000000000000e+01 1.600000000000000000e+01
2.200000000000000000e+01 7.000000000000000000e+00
2.300000000000000000e+01 6.000000000000000000e+00
2.400000000000000000e+01 6.000000000000000000e+00
2.700000000000000000e+01 1.000000000000000000e+00

1.000000000000000000e+00 6.278263000000000000e+06
2.000000000000000000e+00 3.166300000000000000e+04
3.000000000000000000e+00 1.645400000000000000e+04
4.000000000000000000e+00 1.048500000000000000e+04
5.000000000000000000e+00 7.234000000000000000e+03
6.000000000000000000e+00 5.151000000000000000e+03
7.000000000000000000e+00 3.753000000000000000e+03
8.000000000000000000e+00 2.567000000000000000e+03
9.000000000000000000e+00 1.780000000000000000e+03
1.000000000000000000e+01 1.168000000000000000e+03
1.100000000000000000e+01 7.540000000000000000e+02
1.200000000000000000e+01 5.200000000000000000e+02
1.300000000000000000e+01 2.970000000000000000e+02
1.400000000000000000e+01 1.850000000000000000e+02
1.500000000000000000e+01 1.150000000000000000e+02
1.600000000000000000e+01 5.400000000000000000e+01
1.700000000000000000e+01 4.300000000000000000e+01
1.800000000000000000e+01 2.800000000000000000e+01
1.900000000000000000e+01 2.100000000000000000e+01
2.100000000000000000e+01 8.000000000000000000e+00
2.000000000000000000e+01 5.000000000000000000e+00
2.700000000000000000e+01 1.000000000000000000e+00
2.300000000000000000e+01 1.000000000000000000e+00

1.000000000000000000e+00 6.341271000000000000e+06
2.000000000000000000e+00 3.177100000000000000e+04
3.000000000000000000e+00 1.569300000000000000e+04
4.000000000000000000e+00 9.430000000000000000e+03
5.000000000000000000e+00 6.031000000000000000e+03
6.000000000000000000e+00 3.895000000000000000e+03
7.000000000000000000e+00 2.501000000000000000e+03
8.000000000000000000e+00 1.617000000000000000e+03
9.000000000000000000e+00 9.650000000000000000e+02
1.000000000000000000e+01 5.910000000000000000e+02
1.100000000000000000e+01 4.120000000000000000e+02
1.200000000000000000e+01 2.300000000000000000e+02
1.300000000000000000e+01 1.320000000000000000e+02
1.400000000000000000e+01 7.200000000000000000e+01
1.500000000000000000e+01 5.000000000000000000e+01
1.600000000000000000e+01 2.400000000000000000e+01
1.700000000000000000e+01 1.600000000000000000e+01
1.800000000000000000e+01 1.000000000000000000e+01
1.900000000000000000e+01 5.000000000000000000e+00
2.000000000000000000e+01 2.000000000000000000e+00
2.100000000000000000e+01 2.000000000000000000e+00
2.400000000000000000e+01 1.000000000000000000e+00
2.200000000000000000e+01 1.000000000000000000e+00

1.000000000000000000e+00 6.376675000000000000e+06
2.000000000000000000e+00 3.175100000000000000e+04
3.000000000000000000e+00 1.516500000000000000e+04
4.000000000000000000e+00 8.574000000000000000e+03
5.000000000000000000e+00 5.067000000000000000e+03
6.000000000000000000e+00 3.123000000000000000e+03
7.000000000000000000e+00 1.796000000000000000e+03
8.000000000000000000e+00 1.086000000000000000e+03
9.000000000000000000e+00 6.210000000000000000e+02
1.000000000000000000e+01 3.430000000000000000e+02
1.100000000000000000e+01 2.110000000000000000e+02
1.200000000000000000e+01 9.700000000000000000e+01
1.300000000000000000e+01 6.900000000000000000e+01
1.400000000000000000e+01 3.100000000000000000e+01
1.500000000000000000e+01 2.800000000000000000e+01
1.600000000000000000e+01 9.000000000000000000e+00
1.700000000000000000e+01 6.000000000000000000e+00
1.800000000000000000e+01 4.000000000000000000e+00
1.900000000000000000e+01 3.000000000000000000e+00
2.300000000000000000e+01 1.000000000000000000e+00
2.500000000000000000e+01 1.000000000000000000e+00
2.100000000000000000e+01 1.000000000000000000e+00

1.000000000000000000e+00 6.403330000000000000e+06
2.000000000000000000e+00 3.157600000000000000e+04
3.000000000000000000e+00 1.437400000000000000e+04
4.000000000000000000e+00 7.682000000000000000e+03
5.000000000000000000e+00 4.322000000000000000e+03
6.000000000000000000e+00 2.440000000000000000e+03
7.000000000000000000e+00 1.296000000000000000e+03
8.000000000000000000e+00 7.430000000000000000e+02
9.000000000000000000e+00 3.810000000000000000e+02
1.000000000000000000e+01 2.020000000000000000e+02
1.100000000000000000e+01 9.100000000000000000e+01
1.200000000000000000e+01 4.300000000000000000e+01
1.300000000000000000e+01 3.400000000000000000e+01
1.400000000000000000e+01 2.700000000000000000e+01
1.700000000000000000e+01 1.000000000000000000e+01
1.500000000000000000e+01 1.000000000000000000e+01
1.600000000000000000e+01 8.000000000000000000e+00
1.900000000000000000e+01 4.000000000000000000e+00
1.800000000000000000e+01 4.000000000000000000e+00
2.000000000000000000e+01 1.000000000000000000e+00

1.000000000000000000e+00 6.434631000000000000e+06
2.000000000000000000e+00 2.953300000000000000e+04
3.000000000000000000e+00 1.288600000000000000e+04
4.000000000000000000e+00 6.535000000000000000e+03
5.000000000000000000e+00 3.302000000000000000e+03
6.000000000000000000e+00 1.813000000000000000e+03
7.000000000000000000e+00 8.570000000000000000e+02
8.000000000000000000e+00 4.580000000000000000e+02
9.000000000000000000e+00 2.110000000000000000e+02
1.000000000000000000e+01 8.600000000000000000e+01
1.100000000000000000e+01 3.700000000000000000e+01
1.300000000000000000e+01 2.300000000000000000e+01
1.200000000000000000e+01 2.200000000000000000e+01
1.600000000000000000e+01 1.100000000000000000e+01
1.500000000000000000e+01 9.000000000000000000e+00
1.400000000000000000e+01 8.000000000000000000e+00
1.900000000000000000e+01 6.000000000000000000e+00
1.800000000000000000e+01 4.000000000000000000e+00
1.700000000000000000e+01 2.000000000000000000e+00
2.000000000000000000e+01 2.000000000000000000e+00
2.100000000000000000e+01 2.000000000000000000e+00

1.000000000000000000e+00 6.456678000000000000e+06
2.000000000000000000e+00 2.833200000000000000e+04
3.000000000000000000e+00 1.162600000000000000e+04
4.000000000000000000e+00 5.552000000000000000e+03
5.000000000000000000e+00 2.643000000000000000e+03
6.000000000000000000e+00 1.264000000000000000e+03
7.000000000000000000e+00 5.880000000000000000e+02
8.000000000000000000e+00 2.640000000000000000e+02
9.000000000000000000e+00 1.090000000000000000e+02
1.000000000000000000e+01 5.400000000000000000e+01
1.200000000000000000e+01 1.900000000000000000e+01
1.100000000000000000e+01 1.700000000000000000e+01
1.300000000000000000e+01 1.600000000000000000e+01
1.400000000000000000e+01 7.000000000000000000e+00
1.600000000000000000e+01 6.000000000000000000e+00
1.800000000000000000e+01 4.000000000000000000e+00
1.700000000000000000e+01 4.000000000000000000e+00
1.500000000000000000e+01 3.000000000000000000e+00
2.200000000000000000e+01 1.000000000000000000e+00

1.000000000000000000e+00 6.468119000000000000e+06
2.000000000000000000e+00 2.797800000000000000e+04
3.000000000000000000e+00 1.104100000000000000e+04
4.000000000000000000e+00 4.796000000000000000e+03
5.000000000000000000e+00 2.226000000000000000e+03
6.000000000000000000e+00 1.022000000000000000e+03
7.000000000000000000e+00 4.200000000000000000e+02
8.000000000000000000e+00 1.910000000000000000e+02
9.000000000000000000e+00 6.400000000000000000e+01
1.000000000000000000e+01 3.600000000000000000e+01
1.100000000000000000e+01 2.000000000000000000e+01
1.300000000000000000e+01 1.300000000000000000e+01
1.200000000000000000e+01 1.200000000000000000e+01
1.600000000000000000e+01 9.000000000000000000e+00
1.400000000000000000e+01 6.000000000000000000e+00
1.700000000000000000e+01 4.000000000000000000e+00
1.500000000000000000e+01 3.000000000000000000e+00
1.800000000000000000e+01 2.000000000000000000e+00
2.200000000000000000e+01 1.000000000000000000e+00
2.000000000000000000e+01 1.000000000000000000e+00

1.000000000000000000e+00 6.479990000000000000e+06
2.000000000000000000e+00 2.626000000000000000e+04
3.000000000000000000e+00 1.015700000000000000e+04
4.000000000000000000e+00 4.402000000000000000e+03
5.000000000000000000e+00 1.915000000000000000e+03
6.000000000000000000e+00 8.180000000000000000e+02
7.000000000000000000e+00 3.620000000000000000e+02
8.000000000000000000e+00 1.260000000000000000e+02
9.000000000000000000e+00 5.700000000000000000e+01
1.000000000000000000e+01 2.500000000000000000e+01
1.100000000000000000e+01 1.800000000000000000e+01
1.200000000000000000e+01 9.000000000000000000e+00
1.300000000000000000e+01 7.000000000000000000e+00
1.400000000000000000e+01 5.000000000000000000e+00
1.600000000000000000e+01 3.000000000000000000e+00
1.700000000000000000e+01 2.000000000000000000e+00
2.000000000000000000e+01 1.000000000000000000e+00
2.100000000000000000e+01 1.000000000000000000e+00
1.500000000000000000e+01 1.000000000000000000e+00
1.800000000000000000e+01 1.000000000000000000e+00

1.000000000000000000e+00 6.490535000000000000e+06
2.000000000000000000e+00 2.509500000000000000e+04
3.000000000000000000e+00 9.446000000000000000e+03
4.000000000000000000e+00 3.867000000000000000e+03
5.000000000000000000e+00 1.587000000000000000e+03
6.000000000000000000e+00 6.130000000000000000e+02
7.000000000000000000e+00 2.570000000000000000e+02
8.000000000000000000e+00 1.140000000000000000e+02
9.000000000000000000e+00 3.400000000000000000e+01
1.000000000000000000e+01 1.800000000000000000e+01
1.200000000000000000e+01 1.300000000000000000e+01
1.100000000000000000e+01 1.100000000000000000e+01
1.300000000000000000e+01 9.000000000000000000e+00
1.500000000000000000e+01 5.000000000000000000e+00
1.400000000000000000e+01 5.000000000000000000e+00
1.600000000000000000e+01 4.000000000000000000e+00
1.800000000000000000e+01 2.000000000000000000e+00
2.000000000000000000e+01 1.000000000000000000e+00

1.000000000000000000e+00 6.498727000000000000e+06
2.000000000000000000e+00 2.408500000000000000e+04
3.000000000000000000e+00 8.605000000000000000e+03
4.000000000000000000e+00 3.502000000000000000e+03
5.000000000000000000e+00 1.471000000000000000e+03
6.000000000000000000e+00 5.310000000000000000e+02
7.000000000000000000e+00 1.640000000000000000e+02
8.000000000000000000e+00 7.800000000000000000e+01
9.000000000000000000e+00 3.400000000000000000e+01
1.000000000000000000e+01 1.500000000000000000e+01
1.100000000000000000e+01 1.000000000000000000e+01
1.200000000000000000e+01 8.000000000000000000e+00
1.400000000000000000e+01 7.000000000000000000e+00
1.300000000000000000e+01 6.000000000000000000e+00
1.700000000000000000e+01 4.000000000000000000e+00
1.500000000000000000e+01 3.000000000000000000e+00
1.600000000000000000e+01 1.000000000000000000e+00

1.000000000000000000e+00 6.505786000000000000e+06
2.000000000000000000e+00 2.312000000000000000e+04
3.000000000000000000e+00 8.150000000000000000e+03
4.000000000000000000e+00 3.092000000000000000e+03
5.000000000000000000e+00 1.221000000000000000e+03
6.000000000000000000e+00 4.630000000000000000e+02
7.000000000000000000e+00 1.620000000000000000e+02
8.000000000000000000e+00 6.000000000000000000e+01
9.000000000000000000e+00 2.200000000000000000e+01
1.100000000000000000e+01 1.100000000000000000e+01
1.300000000000000000e+01 1.000000000000000000e+01
1.200000000000000000e+01 8.000000000000000000e+00
1.000000000000000000e+01 7.000000000000000000e+00
1.500000000000000000e+01 2.000000000000000000e+00
1.400000000000000000e+01 1.000000000000000000e+00

1.000000000000000000e+00 6.507429000000000000e+06
2.000000000000000000e+00 2.296800000000000000e+04
3.000000000000000000e+00 7.968000000000000000e+03
4.000000000000000000e+00 3.046000000000000000e+03
5.000000000000000000e+00 1.196000000000000000e+03
6.000000000000000000e+00 4.310000000000000000e+02
7.000000000000000000e+00 1.340000000000000000e+02
8.000000000000000000e+00 4.700000000000000000e+01
9.000000000000000000e+00 2.100000000000000000e+01
1.000000000000000000e+01 1.100000000000000000e+01
1.300000000000000000e+01 7.000000000000000000e+00
1.100000000000000000e+01 7.000000000000000000e+00
1.400000000000000000e+01 7.000000000000000000e+00
1.200000000000000000e+01 6.000000000000000000e+00
1.500000000000000000e+01 2.000000000000000000e+00

1.000000000000000000e+00 6.511701000000000000e+06
2.000000000000000000e+00 2.227100000000000000e+04
3.000000000000000000e+00 7.692000000000000000e+03
4.000000000000000000e+00 2.857000000000000000e+03
5.000000000000000000e+00 1.084000000000000000e+03
6.000000000000000000e+00 3.700000000000000000e+02
7.000000000000000000e+00 1.050000000000000000e+02
8.000000000000000000e+00 4.100000000000000000e+01
9.000000000000000000e+00 1.900000000000000000e+01
1.000000000000000000e+01 1.200000000000000000e+01
1.100000000000000000e+01 8.000000000000000000e+00
1.200000000000000000e+01 4.000000000000000000e+00
1.300000000000000000e+01 4.000000000000000000e+00
1.400000000000000000e+01 4.000000000000000000e+00
1.500000000000000000e+01 1.000000000000000000e+00

1.000000000000000000e+00 6.513157000000000000e+06
2.000000000000000000e+00 2.215500000000000000e+04
3.000000000000000000e+00 7.512000000000000000e+03
4.000000000000000000e+00 2.824000000000000000e+03
5.000000000000000000e+00 1.003000000000000000e+03
6.000000000000000000e+00 3.510000000000000000e+02
7.000000000000000000e+00 1.090000000000000000e+02
8.000000000000000000e+00 5.000000000000000000e+01
9.000000000000000000e+00 1.400000000000000000e+01
1.100000000000000000e+01 8.000000000000000000e+00
1.000000000000000000e+01 6.000000000000000000e+00
1.200000000000000000e+01 4.000000000000000000e+00
1.300000000000000000e+01 4.000000000000000000e+00
1.400000000000000000e+01 2.000000000000000000e+00
1.500000000000000000e+01 1.000000000000000000e+00

1.000000000000000000e+00 6.514646000000000000e+06
2.000000000000000000e+00 2.192900000000000000e+04
3.000000000000000000e+00 7.438000000000000000e+03
4.000000000000000000e+00 2.780000000000000000e+03
5.000000000000000000e+00 9.640000000000000000e+02
6.000000000000000000e+00 3.150000000000000000e+02
7.000000000000000000e+00 1.100000000000000000e+02
8.000000000000000000e+00 3.100000000000000000e+01
9.000000000000000000e+00 1.400000000000000000e+01
1.000000000000000000e+01 5.000000000000000000e+00
1.100000000000000000e+01 4.000000000000000000e+00
1.300000000000000000e+01 3.000000000000000000e+00
1.400000000000000000e+01 2.000000000000000000e+00
1.600000000000000000e+01 2.000000000000000000e+00
1.500000000000000000e+01 1.000000000000000000e+00

1.000000000000000000e+00 6.516302000000000000e+06
2.000000000000000000e+00 2.160600000000000000e+04
3.000000000000000000e+00 7.251000000000000000e+03
4.000000000000000000e+00 2.699000000000000000e+03
5.000000000000000000e+00 9.640000000000000000e+02
6.000000000000000000e+00 3.080000000000000000e+02
7.000000000000000000e+00 1.040000000000000000e+02
8.000000000000000000e+00 3.700000000000000000e+01
9.000000000000000000e+00 9.000000000000000000e+00
1.000000000000000000e+01 6.000000000000000000e+00
1.200000000000000000e+01 3.000000000000000000e+00
1.500000000000000000e+01 2.000000000000000000e+00
1.100000000000000000e+01 2.000000000000000000e+00
1.600000000000000000e+01 1.000000000000000000e+00

1.000000000000000000e+00 6.519101000000000000e+06
2.000000000000000000e+00 2.108700000000000000e+04
3.000000000000000000e+00 7.014000000000000000e+03
4.000000000000000000e+00 2.564000000000000000e+03
5.000000000000000000e+00 9.210000000000000000e+02
6.000000000000000000e+00 3.040000000000000000e+02
7.000000000000000000e+00 8.100000000000000000e+01
8.000000000000000000e+00 2.300000000000000000e+01
9.000000000000000000e+00 1.100000000000000000e+01
1.000000000000000000e+01 4.000000000000000000e+00
1.100000000000000000e+01 4.000000000000000000e+00
1.200000000000000000e+01 3.000000000000000000e+00
1.400000000000000000e+01 2.000000000000000000e+00

1.000000000000000000e+00 6.520994000000000000e+06
2.000000000000000000e+00 2.075900000000000000e+04
3.000000000000000000e+00 6.864000000000000000e+03
4.000000000000000000e+00 2.516000000000000000e+03
5.000000000000000000e+00 8.450000000000000000e+02
6.000000000000000000e+00 2.880000000000000000e+02
7.000000000000000000e+00 6.700000000000000000e+01
8.000000000000000000e+00 2.600000000000000000e+01
9.000000000000000000e+00 1.200000000000000000e+01
1.100000000000000000e+01 5.000000000000000000e+00
1.000000000000000000e+01 1.000000000000000000e+00
1.300000000000000000e+01 1.000000000000000000e+00
1.600000000000000000e+01 1.000000000000000000e+00

1.000000000000000000e+00 6.521111000000000000e+06
2.000000000000000000e+00 2.072700000000000000e+04
3.000000000000000000e+00 6.852000000000000000e+03
4.000000000000000000e+00 2.506000000000000000e+03
5.000000000000000000e+00 8.800000000000000000e+02
6.000000000000000000e+00 2.570000000000000000e+02
7.000000000000000000e+00 8.700000000000000000e+01
8.000000000000000000e+00 2.500000000000000000e+01
9.000000000000000000e+00 4.000000000000000000e+00
1.000000000000000000e+01 3.000000000000000000e+00
1.100000000000000000e+01 1.000000000000000000e+00
1.300000000000000000e+01 1.000000000000000000e+00
1.400000000000000000e+01 1.000000000000000000e+00

1.000000000000000000e+00 6.521636000000000000e+06
2.000000000000000000e+00 2.052000000000000000e+04
3.000000000000000000e+00 6.848000000000000000e+03
4.000000000000000000e+00 2.558000000000000000e+03
5.000000000000000000e+00 8.560000000000000000e+02
6.000000000000000000e+00 2.580000000000000000e+02
7.000000000000000000e+00 6.600000000000000000e+01
8.000000000000000000e+00 1.900000000000000000e+01
9.000000000000000000e+00 7.000000000000000000e+00
1.000000000000000000e+01 2.000000000000000000e+00
1.100000000000000000e+01 1.000000000000000000e+00
1.200000000000000000e+01 1.000000000000000000e+00

1.000000000000000000e+00 6.522387000000000000e+06
2.000000000000000000e+00 2.074500000000000000e+04
3.000000000000000000e+00 6.831000000000000000e+03
4.000000000000000000e+00 2.317000000000000000e+03
5.000000000000000000e+00 8.630000000000000000e+02
6.000000000000000000e+00 2.390000000000000000e+02
7.000000000000000000e+00 6.000000000000000000e+01
8.000000000000000000e+00 1.800000000000000000e+01
9.000000000000000000e+00 4.000000000000000000e+00
1.300000000000000000e+01 1.000000000000000000e+00

1.000000000000000000e+00 6.522970000000000000e+06
2.000000000000000000e+00 2.055700000000000000e+04
3.000000000000000000e+00 6.634000000000000000e+03
4.000000000000000000e+00 2.378000000000000000e+03
5.000000000000000000e+00 8.340000000000000000e+02
6.000000000000000000e+00 2.710000000000000000e+02
7.000000000000000000e+00 7.900000000000000000e+01
8.000000000000000000e+00 1.100000000000000000e+01
9.000000000000000000e+00 5.000000000000000000e+00
1.000000000000000000e+01 2.000000000000000000e+00

