1.000000000000000000e+00 2.553045000000000000e+06
1.500000000000000000e+01 4.723000000000000000e+03
1.400000000000000000e+01 4.629000000000000000e+03
1.600000000000000000e+01 4.449000000000000000e+03
1.300000000000000000e+01 4.314000000000000000e+03
1.700000000000000000e+01 4.156000000000000000e+03
1.200000000000000000e+01 3.686000000000000000e+03
1.800000000000000000e+01 3.551000000000000000e+03
1.100000000000000000e+01 3.117000000000000000e+03
1.900000000000000000e+01 2.798000000000000000e+03
1.000000000000000000e+01 2.392000000000000000e+03
2.000000000000000000e+01 2.219000000000000000e+03
2.000000000000000000e+00 1.784000000000000000e+03
9.000000000000000000e+00 1.720000000000000000e+03
2.100000000000000000e+01 1.640000000000000000e+03
8.000000000000000000e+00 1.197000000000000000e+03
2.200000000000000000e+01 1.112000000000000000e+03
7.000000000000000000e+00 8.050000000000000000e+02
2.300000000000000000e+01 7.660000000000000000e+02
6.000000000000000000e+00 5.550000000000000000e+02
3.000000000000000000e+00 5.120000000000000000e+02
2.400000000000000000e+01 4.870000000000000000e+02
5.000000000000000000e+00 3.860000000000000000e+02
4.000000000000000000e+00 3.850000000000000000e+02
2.500000000000000000e+01 3.080000000000000000e+02
2.600000000000000000e+01 1.700000000000000000e+02
2.700000000000000000e+01 1.040000000000000000e+02
2.800000000000000000e+01 5.700000000000000000e+01
2.900000000000000000e+01 3.300000000000000000e+01
3.000000000000000000e+01 2.300000000000000000e+01
3.100000000000000000e+01 8.000000000000000000e+00
3.300000000000000000e+01 3.000000000000000000e+00
3.200000000000000000e+01 3.000000000000000000e+00
3.400000000000000000e+01 2.000000000000000000e+00

1.000000000000000000e+00 2.571261000000000000e+06
1.400000000000000000e+01 4.594000000000000000e+03
1.500000000000000000e+01 4.581000000000000000e+03
1.600000000000000000e+01 4.332000000000000000e+03
1.300000000000000000e+01 4.323000000000000000e+03
1.200000000000000000e+01 3.963000000000000000e+03
1.700000000000000000e+01 3.828000000000000000e+03
1.100000000000000000e+01 3.337000000000000000e+03
1.800000000000000000e+01 3.187000000000000000e+03
1.900000000000000000e+01 2.671000000000000000e+03
1.000000000000000000e+01 2.636000000000000000e+03
9.000000000000000000e+00 1.984000000000000000e+03
2.000000000000000000e+01 1.978000000000000000e+03
2.000000000000000000e+00 1.880000000000000000e+03
2.100000000000000000e+01 1.414000000000000000e+03
8.000000000000000000e+00 1.405000000000000000e+03
7.000000000000000000e+00 9.970000000000000000e+02
2.200000000000000000e+01 9.930000000000000000e+02
6.000000000000000000e+00 7.540000000000000000e+02
2.300000000000000000e+01 6.960000000000000000e+02
3.000000000000000000e+00 5.850000000000000000e+02
5.000000000000000000e+00 4.800000000000000000e+02
2.400000000000000000e+01 4.440000000000000000e+02
4.000000000000000000e+00 4.410000000000000000e+02
2.500000000000000000e+01 2.940000000000000000e+02
2.600000000000000000e+01 1.720000000000000000e+02
2.700000000000000000e+01 1.270000000000000000e+02
2.800000000000000000e+01 6.000000000000000000e+01
2.900000000000000000e+01 2.500000000000000000e+01
3.000000000000000000e+01 1.000000000000000000e+01
3.200000000000000000e+01 7.000000000000000000e+00
3.100000000000000000e+01 3.000000000000000000e+00
3.300000000000000000e+01 1.000000000000000000e+00
3.500000000000000000e+01 1.000000000000000000e+00

1.000000000000000000e+00 2.594972000000000000e+06
1.500000000000000000e+01 4.542000000000000000e+03
1.400000000000000000e+01 4.513000000000000000e+03
1.300000000000000000e+01 4.442000000000000000e+03
1.200000000000000000e+01 4.188000000000000000e+03
1.600000000000000000e+01 4.030000000000000000e+03
1.700000000000000000e+01 3.614000000000000000e+03
1.100000000000000000e+01 3.522000000000000000e+03
1.800000000000000000e+01 2.978000000000000000e+03
1.000000000000000000e+01 2.947000000000000000e+03
9.000000000000000000e+00 2.308000000000000000e+03
1.900000000000000000e+01 2.272000000000000000e+03
2.000000000000000000e+00 2.188000000000000000e+03
2.000000000000000000e+01 1.795000000000000000e+03
8.000000000000000000e+00 1.604000000000000000e+03
2.100000000000000000e+01 1.211000000000000000e+03
7.000000000000000000e+00 1.196000000000000000e+03
6.000000000000000000e+00 8.710000000000000000e+02
2.200000000000000000e+01 8.590000000000000000e+02
3.000000000000000000e+00 7.550000000000000000e+02
5.000000000000000000e+00 6.470000000000000000e+02
2.300000000000000000e+01 5.920000000000000000e+02
4.000000000000000000e+00 5.500000000000000000e+02
2.400000000000000000e+01 3.610000000000000000e+02
2.500000000000000000e+01 2.010000000000000000e+02
2.600000000000000000e+01 1.450000000000000000e+02
2.700000000000000000e+01 7.200000000000000000e+01
2.800000000000000000e+01 4.100000000000000000e+01
2.900000000000000000e+01 1.900000000000000000e+01
3.000000000000000000e+01 9.000000000000000000e+00
3.100000000000000000e+01 5.000000000000000000e+00
3.200000000000000000e+01 4.000000000000000000e+00
3.400000000000000000e+01 1.000000000000000000e+00

1.000000000000000000e+00 2.618463000000000000e+06
1.300000000000000000e+01 4.459000000000000000e+03
1.400000000000000000e+01 4.324000000000000000e+03
1.500000000000000000e+01 4.280000000000000000e+03
1.200000000000000000e+01 4.249000000000000000e+03
1.100000000000000000e+01 3.830000000000000000e+03
1.600000000000000000e+01 3.656000000000000000e+03
1.700000000000000000e+01 3.311000000000000000e+03
1.000000000000000000e+01 3.209000000000000000e+03
1.800000000000000000e+01 2.668000000000000000e+03
9.000000000000000000e+00 2.555000000000000000e+03
2.000000000000000000e+00 2.470000000000000000e+03
1.900000000000000000e+01 2.106000000000000000e+03
8.000000000000000000e+00 2.004000000000000000e+03
7.000000000000000000e+00 1.499000000000000000e+03
2.000000000000000000e+01 1.466000000000000000e+03
2.100000000000000000e+01 1.098000000000000000e+03
6.000000000000000000e+00 1.085000000000000000e+03
3.000000000000000000e+00 9.010000000000000000e+02
5.000000000000000000e+00 7.930000000000000000e+02
2.200000000000000000e+01 7.080000000000000000e+02
4.000000000000000000e+00 6.920000000000000000e+02
2.300000000000000000e+01 5.000000000000000000e+02
2.400000000000000000e+01 3.620000000000000000e+02
2.500000000000000000e+01 1.770000000000000000e+02
2.600000000000000000e+01 1.280000000000000000e+02
2.700000000000000000e+01 7.900000000000000000e+01
2.800000000000000000e+01 3.500000000000000000e+01
2.900000000000000000e+01 2.300000000000000000e+01
3.000000000000000000e+01 8.000000000000000000e+00
3.200000000000000000e+01 6.000000000000000000e+00
3.100000000000000000e+01 4.000000000000000000e+00
3.300000000000000000e+01 4.000000000000000000e+00
3.600000000000000000e+01 1.000000000000000000e+00

1.000000000000000000e+00 2.648814000000000000e+06
1.300000000000000000e+01 4.441000000000000000e+03
1.200000000000000000e+01 4.353000000000000000e+03
1.400000000000000000e+01 4.335000000000000000e+03
1.100000000000000000e+01 4.059000000000000000e+03
1.500000000000000000e+01 3.978000000000000000e+03
1.000000000000000000e+01 3.567000000000000000e+03
1.600000000000000000e+01 3.432000000000000000e+03
9.000000000000000000e+00 3.043000000000000000e+03
1.700000000000000000e+01 2.868000000000000000e+03
2.000000000000000000e+00 2.701000000000000000e+03
8.000000000000000000e+00 2.343000000000000000e+03
1.800000000000000000e+01 2.321000000000000000e+03
7.000000000000000000e+00 1.750000000000000000e+03
1.900000000000000000e+01 1.704000000000000000e+03
6.000000000000000000e+00 1.346000000000000000e+03
2.000000000000000000e+01 1.278000000000000000e+03
3.000000000000000000e+00 1.054000000000000000e+03
5.000000000000000000e+00 9.930000000000000000e+02
4.000000000000000000e+00 8.950000000000000000e+02
2.100000000000000000e+01 8.570000000000000000e+02
2.200000000000000000e+01 5.650000000000000000e+02
2.300000000000000000e+01 3.940000000000000000e+02
2.400000000000000000e+01 2.510000000000000000e+02
2.500000000000000000e+01 1.360000000000000000e+02
2.600000000000000000e+01 7.300000000000000000e+01
2.700000000000000000e+01 4.600000000000000000e+01
2.800000000000000000e+01 2.500000000000000000e+01
2.900000000000000000e+01 1.400000000000000000e+01
3.000000000000000000e+01 7.000000000000000000e+00
3.100000000000000000e+01 4.000000000000000000e+00
3.200000000000000000e+01 2.000000000000000000e+00
3.300000000000000000e+01 1.000000000000000000e+00

1.000000000000000000e+00 2.680312000000000000e+06
1.200000000000000000e+01 4.434000000000000000e+03
1.100000000000000000e+01 4.359000000000000000e+03
1.300000000000000000e+01 4.341000000000000000e+03
1.400000000000000000e+01 4.074000000000000000e+03
1.000000000000000000e+01 3.819000000000000000e+03
1.500000000000000000e+01 3.684000000000000000e+03
9.000000000000000000e+00 3.354000000000000000e+03
1.600000000000000000e+01 3.081000000000000000e+03
2.000000000000000000e+00 3.078000000000000000e+03
8.000000000000000000e+00 2.663000000000000000e+03
1.700000000000000000e+01 2.609000000000000000e+03
7.000000000000000000e+00 2.111000000000000000e+03
1.800000000000000000e+01 1.898000000000000000e+03
6.000000000000000000e+00 1.696000000000000000e+03
1.900000000000000000e+01 1.424000000000000000e+03
5.000000000000000000e+00 1.289000000000000000e+03
3.000000000000000000e+00 1.238000000000000000e+03
4.000000000000000000e+00 1.130000000000000000e+03
2.000000000000000000e+01 9.850000000000000000e+02
2.100000000000000000e+01 6.850000000000000000e+02
2.200000000000000000e+01 4.310000000000000000e+02
2.300000000000000000e+01 2.820000000000000000e+02
2.400000000000000000e+01 1.570000000000000000e+02
2.500000000000000000e+01 9.200000000000000000e+01
2.600000000000000000e+01 6.300000000000000000e+01
2.700000000000000000e+01 2.800000000000000000e+01
2.800000000000000000e+01 2.000000000000000000e+01
2.900000000000000000e+01 6.000000000000000000e+00
3.100000000000000000e+01 3.000000000000000000e+00
3.000000000000000000e+01 3.000000000000000000e+00
3.300000000000000000e+01 1.000000000000000000e+00

1.000000000000000000e+00 2.710050000000000000e+06
1.200000000000000000e+01 4.515000000000000000e+03
1.100000000000000000e+01 4.408000000000000000e+03
1.300000000000000000e+01 4.218000000000000000e+03
1.000000000000000000e+01 4.090000000000000000e+03
1.400000000000000000e+01 3.835000000000000000e+03
9.000000000000000000e+00 3.600000000000000000e+03
2.000000000000000000e+00 3.540000000000000000e+03
1.500000000000000000e+01 3.352000000000000000e+03
8.000000000000000000e+00 3.025000000000000000e+03
1.600000000000000000e+01 2.740000000000000000e+03
7.000000000000000000e+00 2.399000000000000000e+03
1.700000000000000000e+01 2.262000000000000000e+03
6.000000000000000000e+00 1.943000000000000000e+03
1.800000000000000000e+01 1.614000000000000000e+03
3.000000000000000000e+00 1.548000000000000000e+03
5.000000000000000000e+00 1.515000000000000000e+03
4.000000000000000000e+00 1.284000000000000000e+03
1.900000000000000000e+01 1.168000000000000000e+03
2.000000000000000000e+01 7.670000000000000000e+02
2.100000000000000000e+01 5.590000000000000000e+02
2.200000000000000000e+01 3.300000000000000000e+02
2.300000000000000000e+01 1.730000000000000000e+02
2.400000000000000000e+01 9.700000000000000000e+01
2.500000000000000000e+01 7.300000000000000000e+01
2.600000000000000000e+01 3.900000000000000000e+01
2.700000000000000000e+01 1.600000000000000000e+01
2.800000000000000000e+01 1.200000000000000000e+01
2.900000000000000000e+01 4.000000000000000000e+00
3.100000000000000000e+01 3.000000000000000000e+00
3.000000000000000000e+01 2.000000000000000000e+00
3.200000000000000000e+01 1.000000000000000000e+00

1.000000000000000000e+00 2.741783000000000000e+06
1.100000000000000000e+01 4.385000000000000000e+03
1.000000000000000000e+01 4.268000000000000000e+03
1.200000000000000000e+01 4.225000000000000000e+03
1.300000000000000000e+01 3.981000000000000000e+03
2.000000000000000000e+00 3.915000000000000000e+03
9.000000000000000000e+00 3.846000000000000000e+03
1.400000000000000000e+01 3.609000000000000000e+03
8.000000000000000000e+00 3.382000000000000000e+03
1.500000000000000000e+01 3.031000000000000000e+03
7.000000000000000000e+00 2.796000000000000000e+03
1.600000000000000000e+01 2.411000000000000000e+03
6.000000000000000000e+00 2.250000000000000000e+03
1.700000000000000000e+01 1.889000000000000000e+03
5.000000000000000000e+00 1.865000000000000000e+03
3.000000000000000000e+00 1.839000000000000000e+03
4.000000000000000000e+00 1.619000000000000000e+03
1.800000000000000000e+01 1.301000000000000000e+03
1.900000000000000000e+01 9.110000000000000000e+02
2.000000000000000000e+01 6.280000000000000000e+02
2.100000000000000000e+01 4.090000000000000000e+02
2.200000000000000000e+01 2.480000000000000000e+02
2.300000000000000000e+01 1.470000000000000000e+02
2.400000000000000000e+01 6.900000000000000000e+01
2.500000000000000000e+01 5.000000000000000000e+01
2.600000000000000000e+01 1.800000000000000000e+01
2.700000000000000000e+01 4.000000000000000000e+00
2.800000000000000000e+01 3.000000000000000000e+00

1.000000000000000000e+00 2.779381000000000000e+06
2.000000000000000000e+00 4.859000000000000000e+03
1.000000000000000000e+01 4.231000000000000000e+03
1.100000000000000000e+01 4.196000000000000000e+03
1.200000000000000000e+01 4.041000000000000000e+03
9.000000000000000000e+00 4.028000000000000000e+03
8.000000000000000000e+00 3.792000000000000000e+03
1.300000000000000000e+01 3.657000000000000000e+03
7.000000000000000000e+00 3.195000000000000000e+03
1.400000000000000000e+01 3.093000000000000000e+03
6.000000000000000000e+00 2.631000000000000000e+03
1.500000000000000000e+01 2.615000000000000000e+03
5.000000000000000000e+00 2.300000000000000000e+03
3.000000000000000000e+00 2.256000000000000000e+03
4.000000000000000000e+00 2.030000000000000000e+03
1.600000000000000000e+01 1.950000000000000000e+03
1.700000000000000000e+01 1.467000000000000000e+03
1.800000000000000000e+01 1.052000000000000000e+03
1.900000000000000000e+01 7.620000000000000000e+02
2.000000000000000000e+01 4.420000000000000000e+02
2.100000000000000000e+01 3.010000000000000000e+02
2.200000000000000000e+01 1.620000000000000000e+02
2.300000000000000000e+01 1.040000000000000000e+02
2.400000000000000000e+01 4.500000000000000000e+01
2.500000000000000000e+01 2.500000000000000000e+01
2.600000000000000000e+01 8.000000000000000000e+00
2.800000000000000000e+01 3.000000000000000000e+00
2.700000000000000000e+01 3.000000000000000000e+00

1.000000000000000000e+00 2.814399000000000000e+06
2.000000000000000000e+00 5.412000000000000000e+03
1.100000000000000000e+01 4.263000000000000000e+03
1.000000000000000000e+01 4.256000000000000000e+03
9.000000000000000000e+00 4.252000000000000000e+03
8.000000000000000000e+00 3.865000000000000000e+03
1.200000000000000000e+01 3.861000000000000000e+03
7.000000000000000000e+00 3.600000000000000000e+03
1.300000000000000000e+01 3.269000000000000000e+03
6.000000000000000000e+00 3.130000000000000000e+03
1.400000000000000000e+01 2.747000000000000000e+03
3.000000000000000000e+00 2.656000000000000000e+03
5.000000000000000000e+00 2.650000000000000000e+03
4.000000000000000000e+00 2.489000000000000000e+03
1.500000000000000000e+01 2.133000000000000000e+03
1.600000000000000000e+01 1.579000000000000000e+03
1.700000000000000000e+01 1.149000000000000000e+03
1.800000000000000000e+01 7.720000000000000000e+02
1.900000000000000000e+01 4.800000000000000000e+02
2.000000000000000000e+01 2.820000000000000000e+02
2.100000000000000000e+01 1.850000000000000000e+02
2.200000000000000000e+01 1.120000000000000000e+02
2.300000000000000000e+01 4.500000000000000000e+01
2.400000000000000000e+01 2.200000000000000000e+01
2.600000000000000000e+01 6.000000000000000000e+00
2.500000000000000000e+01 5.000000000000000000e+00
2.700000000000000000e+01 2.000000000000000000e+00

1.000000000000000000e+00 2.846119000000000000e+06
2.000000000000000000e+00 5.993000000000000000e+03
9.000000000000000000e+00 4.530000000000000000e+03
1.000000000000000000e+01 4.368000000000000000e+03
8.000000000000000000e+00 4.236000000000000000e+03
1.100000000000000000e+01 4.007000000000000000e+03
7.000000000000000000e+00 3.833000000000000000e+03
1.200000000000000000e+01 3.558000000000000000e+03
6.000000000000000000e+00 3.281000000000000000e+03
3.000000000000000000e+00 3.068000000000000000e+03
1.300000000000000000e+01 3.007000000000000000e+03
5.000000000000000000e+00 2.975000000000000000e+03
4.000000000000000000e+00 2.652000000000000000e+03
1.400000000000000000e+01 2.293000000000000000e+03
1.500000000000000000e+01 1.834000000000000000e+03
1.600000000000000000e+01 1.272000000000000000e+03
1.700000000000000000e+01 7.900000000000000000e+02
1.800000000000000000e+01 5.180000000000000000e+02
1.900000000000000000e+01 3.050000000000000000e+02
2.000000000000000000e+01 1.840000000000000000e+02
2.100000000000000000e+01 9.300000000000000000e+01
2.200000000000000000e+01 5.400000000000000000e+01
2.300000000000000000e+01 2.900000000000000000e+01
2.400000000000000000e+01 1.400000000000000000e+01
2.500000000000000000e+01 4.000000000000000000e+00
2.600000000000000000e+01 2.000000000000000000e+00

1.000000000000000000e+00 2.880198000000000000e+06
2.000000000000000000e+00 6.561000000000000000e+03
9.000000000000000000e+00 4.415000000000000000e+03
8.000000000000000000e+00 4.299000000000000000e+03
1.000000000000000000e+01 4.264000000000000000e+03
7.000000000000000000e+00 4.042000000000000000e+03
1.100000000000000000e+01 3.780000000000000000e+03
6.000000000000000000e+00 3.764000000000000000e+03
3.000000000000000000e+00 3.584000000000000000e+03
5.000000000000000000e+00 3.390000000000000000e+03
4.000000000000000000e+00 3.215000000000000000e+03
1.200000000000000000e+01 3.169000000000000000e+03
1.300000000000000000e+01 2.538000000000000000e+03
1.400000000000000000e+01 1.921000000000000000e+03
1.500000000000000000e+01 1.327000000000000000e+03
1.600000000000000000e+01 8.810000000000000000e+02
1.700000000000000000e+01 6.310000000000000000e+02
1.800000000000000000e+01 3.510000000000000000e+02
1.900000000000000000e+01 1.890000000000000000e+02
2.000000000000000000e+01 1.140000000000000000e+02
2.100000000000000000e+01 4.100000000000000000e+01
2.200000000000000000e+01 3.000000000000000000e+01
2.300000000000000000e+01 1.300000000000000000e+01
2.400000000000000000e+01 1.000000000000000000e+01

1.000000000000000000e+00 2.920999000000000000e+06
2.000000000000000000e+00 7.542000000000000000e+03
8.000000000000000000e+00 4.244000000000000000e+03
7.000000000000000000e+00 4.165000000000000000e+03
6.000000000000000000e+00 4.067000000000000000e+03
9.000000000000000000e+00 4.024000000000000000e+03
3.000000000000000000e+00 4.023000000000000000e+03
5.000000000000000000e+00 3.870000000000000000e+03
1.000000000000000000e+01 3.708000000000000000e+03
4.000000000000000000e+00 3.530000000000000000e+03
1.100000000000000000e+01 3.295000000000000000e+03
1.200000000000000000e+01 2.688000000000000000e+03
1.300000000000000000e+01 2.013000000000000000e+03
1.400000000000000000e+01 1.504000000000000000e+03
1.500000000000000000e+01 1.037000000000000000e+03
1.600000000000000000e+01 6.590000000000000000e+02
1.700000000000000000e+01 3.830000000000000000e+02
1.800000000000000000e+01 2.370000000000000000e+02
1.900000000000000000e+01 1.360000000000000000e+02
2.000000000000000000e+01 6.500000000000000000e+01
2.100000000000000000e+01 2.700000000000000000e+01
2.200000000000000000e+01 1.300000000000000000e+01
2.300000000000000000e+01 8.000000000000000000e+00
2.500000000000000000e+01 2.000000000000000000e+00

1.000000000000000000e+00 2.956714000000000000e+06
2.000000000000000000e+00 8.285000000000000000e+03
3.000000000000000000e+00 4.598000000000000000e+03
6.000000000000000000e+00 4.295000000000000000e+03
7.000000000000000000e+00 4.277000000000000000e+03
5.000000000000000000e+00 4.148000000000000000e+03
8.000000000000000000e+00 4.090000000000000000e+03
4.000000000000000000e+00 4.039000000000000000e+03
9.000000000000000000e+00 3.806000000000000000e+03
1.000000000000000000e+01 3.233000000000000000e+03
1.100000000000000000e+01 2.750000000000000000e+03
1.200000000000000000e+01 2.098000000000000000e+03
1.300000000000000000e+01 1.652000000000000000e+03
1.400000000000000000e+01 1.103000000000000000e+03
1.500000000000000000e+01 7.640000000000000000e+02
1.600000000000000000e+01 4.870000000000000000e+02
1.700000000000000000e+01 2.390000000000000000e+02
1.800000000000000000e+01 1.590000000000000000e+02
1.900000000000000000e+01 6.600000000000000000e+01
2.000000000000000000e+01 3.300000000000000000e+01
2.100000000000000000e+01 1.900000000000000000e+01
2.200000000000000000e+01 5.000000000000000000e+00
2.300000000000000000e+01 3.000000000000000000e+00

1.000000000000000000e+00 2.992260000000000000e+06
2.000000000000000000e+00 9.270000000000000000e+03
3.000000000000000000e+00 5.221000000000000000e+03
4.000000000000000000e+00 4.418000000000000000e+03
5.000000000000000000e+00 4.377000000000000000e+03
6.000000000000000000e+00 4.332000000000000000e+03
7.000000000000000000e+00 4.292000000000000000e+03
8.000000000000000000e+00 3.833000000000000000e+03
9.000000000000000000e+00 3.472000000000000000e+03
1.000000000000000000e+01 2.823000000000000000e+03
1.100000000000000000e+01 2.353000000000000000e+03
1.200000000000000000e+01 1.626000000000000000e+03
1.300000000000000000e+01 1.211000000000000000e+03
1.400000000000000000e+01 7.480000000000000000e+02
1.500000000000000000e+01 4.180000000000000000e+02
1.600000000000000000e+01 3.090000000000000000e+02
1.700000000000000000e+01 1.510000000000000000e+02
1.800000000000000000e+01 7.400000000000000000e+01
1.900000000000000000e+01 3.000000000000000000e+01
2.000000000000000000e+01 1.700000000000000000e+01
2.100000000000000000e+01 7.000000000000000000e+00
2.200000000000000000e+01 1.000000000000000000e+00

1.000000000000000000e+00 3.034547000000000000e+06
2.000000000000000000e+00 1.017500000000000000e+04
3.000000000000000000e+00 5.668000000000000000e+03
4.000000000000000000e+00 4.643000000000000000e+03
5.000000000000000000e+00 4.474000000000000000e+03
6.000000000000000000e+00 4.185000000000000000e+03
7.000000000000000000e+00 3.805000000000000000e+03
8.000000000000000000e+00 3.407000000000000000e+03
9.000000000000000000e+00 2.844000000000000000e+03
1.000000000000000000e+01 2.304000000000000000e+03
1.100000000000000000e+01 1.677000000000000000e+03
1.200000000000000000e+01 1.168000000000000000e+03
1.300000000000000000e+01 8.240000000000000000e+02
1.400000000000000000e+01 4.830000000000000000e+02
1.500000000000000000e+01 2.760000000000000000e+02
1.600000000000000000e+01 1.800000000000000000e+02
1.700000000000000000e+01 7.900000000000000000e+01
1.800000000000000000e+01 4.300000000000000000e+01
1.900000000000000000e+01 1.600000000000000000e+01
2.000000000000000000e+01 5.000000000000000000e+00
2.100000000000000000e+01 2.000000000000000000e+00

1.000000000000000000e+00 3.069378000000000000e+06
2.000000000000000000e+00 1.093400000000000000e+04
3.000000000000000000e+00 6.017000000000000000e+03
4.000000000000000000e+00 4.882000000000000000e+03
5.000000000000000000e+00 4.391000000000000000e+03
6.000000000000000000e+00 3.996000000000000000e+03
7.000000000000000000e+00 3.445000000000000000e+03
8.000000000000000000e+00 2.949000000000000000e+03
9.000000000000000000e+00 2.369000000000000000e+03
1.000000000000000000e+01 1.683000000000000000e+03
1.100000000000000000e+01 1.191000000000000000e+03
1.200000000000000000e+01 8.420000000000000000e+02
1.300000000000000000e+01 4.970000000000000000e+02
1.400000000000000000e+01 3.080000000000000000e+02
1.500000000000000000e+01 1.980000000000000000e+02
1.600000000000000000e+01 8.100000000000000000e+01
1.700000000000000000e+01 3.300000000000000000e+01
1.800000000000000000e+01 1.800000000000000000e+01
1.900000000000000000e+01 9.000000000000000000e+00
2.300000000000000000e+01 1.000000000000000000e+00
2.200000000000000000e+01 1.000000000000000000e+00
2.000000000000000000e+01 1.000000000000000000e+00
2.100000000000000000e+01 1.000000000000000000e+00

1.000000000000000000e+00 3.098688000000000000e+06
2.000000000000000000e+00 1.156900000000000000e+04
3.000000000000000000e+00 6.303000000000000000e+03
4.000000000000000000e+00 4.961000000000000000e+03
5.000000000000000000e+00 4.390000000000000000e+03
6.000000000000000000e+00 3.716000000000000000e+03
7.000000000000000000e+00 3.118000000000000000e+03
8.000000000000000000e+00 2.555000000000000000e+03
9.000000000000000000e+00 1.782000000000000000e+03
1.000000000000000000e+01 1.250000000000000000e+03
1.100000000000000000e+01 8.270000000000000000e+02
1.200000000000000000e+01 5.530000000000000000e+02
1.300000000000000000e+01 3.110000000000000000e+02
1.400000000000000000e+01 1.530000000000000000e+02
1.500000000000000000e+01 8.200000000000000000e+01
1.600000000000000000e+01 4.300000000000000000e+01
1.700000000000000000e+01 1.300000000000000000e+01
1.800000000000000000e+01 1.000000000000000000e+01
1.900000000000000000e+01 6.000000000000000000e+00
2.000000000000000000e+01 1.000000000000000000e+00

1.000000000000000000e+00 3.118866000000000000e+06
2.000000000000000000e+00 1.198500000000000000e+04
3.000000000000000000e+00 6.362000000000000000e+03
4.000000000000000000e+00 5.056000000000000000e+03
5.000000000000000000e+00 4.212000000000000000e+03
6.000000000000000000e+00 3.600000000000000000e+03
7.000000000000000000e+00 2.836000000000000000e+03
8.000000000000000000e+00 2.134000000000000000e+03
9.000000000000000000e+00 1.458000000000000000e+03
1.000000000000000000e+01 9.220000000000000000e+02
1.100000000000000000e+01 5.550000000000000000e+02
1.200000000000000000e+01 3.730000000000000000e+02
1.300000000000000000e+01 1.950000000000000000e+02
1.400000000000000000e+01 1.100000000000000000e+02
1.500000000000000000e+01 5.200000000000000000e+01
1.600000000000000000e+01 2.300000000000000000e+01
1.700000000000000000e+01 3.000000000000000000e+00
1.800000000000000000e+01 3.000000000000000000e+00
1.900000000000000000e+01 1.000000000000000000e+00

1.000000000000000000e+00 3.137793000000000000e+06
2.000000000000000000e+00 1.208200000000000000e+04
3.000000000000000000e+00 6.436000000000000000e+03
4.000000000000000000e+00 5.022000000000000000e+03
5.000000000000000000e+00 4.060000000000000000e+03
6.000000000000000000e+00 3.326000000000000000e+03
7.000000000000000000e+00 2.484000000000000000e+03
8.000000000000000000e+00 1.769000000000000000e+03
9.000000000000000000e+00 1.173000000000000000e+03
1.000000000000000000e+01 7.270000000000000000e+02
1.100000000000000000e+01 3.530000000000000000e+02
1.200000000000000000e+01 2.210000000000000000e+02
1.300000000000000000e+01 9.500000000000000000e+01
1.400000000000000000e+01 5.000000000000000000e+01
1.500000000000000000e+01 2.500000000000000000e+01
1.600000000000000000e+01 9.000000000000000000e+00
1.700000000000000000e+01 1.000000000000000000e+00
1.800000000000000000e+01 1.000000000000000000e+00

1.000000000000000000e+00 3.158814000000000000e+06
2.000000000000000000e+00 1.230700000000000000e+04
3.000000000000000000e+00 6.654000000000000000e+03
4.000000000000000000e+00 4.937000000000000000e+03
5.000000000000000000e+00 3.764000000000000000e+03
6.000000000000000000e+00 2.784000000000000000e+03
7.000000000000000000e+00 2.021000000000000000e+03
8.000000000000000000e+00 1.324000000000000000e+03
9.000000000000000000e+00 7.760000000000000000e+02
1.000000000000000000e+01 4.390000000000000000e+02
1.100000000000000000e+01 2.360000000000000000e+02
1.200000000000000000e+01 1.140000000000000000e+02
1.300000000000000000e+01 5.200000000000000000e+01
1.400000000000000000e+01 2.200000000000000000e+01
1.500000000000000000e+01 1.400000000000000000e+01
1.600000000000000000e+01 2.000000000000000000e+00
1.800000000000000000e+01 1.000000000000000000e+00
1.700000000000000000e+01 1.000000000000000000e+00

1.000000000000000000e+00 3.168452000000000000e+06
2.000000000000000000e+00 1.211400000000000000e+04
3.000000000000000000e+00 6.802000000000000000e+03
4.000000000000000000e+00 4.810000000000000000e+03
5.000000000000000000e+00 3.665000000000000000e+03
6.000000000000000000e+00 2.651000000000000000e+03
7.000000000000000000e+00 1.737000000000000000e+03
8.000000000000000000e+00 1.094000000000000000e+03
9.000000000000000000e+00 6.450000000000000000e+02
1.000000000000000000e+01 3.470000000000000000e+02
1.100000000000000000e+01 1.640000000000000000e+02
1.200000000000000000e+01 6.700000000000000000e+01
1.300000000000000000e+01 3.000000000000000000e+01
1.400000000000000000e+01 1.200000000000000000e+01
1.500000000000000000e+01 5.000000000000000000e+00
1.600000000000000000e+01 1.000000000000000000e+00

1.000000000000000000e+00 3.176548000000000000e+06
2.000000000000000000e+00 1.244700000000000000e+04
3.000000000000000000e+00 6.608000000000000000e+03
4.000000000000000000e+00 4.776000000000000000e+03
5.000000000000000000e+00 3.372000000000000000e+03
6.000000000000000000e+00 2.468000000000000000e+03
7.000000000000000000e+00 1.571000000000000000e+03
8.000000000000000000e+00 9.330000000000000000e+02
9.000000000000000000e+00 5.180000000000000000e+02
1.000000000000000000e+01 2.490000000000000000e+02
1.100000000000000000e+01 1.230000000000000000e+02
1.200000000000000000e+01 5.700000000000000000e+01
1.300000000000000000e+01 1.400000000000000000e+01
1.400000000000000000e+01 6.000000000000000000e+00
1.500000000000000000e+01 2.000000000000000000e+00
1.600000000000000000e+01 1.000000000000000000e+00

1.000000000000000000e+00 3.185683000000000000e+06
2.000000000000000000e+00 1.236100000000000000e+04
3.000000000000000000e+00 6.497000000000000000e+03
4.000000000000000000e+00 4.591000000000000000e+03
5.000000000000000000e+00 3.249000000000000000e+03
6.000000000000000000e+00 2.226000000000000000e+03
7.000000000000000000e+00 1.356000000000000000e+03
8.000000000000000000e+00 7.870000000000000000e+02
9.000000000000000000e+00 3.740000000000000000e+02
1.000000000000000000e+01 1.780000000000000000e+02
1.100000000000000000e+01 6.700000000000000000e+01
1.200000000000000000e+01 2.200000000000000000e+01
1.300000000000000000e+01 9.000000000000000000e+00
1.400000000000000000e+01 4.000000000000000000e+00
1.500000000000000000e+01 1.000000000000000000e+00
1.600000000000000000e+01 1.000000000000000000e+00

1.000000000000000000e+00 3.194535000000000000e+06
2.000000000000000000e+00 1.263100000000000000e+04
3.000000000000000000e+00 6.615000000000000000e+03
4.000000000000000000e+00 4.390000000000000000e+03
5.000000000000000000e+00 3.020000000000000000e+03
6.000000000000000000e+00 1.837000000000000000e+03
7.000000000000000000e+00 1.069000000000000000e+03
8.000000000000000000e+00 5.680000000000000000e+02
9.000000000000000000e+00 2.710000000000000000e+02
1.000000000000000000e+01 1.350000000000000000e+02
1.100000000000000000e+01 5.800000000000000000e+01
1.200000000000000000e+01 1.300000000000000000e+01
1.300000000000000000e+01 4.000000000000000000e+00
1.400000000000000000e+01 1.000000000000000000e+00

1.000000000000000000e+00 3.199246000000000000e+06
2.000000000000000000e+00 1.222000000000000000e+04
3.000000000000000000e+00 6.681000000000000000e+03
4.000000000000000000e+00 4.485000000000000000e+03
5.000000000000000000e+00 2.795000000000000000e+03
6.000000000000000000e+00 1.711000000000000000e+03
7.000000000000000000e+00 9.600000000000000000e+02
8.000000000000000000e+00 4.580000000000000000e+02
9.000000000000000000e+00 2.180000000000000000e+02
1.000000000000000000e+01 1.010000000000000000e+02
1.100000000000000000e+01 4.300000000000000000e+01
1.200000000000000000e+01 1.400000000000000000e+01
1.300000000000000000e+01 5.000000000000000000e+00
1.400000000000000000e+01 2.000000000000000000e+00

1.000000000000000000e+00 3.207407000000000000e+06
2.000000000000000000e+00 1.201100000000000000e+04
3.000000000000000000e+00 6.386000000000000000e+03
4.000000000000000000e+00 4.213000000000000000e+03
5.000000000000000000e+00 2.630000000000000000e+03
6.000000000000000000e+00 1.470000000000000000e+03
7.000000000000000000e+00 7.590000000000000000e+02
8.000000000000000000e+00 3.580000000000000000e+02
9.000000000000000000e+00 1.660000000000000000e+02
1.000000000000000000e+01 6.100000000000000000e+01
1.100000000000000000e+01 1.900000000000000000e+01
1.200000000000000000e+01 4.000000000000000000e+00
1.300000000000000000e+01 3.000000000000000000e+00
1.400000000000000000e+01 1.000000000000000000e+00

1.000000000000000000e+00 2.536174000000000000e+06
1.500000000000000000e+01 4.686000000000000000e+03
1.600000000000000000e+01 4.587000000000000000e+03
1.400000000000000000e+01 4.559000000000000000e+03
1.700000000000000000e+01 4.208000000000000000e+03
1.300000000000000000e+01 3.964000000000000000e+03
1.800000000000000000e+01 3.736000000000000000e+03
1.200000000000000000e+01 3.470000000000000000e+03
1.900000000000000000e+01 3.060000000000000000e+03
1.100000000000000000e+01 2.779000000000000000e+03
2.000000000000000000e+01 2.301000000000000000e+03
1.000000000000000000e+01 2.133000000000000000e+03
2.000000000000000000e+00 1.882000000000000000e+03
2.100000000000000000e+01 1.792000000000000000e+03
9.000000000000000000e+00 1.504000000000000000e+03
2.200000000000000000e+01 1.306000000000000000e+03
8.000000000000000000e+00 1.122000000000000000e+03
2.300000000000000000e+01 9.480000000000000000e+02
7.000000000000000000e+00 7.250000000000000000e+02
2.400000000000000000e+01 6.070000000000000000e+02
3.000000000000000000e+00 5.550000000000000000e+02
6.000000000000000000e+00 5.330000000000000000e+02
5.000000000000000000e+00 4.130000000000000000e+02
4.000000000000000000e+00 3.880000000000000000e+02
2.500000000000000000e+01 3.730000000000000000e+02
2.600000000000000000e+01 2.650000000000000000e+02
2.700000000000000000e+01 1.390000000000000000e+02
2.800000000000000000e+01 8.500000000000000000e+01
2.900000000000000000e+01 5.200000000000000000e+01
3.000000000000000000e+01 2.700000000000000000e+01
3.100000000000000000e+01 1.300000000000000000e+01
3.200000000000000000e+01 9.000000000000000000e+00
3.300000000000000000e+01 4.000000000000000000e+00
3.400000000000000000e+01 3.000000000000000000e+00
3.500000000000000000e+01 2.000000000000000000e+00
3.800000000000000000e+01 1.000000000000000000e+00
3.700000000000000000e+01 1.000000000000000000e+00

1.000000000000000000e+00 2.553650000000000000e+06
1.400000000000000000e+01 4.399000000000000000e+03
1.500000000000000000e+01 4.394000000000000000e+03
1.600000000000000000e+01 4.261000000000000000e+03
1.300000000000000000e+01 4.078000000000000000e+03
1.700000000000000000e+01 3.944000000000000000e+03
1.200000000000000000e+01 3.595000000000000000e+03
1.800000000000000000e+01 3.477000000000000000e+03
1.100000000000000000e+01 3.006000000000000000e+03
1.900000000000000000e+01 2.839000000000000000e+03
1.000000000000000000e+01 2.416000000000000000e+03
2.000000000000000000e+01 2.229000000000000000e+03
2.000000000000000000e+00 2.053000000000000000e+03
9.000000000000000000e+00 1.800000000000000000e+03
2.100000000000000000e+01 1.679000000000000000e+03
8.000000000000000000e+00 1.348000000000000000e+03
2.200000000000000000e+01 1.199000000000000000e+03
7.000000000000000000e+00 9.210000000000000000e+02
2.300000000000000000e+01 8.200000000000000000e+02
3.000000000000000000e+00 6.940000000000000000e+02
6.000000000000000000e+00 6.870000000000000000e+02
2.400000000000000000e+01 5.710000000000000000e+02
5.000000000000000000e+00 5.230000000000000000e+02
4.000000000000000000e+00 4.810000000000000000e+02
2.500000000000000000e+01 3.940000000000000000e+02
2.600000000000000000e+01 2.340000000000000000e+02
2.700000000000000000e+01 1.520000000000000000e+02
2.800000000000000000e+01 9.600000000000000000e+01
2.900000000000000000e+01 5.600000000000000000e+01
3.000000000000000000e+01 3.300000000000000000e+01
3.100000000000000000e+01 1.700000000000000000e+01
3.200000000000000000e+01 1.100000000000000000e+01
3.300000000000000000e+01 7.000000000000000000e+00
3.400000000000000000e+01 3.000000000000000000e+00
3.500000000000000000e+01 1.000000000000000000e+00
3.700000000000000000e+01 1.000000000000000000e+00
3.800000000000000000e+01 1.000000000000000000e+00

1.000000000000000000e+00 2.573859000000000000e+06
1.500000000000000000e+01 4.310000000000000000e+03
1.400000000000000000e+01 4.257000000000000000e+03
1.300000000000000000e+01 4.108000000000000000e+03
1.600000000000000000e+01 4.023000000000000000e+03
1.700000000000000000e+01 3.651000000000000000e+03
1.200000000000000000e+01 3.607000000000000000e+03
1.800000000000000000e+01 3.294000000000000000e+03
1.100000000000000000e+01 3.221000000000000000e+03
1.000000000000000000e+01 2.608000000000000000e+03
1.900000000000000000e+01 2.549000000000000000e+03
2.000000000000000000e+00 2.377000000000000000e+03
9.000000000000000000e+00 2.100000000000000000e+03
2.000000000000000000e+01 2.010000000000000000e+03
2.100000000000000000e+01 1.560000000000000000e+03
8.000000000000000000e+00 1.529000000000000000e+03
7.000000000000000000e+00 1.176000000000000000e+03
2.200000000000000000e+01 1.080000000000000000e+03
3.000000000000000000e+00 8.730000000000000000e+02
6.000000000000000000e+00 8.250000000000000000e+02
2.300000000000000000e+01 8.190000000000000000e+02
5.000000000000000000e+00 6.350000000000000000e+02
4.000000000000000000e+00 6.270000000000000000e+02
2.400000000000000000e+01 5.130000000000000000e+02
2.500000000000000000e+01 3.530000000000000000e+02
2.600000000000000000e+01 2.310000000000000000e+02
2.700000000000000000e+01 1.240000000000000000e+02
2.800000000000000000e+01 9.500000000000000000e+01
2.900000000000000000e+01 4.400000000000000000e+01
3.000000000000000000e+01 3.000000000000000000e+01
3.100000000000000000e+01 2.100000000000000000e+01
3.200000000000000000e+01 9.000000000000000000e+00
3.300000000000000000e+01 6.000000000000000000e+00
3.400000000000000000e+01 1.000000000000000000e+00
3.600000000000000000e+01 1.000000000000000000e+00
3.500000000000000000e+01 1.000000000000000000e+00
4.000000000000000000e+01 1.000000000000000000e+00

1.000000000000000000e+00 2.596717000000000000e+06
1.400000000000000000e+01 4.153000000000000000e+03
1.300000000000000000e+01 4.145000000000000000e+03
1.500000000000000000e+01 4.002000000000000000e+03
1.600000000000000000e+01 3.722000000000000000e+03
1.200000000000000000e+01 3.704000000000000000e+03
1.100000000000000000e+01 3.409000000000000000e+03
1.700000000000000000e+01 3.351000000000000000e+03
2.000000000000000000e+00 3.010000000000000000e+03
1.000000000000000000e+01 2.788000000000000000e+03
1.800000000000000000e+01 2.783000000000000000e+03
1.900000000000000000e+01 2.363000000000000000e+03
9.000000000000000000e+00 2.299000000000000000e+03
2.000000000000000000e+01 1.915000000000000000e+03
8.000000000000000000e+00 1.800000000000000000e+03
7.000000000000000000e+00 1.379000000000000000e+03
2.100000000000000000e+01 1.376000000000000000e+03
3.000000000000000000e+00 1.118000000000000000e+03
6.000000000000000000e+00 1.107000000000000000e+03
2.200000000000000000e+01 1.028000000000000000e+03
5.000000000000000000e+00 9.030000000000000000e+02
4.000000000000000000e+00 7.940000000000000000e+02
2.300000000000000000e+01 7.020000000000000000e+02
2.400000000000000000e+01 5.170000000000000000e+02
2.500000000000000000e+01 3.170000000000000000e+02
2.600000000000000000e+01 2.140000000000000000e+02
2.700000000000000000e+01 1.240000000000000000e+02
2.800000000000000000e+01 8.300000000000000000e+01
2.900000000000000000e+01 5.000000000000000000e+01
3.000000000000000000e+01 2.800000000000000000e+01
3.100000000000000000e+01 1.900000000000000000e+01
3.200000000000000000e+01 1.500000000000000000e+01
3.400000000000000000e+01 6.000000000000000000e+00
3.300000000000000000e+01 6.000000000000000000e+00
3.900000000000000000e+01 2.000000000000000000e+00
3.500000000000000000e+01 1.000000000000000000e+00
3.700000000000000000e+01 1.000000000000000000e+00

1.000000000000000000e+00 2.624926000000000000e+06
1.400000000000000000e+01 3.914000000000000000e+03
1.300000000000000000e+01 3.913000000000000000e+03
1.500000000000000000e+01 3.757000000000000000e+03
1.200000000000000000e+01 3.680000000000000000e+03
2.000000000000000000e+00 3.568000000000000000e+03
1.600000000000000000e+01 3.470000000000000000e+03
1.100000000000000000e+01 3.433000000000000000e+03
1.700000000000000000e+01 3.009000000000000000e+03
1.000000000000000000e+01 3.007000000000000000e+03
1.800000000000000000e+01 2.653000000000000000e+03
9.000000000000000000e+00 2.566000000000000000e+03
8.000000000000000000e+00 2.114000000000000000e+03
1.900000000000000000e+01 2.103000000000000000e+03
2.000000000000000000e+01 1.686000000000000000e+03
7.000000000000000000e+00 1.612000000000000000e+03
3.000000000000000000e+00 1.382000000000000000e+03
6.000000000000000000e+00 1.344000000000000000e+03
2.100000000000000000e+01 1.279000000000000000e+03
5.000000000000000000e+00 1.160000000000000000e+03
4.000000000000000000e+00 1.065000000000000000e+03
2.200000000000000000e+01 9.440000000000000000e+02
2.300000000000000000e+01 6.020000000000000000e+02
2.400000000000000000e+01 4.350000000000000000e+02
2.500000000000000000e+01 3.030000000000000000e+02
2.600000000000000000e+01 1.760000000000000000e+02
2.700000000000000000e+01 1.320000000000000000e+02
2.800000000000000000e+01 7.200000000000000000e+01
2.900000000000000000e+01 3.500000000000000000e+01
3.000000000000000000e+01 2.400000000000000000e+01
3.100000000000000000e+01 1.800000000000000000e+01
3.200000000000000000e+01 7.000000000000000000e+00
3.300000000000000000e+01 2.000000000000000000e+00
3.400000000000000000e+01 1.000000000000000000e+00

1.000000000000000000e+00 2.654038000000000000e+06
2.000000000000000000e+00 4.140000000000000000e+03
1.300000000000000000e+01 3.843000000000000000e+03
1.200000000000000000e+01 3.705000000000000000e+03
1.400000000000000000e+01 3.694000000000000000e+03
1.100000000000000000e+01 3.579000000000000000e+03
1.500000000000000000e+01 3.560000000000000000e+03
1.600000000000000000e+01 3.123000000000000000e+03
1.000000000000000000e+01 3.110000000000000000e+03
9.000000000000000000e+00 2.813000000000000000e+03
1.700000000000000000e+01 2.732000000000000000e+03
1.800000000000000000e+01 2.317000000000000000e+03
8.000000000000000000e+00 2.274000000000000000e+03
7.000000000000000000e+00 1.919000000000000000e+03
1.900000000000000000e+01 1.791000000000000000e+03
3.000000000000000000e+00 1.684000000000000000e+03
6.000000000000000000e+00 1.610000000000000000e+03
2.000000000000000000e+01 1.464000000000000000e+03
5.000000000000000000e+00 1.418000000000000000e+03
4.000000000000000000e+00 1.394000000000000000e+03
2.100000000000000000e+01 1.082000000000000000e+03
2.200000000000000000e+01 8.060000000000000000e+02
2.300000000000000000e+01 5.910000000000000000e+02
2.400000000000000000e+01 4.100000000000000000e+02
2.500000000000000000e+01 2.500000000000000000e+02
2.600000000000000000e+01 1.750000000000000000e+02
2.700000000000000000e+01 1.120000000000000000e+02
2.800000000000000000e+01 6.100000000000000000e+01
2.900000000000000000e+01 4.100000000000000000e+01
3.000000000000000000e+01 2.100000000000000000e+01
3.100000000000000000e+01 1.300000000000000000e+01
3.200000000000000000e+01 7.000000000000000000e+00
3.300000000000000000e+01 2.000000000000000000e+00

1.000000000000000000e+00 2.683123000000000000e+06
2.000000000000000000e+00 4.668000000000000000e+03
1.200000000000000000e+01 3.708000000000000000e+03
1.300000000000000000e+01 3.689000000000000000e+03
1.100000000000000000e+01 3.587000000000000000e+03
1.400000000000000000e+01 3.552000000000000000e+03
1.000000000000000000e+01 3.361000000000000000e+03
1.500000000000000000e+01 3.218000000000000000e+03
9.000000000000000000e+00 2.986000000000000000e+03
1.600000000000000000e+01 2.870000000000000000e+03
1.700000000000000000e+01 2.596000000000000000e+03
8.000000000000000000e+00 2.507000000000000000e+03
7.000000000000000000e+00 2.269000000000000000e+03
1.800000000000000000e+01 2.146000000000000000e+03
3.000000000000000000e+00 2.099000000000000000e+03
6.000000000000000000e+00 1.894000000000000000e+03
5.000000000000000000e+00 1.657000000000000000e+03
4.000000000000000000e+00 1.584000000000000000e+03
1.900000000000000000e+01 1.554000000000000000e+03
2.000000000000000000e+01 1.264000000000000000e+03
2.100000000000000000e+01 9.430000000000000000e+02
2.200000000000000000e+01 6.820000000000000000e+02
2.300000000000000000e+01 4.480000000000000000e+02
2.400000000000000000e+01 3.030000000000000000e+02
2.500000000000000000e+01 2.090000000000000000e+02
2.600000000000000000e+01 1.070000000000000000e+02
2.700000000000000000e+01 7.300000000000000000e+01
2.800000000000000000e+01 5.000000000000000000e+01
2.900000000000000000e+01 3.700000000000000000e+01
3.000000000000000000e+01 1.200000000000000000e+01
3.100000000000000000e+01 8.000000000000000000e+00

1.000000000000000000e+00 2.714995000000000000e+06
2.000000000000000000e+00 5.315000000000000000e+03
1.200000000000000000e+01 3.642000000000000000e+03
1.100000000000000000e+01 3.617000000000000000e+03
1.300000000000000000e+01 3.605000000000000000e+03
1.000000000000000000e+01 3.443000000000000000e+03
1.400000000000000000e+01 3.371000000000000000e+03
9.000000000000000000e+00 3.265000000000000000e+03
1.500000000000000000e+01 3.101000000000000000e+03
8.000000000000000000e+00 2.767000000000000000e+03
1.600000000000000000e+01 2.628000000000000000e+03
3.000000000000000000e+00 2.456000000000000000e+03
7.000000000000000000e+00 2.439000000000000000e+03
1.700000000000000000e+01 2.230000000000000000e+03
6.000000000000000000e+00 2.088000000000000000e+03
4.000000000000000000e+00 1.948000000000000000e+03
5.000000000000000000e+00 1.945000000000000000e+03
1.800000000000000000e+01 1.750000000000000000e+03
1.900000000000000000e+01 1.340000000000000000e+03
2.000000000000000000e+01 1.103000000000000000e+03
2.100000000000000000e+01 7.950000000000000000e+02
2.200000000000000000e+01 5.330000000000000000e+02
2.300000000000000000e+01 3.360000000000000000e+02
2.400000000000000000e+01 2.380000000000000000e+02
2.500000000000000000e+01 1.410000000000000000e+02
2.600000000000000000e+01 9.000000000000000000e+01
2.700000000000000000e+01 4.900000000000000000e+01
2.800000000000000000e+01 3.700000000000000000e+01
2.900000000000000000e+01 1.400000000000000000e+01
3.000000000000000000e+01 6.000000000000000000e+00
3.100000000000000000e+01 4.000000000000000000e+00
3.300000000000000000e+01 2.000000000000000000e+00
3.400000000000000000e+01 1.000000000000000000e+00

1.000000000000000000e+00 2.752398000000000000e+06
2.000000000000000000e+00 6.305000000000000000e+03
1.100000000000000000e+01 3.694000000000000000e+03
1.200000000000000000e+01 3.547000000000000000e+03
1.000000000000000000e+01 3.542000000000000000e+03
9.000000000000000000e+00 3.413000000000000000e+03
1.300000000000000000e+01 3.382000000000000000e+03
8.000000000000000000e+00 3.079000000000000000e+03
1.400000000000000000e+01 2.961000000000000000e+03
3.000000000000000000e+00 2.881000000000000000e+03
1.500000000000000000e+01 2.771000000000000000e+03
7.000000000000000000e+00 2.736000000000000000e+03
6.000000000000000000e+00 2.396000000000000000e+03
1.600000000000000000e+01 2.311000000000000000e+03
4.000000000000000000e+00 2.238000000000000000e+03
5.000000000000000000e+00 2.224000000000000000e+03
1.700000000000000000e+01 1.944000000000000000e+03
1.800000000000000000e+01 1.421000000000000000e+03
1.900000000000000000e+01 1.115000000000000000e+03
2.000000000000000000e+01 8.580000000000000000e+02
2.100000000000000000e+01 6.150000000000000000e+02
2.200000000000000000e+01 4.140000000000000000e+02
2.300000000000000000e+01 2.670000000000000000e+02
2.400000000000000000e+01 1.760000000000000000e+02
2.500000000000000000e+01 8.300000000000000000e+01
2.600000000000000000e+01 6.100000000000000000e+01
2.700000000000000000e+01 4.100000000000000000e+01
2.800000000000000000e+01 1.400000000000000000e+01
2.900000000000000000e+01 5.000000000000000000e+00
3.100000000000000000e+01 2.000000000000000000e+00
3.200000000000000000e+01 1.000000000000000000e+00
3.000000000000000000e+01 1.000000000000000000e+00
3.300000000000000000e+01 1.000000000000000000e+00

1.000000000000000000e+00 2.800476000000000000e+06
2.000000000000000000e+00 7.674000000000000000e+03
1.000000000000000000e+01 3.486000000000000000e+03
3.000000000000000000e+00 3.479000000000000000e+03
1.100000000000000000e+01 3.470000000000000000e+03
9.000000000000000000e+00 3.463000000000000000e+03
1.200000000000000000e+01 3.368000000000000000e+03
8.000000000000000000e+00 3.316000000000000000e+03
1.300000000000000000e+01 3.028000000000000000e+03
7.000000000000000000e+00 3.026000000000000000e+03
4.000000000000000000e+00 2.814000000000000000e+03
1.400000000000000000e+01 2.743000000000000000e+03
6.000000000000000000e+00 2.732000000000000000e+03
5.000000000000000000e+00 2.635000000000000000e+03
1.500000000000000000e+01 2.396000000000000000e+03
1.600000000000000000e+01 1.938000000000000000e+03
1.700000000000000000e+01 1.465000000000000000e+03
1.800000000000000000e+01 1.108000000000000000e+03
1.900000000000000000e+01 8.420000000000000000e+02
2.000000000000000000e+01 5.650000000000000000e+02
2.100000000000000000e+01 3.740000000000000000e+02
2.200000000000000000e+01 2.750000000000000000e+02
2.300000000000000000e+01 1.720000000000000000e+02
2.400000000000000000e+01 1.070000000000000000e+02
2.500000000000000000e+01 6.100000000000000000e+01
2.600000000000000000e+01 3.600000000000000000e+01
2.700000000000000000e+01 1.500000000000000000e+01
2.800000000000000000e+01 7.000000000000000000e+00
2.900000000000000000e+01 5.000000000000000000e+00
3.000000000000000000e+01 1.000000000000000000e+00
3.500000000000000000e+01 1.000000000000000000e+00
3.200000000000000000e+01 1.000000000000000000e+00

1.000000000000000000e+00 2.861179000000000000e+06
2.000000000000000000e+00 9.331000000000000000e+03
3.000000000000000000e+00 4.547000000000000000e+03
9.000000000000000000e+00 3.407000000000000000e+03
4.000000000000000000e+00 3.341000000000000000e+03
8.000000000000000000e+00 3.269000000000000000e+03
1.000000000000000000e+01 3.233000000000000000e+03
7.000000000000000000e+00 3.224000000000000000e+03
6.000000000000000000e+00 3.188000000000000000e+03
1.100000000000000000e+01 3.080000000000000000e+03
5.000000000000000000e+00 3.072000000000000000e+03
1.200000000000000000e+01 2.854000000000000000e+03
1.300000000000000000e+01 2.602000000000000000e+03
1.400000000000000000e+01 2.185000000000000000e+03
1.500000000000000000e+01 1.773000000000000000e+03
1.600000000000000000e+01 1.465000000000000000e+03
1.700000000000000000e+01 1.050000000000000000e+03
1.800000000000000000e+01 7.770000000000000000e+02
1.900000000000000000e+01 5.680000000000000000e+02
2.000000000000000000e+01 3.660000000000000000e+02
2.100000000000000000e+01 2.740000000000000000e+02
2.200000000000000000e+01 1.410000000000000000e+02
2.300000000000000000e+01 1.010000000000000000e+02
2.400000000000000000e+01 6.400000000000000000e+01
2.500000000000000000e+01 2.900000000000000000e+01
2.600000000000000000e+01 1.400000000000000000e+01
2.700000000000000000e+01 1.100000000000000000e+01
2.800000000000000000e+01 3.000000000000000000e+00
2.900000000000000000e+01 3.000000000000000000e+00
3.000000000000000000e+01 2.000000000000000000e+00
3.100000000000000000e+01 2.000000000000000000e+00
3.200000000000000000e+01 1.000000000000000000e+00

1.000000000000000000e+00 2.912965000000000000e+06
2.000000000000000000e+00 1.081900000000000000e+04
3.000000000000000000e+00 5.222000000000000000e+03
4.000000000000000000e+00 3.907000000000000000e+03
5.000000000000000000e+00 3.548000000000000000e+03
7.000000000000000000e+00 3.450000000000000000e+03
6.000000000000000000e+00 3.417000000000000000e+03
8.000000000000000000e+00 3.358000000000000000e+03
9.000000000000000000e+00 3.202000000000000000e+03
1.000000000000000000e+01 3.010000000000000000e+03
1.100000000000000000e+01 2.728000000000000000e+03
1.200000000000000000e+01 2.510000000000000000e+03
1.300000000000000000e+01 1.968000000000000000e+03
1.400000000000000000e+01 1.668000000000000000e+03
1.500000000000000000e+01 1.317000000000000000e+03
1.600000000000000000e+01 1.046000000000000000e+03
1.700000000000000000e+01 7.300000000000000000e+02
1.800000000000000000e+01 4.740000000000000000e+02
1.900000000000000000e+01 3.790000000000000000e+02
2.000000000000000000e+01 2.270000000000000000e+02
2.100000000000000000e+01 1.560000000000000000e+02
2.200000000000000000e+01 9.300000000000000000e+01
2.300000000000000000e+01 4.100000000000000000e+01
2.400000000000000000e+01 2.800000000000000000e+01
2.500000000000000000e+01 1.300000000000000000e+01
2.600000000000000000e+01 8.000000000000000000e+00
2.700000000000000000e+01 4.000000000000000000e+00
2.800000000000000000e+01 3.000000000000000000e+00
2.900000000000000000e+01 1.000000000000000000e+00

1.000000000000000000e+00 2.980464000000000000e+06
2.000000000000000000e+00 1.283900000000000000e+04
3.000000000000000000e+00 6.246000000000000000e+03
4.000000000000000000e+00 4.524000000000000000e+03
5.000000000000000000e+00 3.767000000000000000e+03
6.000000000000000000e+00 3.519000000000000000e+03
7.000000000000000000e+00 3.300000000000000000e+03
8.000000000000000000e+00 2.973000000000000000e+03
9.000000000000000000e+00 2.720000000000000000e+03
1.000000000000000000e+01 2.442000000000000000e+03
1.100000000000000000e+01 2.015000000000000000e+03
1.200000000000000000e+01 1.804000000000000000e+03
1.300000000000000000e+01 1.314000000000000000e+03
1.400000000000000000e+01 1.115000000000000000e+03
1.500000000000000000e+01 8.340000000000000000e+02
1.600000000000000000e+01 6.120000000000000000e+02
1.700000000000000000e+01 4.230000000000000000e+02
1.800000000000000000e+01 2.870000000000000000e+02
1.900000000000000000e+01 2.090000000000000000e+02
2.000000000000000000e+01 1.260000000000000000e+02
2.100000000000000000e+01 7.400000000000000000e+01
2.200000000000000000e+01 4.400000000000000000e+01
2.300000000000000000e+01 1.800000000000000000e+01
2.400000000000000000e+01 1.300000000000000000e+01
2.500000000000000000e+01 8.000000000000000000e+00
2.600000000000000000e+01 4.000000000000000000e+00
2.900000000000000000e+01 1.000000000000000000e+00
2.800000000000000000e+01 1.000000000000000000e+00
2.700000000000000000e+01 1.000000000000000000e+00

1.000000000000000000e+00 3.044275000000000000e+06
2.000000000000000000e+00 1.460700000000000000e+04
3.000000000000000000e+00 6.861000000000000000e+03
4.000000000000000000e+00 4.665000000000000000e+03
5.000000000000000000e+00 3.722000000000000000e+03
6.000000000000000000e+00 3.166000000000000000e+03
7.000000000000000000e+00 2.843000000000000000e+03
8.000000000000000000e+00 2.509000000000000000e+03
9.000000000000000000e+00 2.222000000000000000e+03
1.000000000000000000e+01 1.732000000000000000e+03
1.100000000000000000e+01 1.444000000000000000e+03
1.200000000000000000e+01 1.156000000000000000e+03
1.300000000000000000e+01 8.710000000000000000e+02
1.400000000000000000e+01 6.140000000000000000e+02
1.500000000000000000e+01 4.410000000000000000e+02
1.600000000000000000e+01 3.150000000000000000e+02
1.700000000000000000e+01 2.070000000000000000e+02
1.800000000000000000e+01 1.540000000000000000e+02
1.900000000000000000e+01 9.700000000000000000e+01
2.000000000000000000e+01 5.800000000000000000e+01
2.100000000000000000e+01 3.800000000000000000e+01
2.200000000000000000e+01 1.800000000000000000e+01
2.300000000000000000e+01 1.300000000000000000e+01
2.400000000000000000e+01 4.000000000000000000e+00
2.500000000000000000e+01 3.000000000000000000e+00
2.800000000000000000e+01 1.000000000000000000e+00
2.900000000000000000e+01 1.000000000000000000e+00
2.600000000000000000e+01 1.000000000000000000e+00

1.000000000000000000e+00 3.094487000000000000e+06
2.000000000000000000e+00 1.533900000000000000e+04
3.000000000000000000e+00 7.222000000000000000e+03
4.000000000000000000e+00 4.569000000000000000e+03
5.000000000000000000e+00 3.586000000000000000e+03
6.000000000000000000e+00 2.799000000000000000e+03
7.000000000000000000e+00 2.327000000000000000e+03
8.000000000000000000e+00 1.848000000000000000e+03
9.000000000000000000e+00 1.540000000000000000e+03
1.000000000000000000e+01 1.280000000000000000e+03
1.100000000000000000e+01 9.680000000000000000e+02
1.200000000000000000e+01 7.050000000000000000e+02
1.300000000000000000e+01 4.550000000000000000e+02
1.400000000000000000e+01 4.080000000000000000e+02
1.500000000000000000e+01 2.310000000000000000e+02
1.600000000000000000e+01 1.750000000000000000e+02
1.700000000000000000e+01 1.010000000000000000e+02
1.800000000000000000e+01 7.300000000000000000e+01
1.900000000000000000e+01 5.300000000000000000e+01
2.000000000000000000e+01 3.600000000000000000e+01
2.100000000000000000e+01 1.600000000000000000e+01
2.200000000000000000e+01 8.000000000000000000e+00
2.300000000000000000e+01 4.000000000000000000e+00
2.500000000000000000e+01 2.000000000000000000e+00
2.400000000000000000e+01 1.000000000000000000e+00

1.000000000000000000e+00 3.131748000000000000e+06
2.000000000000000000e+00 1.585900000000000000e+04
3.000000000000000000e+00 7.053000000000000000e+03
4.000000000000000000e+00 4.371000000000000000e+03
5.000000000000000000e+00 3.144000000000000000e+03
6.000000000000000000e+00 2.479000000000000000e+03
7.000000000000000000e+00 1.879000000000000000e+03
8.000000000000000000e+00 1.440000000000000000e+03
9.000000000000000000e+00 1.091000000000000000e+03
1.000000000000000000e+01 8.390000000000000000e+02
1.100000000000000000e+01 6.220000000000000000e+02
1.200000000000000000e+01 4.120000000000000000e+02
1.300000000000000000e+01 2.990000000000000000e+02
1.400000000000000000e+01 2.170000000000000000e+02
1.500000000000000000e+01 1.400000000000000000e+02
1.600000000000000000e+01 7.400000000000000000e+01
1.700000000000000000e+01 4.700000000000000000e+01
1.800000000000000000e+01 4.200000000000000000e+01
1.900000000000000000e+01 1.800000000000000000e+01
2.000000000000000000e+01 1.300000000000000000e+01
2.100000000000000000e+01 5.000000000000000000e+00
2.200000000000000000e+01 5.000000000000000000e+00
2.300000000000000000e+01 1.000000000000000000e+00
2.500000000000000000e+01 1.000000000000000000e+00

1.000000000000000000e+00 3.155994000000000000e+06
2.000000000000000000e+00 1.570200000000000000e+04
3.000000000000000000e+00 7.085000000000000000e+03
4.000000000000000000e+00 4.206000000000000000e+03
5.000000000000000000e+00 2.887000000000000000e+03
6.000000000000000000e+00 2.074000000000000000e+03
7.000000000000000000e+00 1.523000000000000000e+03
8.000000000000000000e+00 1.057000000000000000e+03
9.000000000000000000e+00 8.170000000000000000e+02
1.000000000000000000e+01 6.120000000000000000e+02
1.100000000000000000e+01 3.820000000000000000e+02
1.200000000000000000e+01 2.990000000000000000e+02
1.300000000000000000e+01 1.900000000000000000e+02
1.400000000000000000e+01 1.180000000000000000e+02
1.500000000000000000e+01 7.000000000000000000e+01
1.600000000000000000e+01 5.500000000000000000e+01
1.700000000000000000e+01 3.200000000000000000e+01
1.800000000000000000e+01 1.500000000000000000e+01
1.900000000000000000e+01 1.300000000000000000e+01
2.000000000000000000e+01 3.000000000000000000e+00
2.300000000000000000e+01 3.000000000000000000e+00
2.200000000000000000e+01 1.000000000000000000e+00

1.000000000000000000e+00 3.177248000000000000e+06
2.000000000000000000e+00 1.560400000000000000e+04
3.000000000000000000e+00 6.907000000000000000e+03
4.000000000000000000e+00 3.952000000000000000e+03
5.000000000000000000e+00 2.577000000000000000e+03
6.000000000000000000e+00 1.774000000000000000e+03
7.000000000000000000e+00 1.223000000000000000e+03
8.000000000000000000e+00 7.580000000000000000e+02
9.000000000000000000e+00 5.730000000000000000e+02
1.000000000000000000e+01 3.720000000000000000e+02
1.100000000000000000e+01 2.350000000000000000e+02
1.200000000000000000e+01 1.450000000000000000e+02
1.300000000000000000e+01 1.220000000000000000e+02
1.400000000000000000e+01 5.300000000000000000e+01
1.500000000000000000e+01 3.300000000000000000e+01
1.600000000000000000e+01 2.200000000000000000e+01
1.700000000000000000e+01 1.400000000000000000e+01
1.900000000000000000e+01 7.000000000000000000e+00
1.800000000000000000e+01 5.000000000000000000e+00
2.300000000000000000e+01 1.000000000000000000e+00

1.000000000000000000e+00 3.200118000000000000e+06
2.000000000000000000e+00 1.491500000000000000e+04
3.000000000000000000e+00 6.397000000000000000e+03
4.000000000000000000e+00 3.572000000000000000e+03
5.000000000000000000e+00 2.149000000000000000e+03
6.000000000000000000e+00 1.251000000000000000e+03
7.000000000000000000e+00 8.670000000000000000e+02
8.000000000000000000e+00 5.400000000000000000e+02
9.000000000000000000e+00 3.140000000000000000e+02
1.000000000000000000e+01 1.860000000000000000e+02
1.100000000000000000e+01 1.160000000000000000e+02
1.200000000000000000e+01 7.200000000000000000e+01
1.300000000000000000e+01 4.100000000000000000e+01
1.400000000000000000e+01 2.200000000000000000e+01
1.500000000000000000e+01 1.000000000000000000e+01
1.600000000000000000e+01 4.000000000000000000e+00
1.700000000000000000e+01 2.000000000000000000e+00
1.800000000000000000e+01 1.000000000000000000e+00

1.000000000000000000e+00 3.211877000000000000e+06
2.000000000000000000e+00 1.429400000000000000e+04
3.000000000000000000e+00 6.091000000000000000e+03
4.000000000000000000e+00 3.265000000000000000e+03
5.000000000000000000e+00 1.938000000000000000e+03
6.000000000000000000e+00 1.155000000000000000e+03
7.000000000000000000e+00 6.210000000000000000e+02
8.000000000000000000e+00 3.580000000000000000e+02
9.000000000000000000e+00 2.070000000000000000e+02
1.000000000000000000e+01 9.400000000000000000e+01
1.100000000000000000e+01 6.100000000000000000e+01
1.200000000000000000e+01 3.500000000000000000e+01
1.300000000000000000e+01 1.600000000000000000e+01
1.500000000000000000e+01 7.000000000000000000e+00
1.400000000000000000e+01 7.000000000000000000e+00
1.600000000000000000e+01 2.000000000000000000e+00
1.700000000000000000e+01 2.000000000000000000e+00

1.000000000000000000e+00 3.221864000000000000e+06
2.000000000000000000e+00 1.406900000000000000e+04
3.000000000000000000e+00 5.633000000000000000e+03
4.000000000000000000e+00 3.000000000000000000e+03
5.000000000000000000e+00 1.644000000000000000e+03
6.000000000000000000e+00 8.300000000000000000e+02
7.000000000000000000e+00 4.620000000000000000e+02
8.000000000000000000e+00 2.640000000000000000e+02
9.000000000000000000e+00 1.480000000000000000e+02
1.000000000000000000e+01 5.700000000000000000e+01
1.100000000000000000e+01 3.100000000000000000e+01
1.200000000000000000e+01 1.300000000000000000e+01
1.300000000000000000e+01 5.000000000000000000e+00
1.400000000000000000e+01 3.000000000000000000e+00
1.500000000000000000e+01 2.000000000000000000e+00
1.700000000000000000e+01 1.000000000000000000e+00

1.000000000000000000e+00 3.228925000000000000e+06
2.000000000000000000e+00 1.354700000000000000e+04
3.000000000000000000e+00 5.467000000000000000e+03
4.000000000000000000e+00 2.725000000000000000e+03
5.000000000000000000e+00 1.358000000000000000e+03
6.000000000000000000e+00 7.290000000000000000e+02
7.000000000000000000e+00 3.500000000000000000e+02
8.000000000000000000e+00 1.900000000000000000e+02
9.000000000000000000e+00 7.200000000000000000e+01
1.000000000000000000e+01 4.000000000000000000e+01
1.100000000000000000e+01 2.800000000000000000e+01
1.300000000000000000e+01 7.000000000000000000e+00
1.200000000000000000e+01 7.000000000000000000e+00
1.500000000000000000e+01 1.000000000000000000e+00

1.000000000000000000e+00 3.232438000000000000e+06
2.000000000000000000e+00 1.333700000000000000e+04
3.000000000000000000e+00 5.400000000000000000e+03
4.000000000000000000e+00 2.503000000000000000e+03
5.000000000000000000e+00 1.281000000000000000e+03
6.000000000000000000e+00 6.370000000000000000e+02
7.000000000000000000e+00 3.150000000000000000e+02
8.000000000000000000e+00 1.390000000000000000e+02
9.000000000000000000e+00 5.700000000000000000e+01
1.000000000000000000e+01 2.900000000000000000e+01
1.100000000000000000e+01 1.400000000000000000e+01
1.200000000000000000e+01 9.000000000000000000e+00
1.300000000000000000e+01 4.000000000000000000e+00
1.500000000000000000e+01 1.000000000000000000e+00

1.000000000000000000e+00 3.235730000000000000e+06
2.000000000000000000e+00 1.306700000000000000e+04
3.000000000000000000e+00 5.099000000000000000e+03
4.000000000000000000e+00 2.368000000000000000e+03
5.000000000000000000e+00 1.251000000000000000e+03
6.000000000000000000e+00 5.720000000000000000e+02
7.000000000000000000e+00 2.690000000000000000e+02
8.000000000000000000e+00 1.200000000000000000e+02
9.000000000000000000e+00 5.600000000000000000e+01
1.000000000000000000e+01 1.700000000000000000e+01
1.100000000000000000e+01 8.000000000000000000e+00
1.300000000000000000e+01 3.000000000000000000e+00
1.200000000000000000e+01 3.000000000000000000e+00

1.000000000000000000e+00 3.239255000000000000e+06
2.000000000000000000e+00 1.265300000000000000e+04
3.000000000000000000e+00 4.897000000000000000e+03
4.000000000000000000e+00 2.294000000000000000e+03
5.000000000000000000e+00 1.100000000000000000e+03
6.000000000000000000e+00 5.270000000000000000e+02
7.000000000000000000e+00 2.200000000000000000e+02
8.000000000000000000e+00 9.400000000000000000e+01
9.000000000000000000e+00 3.900000000000000000e+01
1.000000000000000000e+01 2.000000000000000000e+01
1.100000000000000000e+01 5.000000000000000000e+00
1.200000000000000000e+01 1.000000000000000000e+00

1.000000000000000000e+00 3.242398000000000000e+06
2.000000000000000000e+00 1.241200000000000000e+04
3.000000000000000000e+00 4.652000000000000000e+03
4.000000000000000000e+00 2.191000000000000000e+03
5.000000000000000000e+00 9.960000000000000000e+02
6.000000000000000000e+00 4.380000000000000000e+02
7.000000000000000000e+00 2.090000000000000000e+02
8.000000000000000000e+00 6.600000000000000000e+01
9.000000000000000000e+00 3.500000000000000000e+01
1.000000000000000000e+01 1.200000000000000000e+01
1.200000000000000000e+01 2.000000000000000000e+00

1.000000000000000000e+00 3.247424000000000000e+06
2.000000000000000000e+00 1.185700000000000000e+04
3.000000000000000000e+00 4.427000000000000000e+03
4.000000000000000000e+00 1.942000000000000000e+03
5.000000000000000000e+00 7.990000000000000000e+02
6.000000000000000000e+00 3.430000000000000000e+02
7.000000000000000000e+00 1.520000000000000000e+02
8.000000000000000000e+00 5.300000000000000000e+01
9.000000000000000000e+00 2.000000000000000000e+01
1.000000000000000000e+01 7.000000000000000000e+00
1.100000000000000000e+01 2.000000000000000000e+00

