1.000000000000000000e+00 2.503489000000000000e+06
1.500000000000000000e+01 5.011000000000000000e+03
1.600000000000000000e+01 4.909000000000000000e+03
1.400000000000000000e+01 4.690000000000000000e+03
1.700000000000000000e+01 4.545000000000000000e+03
1.800000000000000000e+01 4.061000000000000000e+03
1.300000000000000000e+01 4.046000000000000000e+03
1.900000000000000000e+01 3.483000000000000000e+03
1.200000000000000000e+01 3.412000000000000000e+03
2.000000000000000000e+01 2.662000000000000000e+03
1.100000000000000000e+01 2.504000000000000000e+03
2.100000000000000000e+01 2.095000000000000000e+03
1.000000000000000000e+01 1.757000000000000000e+03
2.200000000000000000e+01 1.541000000000000000e+03
9.000000000000000000e+00 1.079000000000000000e+03
2.300000000000000000e+01 1.041000000000000000e+03
2.400000000000000000e+01 7.160000000000000000e+02
8.000000000000000000e+00 5.970000000000000000e+02
2.500000000000000000e+01 4.710000000000000000e+02
7.000000000000000000e+00 3.390000000000000000e+02
2.600000000000000000e+01 2.680000000000000000e+02
2.700000000000000000e+01 1.790000000000000000e+02
6.000000000000000000e+00 1.520000000000000000e+02
2.800000000000000000e+01 1.050000000000000000e+02
5.000000000000000000e+00 7.100000000000000000e+01
2.900000000000000000e+01 6.300000000000000000e+01
3.000000000000000000e+01 4.600000000000000000e+01
2.000000000000000000e+00 3.000000000000000000e+01
4.000000000000000000e+00 2.800000000000000000e+01
3.100000000000000000e+01 2.300000000000000000e+01
3.000000000000000000e+00 2.100000000000000000e+01
3.200000000000000000e+01 1.400000000000000000e+01
3.300000000000000000e+01 7.000000000000000000e+00
3.400000000000000000e+01 5.000000000000000000e+00
3.500000000000000000e+01 1.000000000000000000e+00

1.000000000000000000e+00 2.513412000000000000e+06
1.500000000000000000e+01 4.788000000000000000e+03
1.600000000000000000e+01 4.699000000000000000e+03
1.400000000000000000e+01 4.635000000000000000e+03
1.700000000000000000e+01 4.356000000000000000e+03
1.300000000000000000e+01 4.221000000000000000e+03
1.800000000000000000e+01 3.836000000000000000e+03
1.200000000000000000e+01 3.568000000000000000e+03
1.900000000000000000e+01 3.202000000000000000e+03
1.100000000000000000e+01 2.791000000000000000e+03
2.000000000000000000e+01 2.599000000000000000e+03
2.100000000000000000e+01 1.913000000000000000e+03
1.000000000000000000e+01 1.909000000000000000e+03
2.200000000000000000e+01 1.534000000000000000e+03
9.000000000000000000e+00 1.282000000000000000e+03
2.300000000000000000e+01 1.107000000000000000e+03
8.000000000000000000e+00 8.050000000000000000e+02
2.400000000000000000e+01 6.970000000000000000e+02
2.500000000000000000e+01 4.780000000000000000e+02
7.000000000000000000e+00 4.110000000000000000e+02
2.600000000000000000e+01 3.210000000000000000e+02
6.000000000000000000e+00 2.140000000000000000e+02
2.700000000000000000e+01 1.830000000000000000e+02
2.800000000000000000e+01 1.090000000000000000e+02
5.000000000000000000e+00 9.000000000000000000e+01
2.900000000000000000e+01 6.100000000000000000e+01
4.000000000000000000e+00 4.000000000000000000e+01
3.000000000000000000e+01 3.500000000000000000e+01
2.000000000000000000e+00 2.600000000000000000e+01
3.100000000000000000e+01 1.900000000000000000e+01
3.000000000000000000e+00 1.500000000000000000e+01
3.200000000000000000e+01 1.000000000000000000e+01
3.400000000000000000e+01 3.000000000000000000e+00
3.500000000000000000e+01 2.000000000000000000e+00
3.300000000000000000e+01 2.000000000000000000e+00
4.300000000000000000e+01 1.000000000000000000e+00
4.200000000000000000e+01 1.000000000000000000e+00

1.000000000000000000e+00 2.528300000000000000e+06
1.500000000000000000e+01 4.783000000000000000e+03
1.400000000000000000e+01 4.728000000000000000e+03
1.600000000000000000e+01 4.462000000000000000e+03
1.300000000000000000e+01 4.211000000000000000e+03
1.700000000000000000e+01 4.145000000000000000e+03
1.200000000000000000e+01 3.636000000000000000e+03
1.800000000000000000e+01 3.629000000000000000e+03
1.900000000000000000e+01 3.104000000000000000e+03
1.100000000000000000e+01 3.005000000000000000e+03
2.000000000000000000e+01 2.378000000000000000e+03
1.000000000000000000e+01 2.267000000000000000e+03
2.100000000000000000e+01 1.890000000000000000e+03
9.000000000000000000e+00 1.558000000000000000e+03
2.200000000000000000e+01 1.337000000000000000e+03
2.300000000000000000e+01 1.028000000000000000e+03
8.000000000000000000e+00 9.960000000000000000e+02
2.400000000000000000e+01 6.200000000000000000e+02
7.000000000000000000e+00 5.330000000000000000e+02
2.500000000000000000e+01 4.210000000000000000e+02
2.600000000000000000e+01 2.810000000000000000e+02
6.000000000000000000e+00 2.750000000000000000e+02
2.700000000000000000e+01 1.900000000000000000e+02
5.000000000000000000e+00 1.200000000000000000e+02
2.800000000000000000e+01 1.050000000000000000e+02
4.000000000000000000e+00 6.800000000000000000e+01
2.900000000000000000e+01 5.600000000000000000e+01
3.000000000000000000e+01 4.200000000000000000e+01
3.000000000000000000e+00 4.100000000000000000e+01
2.000000000000000000e+00 2.900000000000000000e+01
3.100000000000000000e+01 2.000000000000000000e+01
3.200000000000000000e+01 9.000000000000000000e+00
3.300000000000000000e+01 3.000000000000000000e+00
3.400000000000000000e+01 2.000000000000000000e+00
3.600000000000000000e+01 1.000000000000000000e+00

1.000000000000000000e+00 2.542788000000000000e+06
1.400000000000000000e+01 4.698000000000000000e+03
1.500000000000000000e+01 4.638000000000000000e+03
1.300000000000000000e+01 4.398000000000000000e+03
1.600000000000000000e+01 4.331000000000000000e+03
1.700000000000000000e+01 3.989000000000000000e+03
1.200000000000000000e+01 3.878000000000000000e+03
1.800000000000000000e+01 3.561000000000000000e+03
1.100000000000000000e+01 3.073000000000000000e+03
1.900000000000000000e+01 2.876000000000000000e+03
1.000000000000000000e+01 2.437000000000000000e+03
2.000000000000000000e+01 2.196000000000000000e+03
9.000000000000000000e+00 1.801000000000000000e+03
2.100000000000000000e+01 1.785000000000000000e+03
2.200000000000000000e+01 1.236000000000000000e+03
8.000000000000000000e+00 1.139000000000000000e+03
2.300000000000000000e+01 9.000000000000000000e+02
7.000000000000000000e+00 6.930000000000000000e+02
2.400000000000000000e+01 6.080000000000000000e+02
2.500000000000000000e+01 4.290000000000000000e+02
6.000000000000000000e+00 3.980000000000000000e+02
2.600000000000000000e+01 2.290000000000000000e+02
5.000000000000000000e+00 1.740000000000000000e+02
2.700000000000000000e+01 1.420000000000000000e+02
4.000000000000000000e+00 9.100000000000000000e+01
2.800000000000000000e+01 8.100000000000000000e+01
2.900000000000000000e+01 4.200000000000000000e+01
3.000000000000000000e+00 3.800000000000000000e+01
3.000000000000000000e+01 2.500000000000000000e+01
2.000000000000000000e+00 2.100000000000000000e+01
3.200000000000000000e+01 1.700000000000000000e+01
3.100000000000000000e+01 1.700000000000000000e+01
3.300000000000000000e+01 7.000000000000000000e+00
3.400000000000000000e+01 5.000000000000000000e+00
3.900000000000000000e+01 1.000000000000000000e+00
3.700000000000000000e+01 1.000000000000000000e+00

1.000000000000000000e+00 2.558187000000000000e+06
1.400000000000000000e+01 4.696000000000000000e+03
1.500000000000000000e+01 4.609000000000000000e+03
1.300000000000000000e+01 4.394000000000000000e+03
1.600000000000000000e+01 4.392000000000000000e+03
1.200000000000000000e+01 4.021000000000000000e+03
1.700000000000000000e+01 3.830000000000000000e+03
1.100000000000000000e+01 3.334000000000000000e+03
1.800000000000000000e+01 3.285000000000000000e+03
1.000000000000000000e+01 2.726000000000000000e+03
1.900000000000000000e+01 2.664000000000000000e+03
2.000000000000000000e+01 2.091000000000000000e+03
9.000000000000000000e+00 1.928000000000000000e+03
2.100000000000000000e+01 1.556000000000000000e+03
8.000000000000000000e+00 1.289000000000000000e+03
2.200000000000000000e+01 1.117000000000000000e+03
7.000000000000000000e+00 8.590000000000000000e+02
2.300000000000000000e+01 8.010000000000000000e+02
2.400000000000000000e+01 5.320000000000000000e+02
6.000000000000000000e+00 4.730000000000000000e+02
2.500000000000000000e+01 3.670000000000000000e+02
5.000000000000000000e+00 2.210000000000000000e+02
2.600000000000000000e+01 2.120000000000000000e+02
2.700000000000000000e+01 1.460000000000000000e+02
4.000000000000000000e+00 1.260000000000000000e+02
2.800000000000000000e+01 7.400000000000000000e+01
3.000000000000000000e+00 6.100000000000000000e+01
2.900000000000000000e+01 5.100000000000000000e+01
2.000000000000000000e+00 4.900000000000000000e+01
3.000000000000000000e+01 2.600000000000000000e+01
3.100000000000000000e+01 1.000000000000000000e+01
3.300000000000000000e+01 7.000000000000000000e+00
3.200000000000000000e+01 5.000000000000000000e+00
3.400000000000000000e+01 4.000000000000000000e+00
3.500000000000000000e+01 1.000000000000000000e+00

1.000000000000000000e+00 2.575218000000000000e+06
1.400000000000000000e+01 4.666000000000000000e+03
1.300000000000000000e+01 4.492000000000000000e+03
1.500000000000000000e+01 4.414000000000000000e+03
1.600000000000000000e+01 4.156000000000000000e+03
1.200000000000000000e+01 4.148000000000000000e+03
1.100000000000000000e+01 3.741000000000000000e+03
1.700000000000000000e+01 3.638000000000000000e+03
1.800000000000000000e+01 3.089000000000000000e+03
1.000000000000000000e+01 2.935000000000000000e+03
1.900000000000000000e+01 2.416000000000000000e+03
9.000000000000000000e+00 2.223000000000000000e+03
2.000000000000000000e+01 1.939000000000000000e+03
8.000000000000000000e+00 1.518000000000000000e+03
2.100000000000000000e+01 1.450000000000000000e+03
2.200000000000000000e+01 1.042000000000000000e+03
7.000000000000000000e+00 9.520000000000000000e+02
2.300000000000000000e+01 6.670000000000000000e+02
6.000000000000000000e+00 5.710000000000000000e+02
2.400000000000000000e+01 4.690000000000000000e+02
5.000000000000000000e+00 3.220000000000000000e+02
2.500000000000000000e+01 3.190000000000000000e+02
2.600000000000000000e+01 1.820000000000000000e+02
4.000000000000000000e+00 1.640000000000000000e+02
2.700000000000000000e+01 1.150000000000000000e+02
3.000000000000000000e+00 8.300000000000000000e+01
2.800000000000000000e+01 7.500000000000000000e+01
2.000000000000000000e+00 5.500000000000000000e+01
2.900000000000000000e+01 4.600000000000000000e+01
3.000000000000000000e+01 2.800000000000000000e+01
3.100000000000000000e+01 1.400000000000000000e+01
3.200000000000000000e+01 1.000000000000000000e+01
3.400000000000000000e+01 4.000000000000000000e+00
3.300000000000000000e+01 3.000000000000000000e+00
3.500000000000000000e+01 1.000000000000000000e+00

1.000000000000000000e+00 2.594380000000000000e+06
1.300000000000000000e+01 4.615000000000000000e+03
1.400000000000000000e+01 4.576000000000000000e+03
1.500000000000000000e+01 4.354000000000000000e+03
1.200000000000000000e+01 4.313000000000000000e+03
1.600000000000000000e+01 3.945000000000000000e+03
1.100000000000000000e+01 3.808000000000000000e+03
1.700000000000000000e+01 3.396000000000000000e+03
1.000000000000000000e+01 3.206000000000000000e+03
1.800000000000000000e+01 2.787000000000000000e+03
9.000000000000000000e+00 2.503000000000000000e+03
1.900000000000000000e+01 2.191000000000000000e+03
8.000000000000000000e+00 1.780000000000000000e+03
2.000000000000000000e+01 1.689000000000000000e+03
2.100000000000000000e+01 1.252000000000000000e+03
7.000000000000000000e+00 1.230000000000000000e+03
2.200000000000000000e+01 9.300000000000000000e+02
6.000000000000000000e+00 7.430000000000000000e+02
2.300000000000000000e+01 5.990000000000000000e+02
2.400000000000000000e+01 4.370000000000000000e+02
5.000000000000000000e+00 4.050000000000000000e+02
2.500000000000000000e+01 2.760000000000000000e+02
4.000000000000000000e+00 2.210000000000000000e+02
2.600000000000000000e+01 1.770000000000000000e+02
3.000000000000000000e+00 1.230000000000000000e+02
2.700000000000000000e+01 1.100000000000000000e+02
2.000000000000000000e+00 9.000000000000000000e+01
2.800000000000000000e+01 7.500000000000000000e+01
2.900000000000000000e+01 4.200000000000000000e+01
3.100000000000000000e+01 2.200000000000000000e+01
3.000000000000000000e+01 1.900000000000000000e+01
3.200000000000000000e+01 1.000000000000000000e+01
3.500000000000000000e+01 6.000000000000000000e+00
3.300000000000000000e+01 4.000000000000000000e+00
3.400000000000000000e+01 2.000000000000000000e+00
3.800000000000000000e+01 1.000000000000000000e+00

1.000000000000000000e+00 2.620546000000000000e+06
1.300000000000000000e+01 4.507000000000000000e+03
1.200000000000000000e+01 4.476000000000000000e+03
1.400000000000000000e+01 4.432000000000000000e+03
1.500000000000000000e+01 4.171000000000000000e+03
1.100000000000000000e+01 4.121000000000000000e+03
1.600000000000000000e+01 3.676000000000000000e+03
1.000000000000000000e+01 3.519000000000000000e+03
1.700000000000000000e+01 3.157000000000000000e+03
9.000000000000000000e+00 2.763000000000000000e+03
1.800000000000000000e+01 2.470000000000000000e+03
8.000000000000000000e+00 2.192000000000000000e+03
1.900000000000000000e+01 1.905000000000000000e+03
7.000000000000000000e+00 1.480000000000000000e+03
2.000000000000000000e+01 1.424000000000000000e+03
2.100000000000000000e+01 1.065000000000000000e+03
6.000000000000000000e+00 9.920000000000000000e+02
2.200000000000000000e+01 7.620000000000000000e+02
5.000000000000000000e+00 6.030000000000000000e+02
2.300000000000000000e+01 6.000000000000000000e+02
4.000000000000000000e+00 3.220000000000000000e+02
2.400000000000000000e+01 3.120000000000000000e+02
2.500000000000000000e+01 2.300000000000000000e+02
3.000000000000000000e+00 1.960000000000000000e+02
2.600000000000000000e+01 1.550000000000000000e+02
2.000000000000000000e+00 1.460000000000000000e+02
2.700000000000000000e+01 9.500000000000000000e+01
2.800000000000000000e+01 6.600000000000000000e+01
3.000000000000000000e+01 2.100000000000000000e+01
2.900000000000000000e+01 1.900000000000000000e+01
3.100000000000000000e+01 1.000000000000000000e+01
3.300000000000000000e+01 6.000000000000000000e+00
3.200000000000000000e+01 4.000000000000000000e+00
3.500000000000000000e+01 1.000000000000000000e+00
3.700000000000000000e+01 1.000000000000000000e+00

1.000000000000000000e+00 2.644760000000000000e+06
1.300000000000000000e+01 4.410000000000000000e+03
1.200000000000000000e+01 4.335000000000000000e+03
1.400000000000000000e+01 4.210000000000000000e+03
1.100000000000000000e+01 4.120000000000000000e+03
1.500000000000000000e+01 3.814000000000000000e+03
1.000000000000000000e+01 3.640000000000000000e+03
1.600000000000000000e+01 3.255000000000000000e+03
9.000000000000000000e+00 3.129000000000000000e+03
1.700000000000000000e+01 2.924000000000000000e+03
8.000000000000000000e+00 2.606000000000000000e+03
1.800000000000000000e+01 2.278000000000000000e+03
7.000000000000000000e+00 1.782000000000000000e+03
1.900000000000000000e+01 1.737000000000000000e+03
2.000000000000000000e+01 1.325000000000000000e+03
6.000000000000000000e+00 1.290000000000000000e+03
2.100000000000000000e+01 1.007000000000000000e+03
5.000000000000000000e+00 8.410000000000000000e+02
2.200000000000000000e+01 6.740000000000000000e+02
4.000000000000000000e+00 5.070000000000000000e+02
2.300000000000000000e+01 4.490000000000000000e+02
3.000000000000000000e+00 3.390000000000000000e+02
2.400000000000000000e+01 3.220000000000000000e+02
2.000000000000000000e+00 2.450000000000000000e+02
2.500000000000000000e+01 2.180000000000000000e+02
2.600000000000000000e+01 1.200000000000000000e+02
2.700000000000000000e+01 9.100000000000000000e+01
2.800000000000000000e+01 5.400000000000000000e+01
2.900000000000000000e+01 3.600000000000000000e+01
3.000000000000000000e+01 1.700000000000000000e+01
3.100000000000000000e+01 1.000000000000000000e+01
3.300000000000000000e+01 5.000000000000000000e+00
3.200000000000000000e+01 3.000000000000000000e+00
3.400000000000000000e+01 2.000000000000000000e+00

1.000000000000000000e+00 2.682716000000000000e+06
1.200000000000000000e+01 4.246000000000000000e+03
1.300000000000000000e+01 4.095000000000000000e+03
1.100000000000000000e+01 4.077000000000000000e+03
1.000000000000000000e+01 3.965000000000000000e+03
1.400000000000000000e+01 3.749000000000000000e+03
9.000000000000000000e+00 3.337000000000000000e+03
1.500000000000000000e+01 3.249000000000000000e+03
8.000000000000000000e+00 2.980000000000000000e+03
1.600000000000000000e+01 2.961000000000000000e+03
1.700000000000000000e+01 2.466000000000000000e+03
7.000000000000000000e+00 2.323000000000000000e+03
1.800000000000000000e+01 1.893000000000000000e+03
6.000000000000000000e+00 1.742000000000000000e+03
1.900000000000000000e+01 1.536000000000000000e+03
5.000000000000000000e+00 1.291000000000000000e+03
2.000000000000000000e+01 1.144000000000000000e+03
4.000000000000000000e+00 8.890000000000000000e+02
2.100000000000000000e+01 8.440000000000000000e+02
3.000000000000000000e+00 6.040000000000000000e+02
2.200000000000000000e+01 5.930000000000000000e+02
2.000000000000000000e+00 4.920000000000000000e+02
2.300000000000000000e+01 4.000000000000000000e+02
2.400000000000000000e+01 2.580000000000000000e+02
2.500000000000000000e+01 1.670000000000000000e+02
2.600000000000000000e+01 1.170000000000000000e+02
2.700000000000000000e+01 7.600000000000000000e+01
2.800000000000000000e+01 5.300000000000000000e+01
2.900000000000000000e+01 2.700000000000000000e+01
3.000000000000000000e+01 2.200000000000000000e+01
3.100000000000000000e+01 2.000000000000000000e+00
3.200000000000000000e+01 2.000000000000000000e+00
3.300000000000000000e+01 2.000000000000000000e+00

1.000000000000000000e+00 2.728623000000000000e+06
1.100000000000000000e+01 3.995000000000000000e+03
1.200000000000000000e+01 3.886000000000000000e+03
1.000000000000000000e+01 3.885000000000000000e+03
1.300000000000000000e+01 3.632000000000000000e+03
9.000000000000000000e+00 3.592000000000000000e+03
1.400000000000000000e+01 3.288000000000000000e+03
8.000000000000000000e+00 3.139000000000000000e+03
1.500000000000000000e+01 2.858000000000000000e+03
7.000000000000000000e+00 2.825000000000000000e+03
1.600000000000000000e+01 2.392000000000000000e+03
6.000000000000000000e+00 2.327000000000000000e+03
1.700000000000000000e+01 1.997000000000000000e+03
5.000000000000000000e+00 1.896000000000000000e+03
1.800000000000000000e+01 1.660000000000000000e+03
4.000000000000000000e+00 1.369000000000000000e+03
1.900000000000000000e+01 1.221000000000000000e+03
3.000000000000000000e+00 1.106000000000000000e+03
2.000000000000000000e+01 9.620000000000000000e+02
2.000000000000000000e+00 9.270000000000000000e+02
2.100000000000000000e+01 6.730000000000000000e+02
2.200000000000000000e+01 5.180000000000000000e+02
2.300000000000000000e+01 3.720000000000000000e+02
2.400000000000000000e+01 2.250000000000000000e+02
2.500000000000000000e+01 1.490000000000000000e+02
2.600000000000000000e+01 1.050000000000000000e+02
2.700000000000000000e+01 6.900000000000000000e+01
2.800000000000000000e+01 4.000000000000000000e+01
2.900000000000000000e+01 2.000000000000000000e+01
3.000000000000000000e+01 1.300000000000000000e+01
3.100000000000000000e+01 2.000000000000000000e+00
3.200000000000000000e+01 1.000000000000000000e+00

1.000000000000000000e+00 2.789082000000000000e+06
1.000000000000000000e+01 3.664000000000000000e+03
9.000000000000000000e+00 3.630000000000000000e+03
1.100000000000000000e+01 3.600000000000000000e+03
8.000000000000000000e+00 3.526000000000000000e+03
1.200000000000000000e+01 3.480000000000000000e+03
7.000000000000000000e+00 3.249000000000000000e+03
1.300000000000000000e+01 3.006000000000000000e+03
6.000000000000000000e+00 2.872000000000000000e+03
1.400000000000000000e+01 2.691000000000000000e+03
5.000000000000000000e+00 2.546000000000000000e+03
1.500000000000000000e+01 2.379000000000000000e+03
4.000000000000000000e+00 2.087000000000000000e+03
1.600000000000000000e+01 1.943000000000000000e+03
3.000000000000000000e+00 1.709000000000000000e+03
1.700000000000000000e+01 1.574000000000000000e+03
2.000000000000000000e+00 1.560000000000000000e+03
1.800000000000000000e+01 1.232000000000000000e+03
1.900000000000000000e+01 9.800000000000000000e+02
2.000000000000000000e+01 7.890000000000000000e+02
2.100000000000000000e+01 5.320000000000000000e+02
2.200000000000000000e+01 3.830000000000000000e+02
2.300000000000000000e+01 2.450000000000000000e+02
2.400000000000000000e+01 1.660000000000000000e+02
2.500000000000000000e+01 9.700000000000000000e+01
2.600000000000000000e+01 6.600000000000000000e+01
2.700000000000000000e+01 4.000000000000000000e+01
2.800000000000000000e+01 2.600000000000000000e+01
2.900000000000000000e+01 1.500000000000000000e+01
3.100000000000000000e+01 7.000000000000000000e+00
3.300000000000000000e+01 1.000000000000000000e+00
3.000000000000000000e+01 1.000000000000000000e+00

1.000000000000000000e+00 2.852257000000000000e+06
8.000000000000000000e+00 3.673000000000000000e+03
9.000000000000000000e+00 3.639000000000000000e+03
7.000000000000000000e+00 3.621000000000000000e+03
6.000000000000000000e+00 3.442000000000000000e+03
1.000000000000000000e+01 3.383000000000000000e+03
1.100000000000000000e+01 3.214000000000000000e+03
5.000000000000000000e+00 3.124000000000000000e+03
4.000000000000000000e+00 2.872000000000000000e+03
1.200000000000000000e+01 2.861000000000000000e+03
1.300000000000000000e+01 2.518000000000000000e+03
3.000000000000000000e+00 2.506000000000000000e+03
2.000000000000000000e+00 2.356000000000000000e+03
1.400000000000000000e+01 2.165000000000000000e+03
1.500000000000000000e+01 1.835000000000000000e+03
1.600000000000000000e+01 1.454000000000000000e+03
1.700000000000000000e+01 1.202000000000000000e+03
1.800000000000000000e+01 9.070000000000000000e+02
1.900000000000000000e+01 7.280000000000000000e+02
2.000000000000000000e+01 4.900000000000000000e+02
2.100000000000000000e+01 3.640000000000000000e+02
2.200000000000000000e+01 2.470000000000000000e+02
2.300000000000000000e+01 1.530000000000000000e+02
2.400000000000000000e+01 1.160000000000000000e+02
2.500000000000000000e+01 5.700000000000000000e+01
2.600000000000000000e+01 2.900000000000000000e+01
2.700000000000000000e+01 2.000000000000000000e+01
2.800000000000000000e+01 9.000000000000000000e+00
2.900000000000000000e+01 3.000000000000000000e+00
3.000000000000000000e+01 2.000000000000000000e+00
3.100000000000000000e+01 1.000000000000000000e+00

1.000000000000000000e+00 2.918534000000000000e+06
6.000000000000000000e+00 3.858000000000000000e+03
5.000000000000000000e+00 3.816000000000000000e+03
4.000000000000000000e+00 3.729000000000000000e+03
7.000000000000000000e+00 3.677000000000000000e+03
8.000000000000000000e+00 3.502000000000000000e+03
3.000000000000000000e+00 3.458000000000000000e+03
2.000000000000000000e+00 3.352000000000000000e+03
9.000000000000000000e+00 3.323000000000000000e+03
1.000000000000000000e+01 3.060000000000000000e+03
1.100000000000000000e+01 2.744000000000000000e+03
1.200000000000000000e+01 2.353000000000000000e+03
1.300000000000000000e+01 1.948000000000000000e+03
1.400000000000000000e+01 1.617000000000000000e+03
1.500000000000000000e+01 1.414000000000000000e+03
1.600000000000000000e+01 1.087000000000000000e+03
1.700000000000000000e+01 8.010000000000000000e+02
1.800000000000000000e+01 5.690000000000000000e+02
1.900000000000000000e+01 4.120000000000000000e+02
2.000000000000000000e+01 2.680000000000000000e+02
2.100000000000000000e+01 1.930000000000000000e+02
2.200000000000000000e+01 1.300000000000000000e+02
2.300000000000000000e+01 6.800000000000000000e+01
2.400000000000000000e+01 4.100000000000000000e+01
2.500000000000000000e+01 3.500000000000000000e+01
2.600000000000000000e+01 1.300000000000000000e+01
2.700000000000000000e+01 6.000000000000000000e+00
2.900000000000000000e+01 3.000000000000000000e+00
2.800000000000000000e+01 1.000000000000000000e+00

1.000000000000000000e+00 2.992695000000000000e+06
2.000000000000000000e+00 4.842000000000000000e+03
4.000000000000000000e+00 4.555000000000000000e+03
3.000000000000000000e+00 4.526000000000000000e+03
5.000000000000000000e+00 4.234000000000000000e+03
6.000000000000000000e+00 4.034000000000000000e+03
7.000000000000000000e+00 3.713000000000000000e+03
8.000000000000000000e+00 3.189000000000000000e+03
9.000000000000000000e+00 2.769000000000000000e+03
1.000000000000000000e+01 2.481000000000000000e+03
1.100000000000000000e+01 2.111000000000000000e+03
1.200000000000000000e+01 1.677000000000000000e+03
1.300000000000000000e+01 1.370000000000000000e+03
1.400000000000000000e+01 1.079000000000000000e+03
1.500000000000000000e+01 7.970000000000000000e+02
1.600000000000000000e+01 5.710000000000000000e+02
1.700000000000000000e+01 4.270000000000000000e+02
1.800000000000000000e+01 2.860000000000000000e+02
1.900000000000000000e+01 1.780000000000000000e+02
2.000000000000000000e+01 1.230000000000000000e+02
2.100000000000000000e+01 7.900000000000000000e+01
2.200000000000000000e+01 3.900000000000000000e+01
2.300000000000000000e+01 2.800000000000000000e+01
2.400000000000000000e+01 9.000000000000000000e+00
2.700000000000000000e+01 4.000000000000000000e+00
2.500000000000000000e+01 3.000000000000000000e+00
2.600000000000000000e+01 1.000000000000000000e+00
2.800000000000000000e+01 1.000000000000000000e+00

1.000000000000000000e+00 3.059408000000000000e+06
2.000000000000000000e+00 6.340000000000000000e+03
3.000000000000000000e+00 5.720000000000000000e+03
4.000000000000000000e+00 5.204000000000000000e+03
5.000000000000000000e+00 4.551000000000000000e+03
6.000000000000000000e+00 3.995000000000000000e+03
7.000000000000000000e+00 3.163000000000000000e+03
8.000000000000000000e+00 2.617000000000000000e+03
9.000000000000000000e+00 2.089000000000000000e+03
1.000000000000000000e+01 1.706000000000000000e+03
1.100000000000000000e+01 1.339000000000000000e+03
1.200000000000000000e+01 9.970000000000000000e+02
1.300000000000000000e+01 7.570000000000000000e+02
1.400000000000000000e+01 5.710000000000000000e+02
1.500000000000000000e+01 4.610000000000000000e+02
1.600000000000000000e+01 2.550000000000000000e+02
1.700000000000000000e+01 1.990000000000000000e+02
1.800000000000000000e+01 1.190000000000000000e+02
1.900000000000000000e+01 6.200000000000000000e+01
2.000000000000000000e+01 4.300000000000000000e+01
2.100000000000000000e+01 2.400000000000000000e+01
2.200000000000000000e+01 1.800000000000000000e+01
2.300000000000000000e+01 6.000000000000000000e+00
2.500000000000000000e+01 3.000000000000000000e+00
2.400000000000000000e+01 2.000000000000000000e+00
2.600000000000000000e+01 1.000000000000000000e+00

1.000000000000000000e+00 3.127883000000000000e+06
2.000000000000000000e+00 7.993000000000000000e+03
3.000000000000000000e+00 6.573000000000000000e+03
4.000000000000000000e+00 5.422000000000000000e+03
5.000000000000000000e+00 4.245000000000000000e+03
6.000000000000000000e+00 3.246000000000000000e+03
7.000000000000000000e+00 2.283000000000000000e+03
8.000000000000000000e+00 1.682000000000000000e+03
9.000000000000000000e+00 1.174000000000000000e+03
1.000000000000000000e+01 8.970000000000000000e+02
1.100000000000000000e+01 6.410000000000000000e+02
1.200000000000000000e+01 4.210000000000000000e+02
1.300000000000000000e+01 3.160000000000000000e+02
1.400000000000000000e+01 1.980000000000000000e+02
1.500000000000000000e+01 1.190000000000000000e+02
1.600000000000000000e+01 1.030000000000000000e+02
1.700000000000000000e+01 6.300000000000000000e+01
1.800000000000000000e+01 3.700000000000000000e+01
1.900000000000000000e+01 2.100000000000000000e+01
2.000000000000000000e+01 1.300000000000000000e+01
2.100000000000000000e+01 6.000000000000000000e+00
2.200000000000000000e+01 3.000000000000000000e+00
2.300000000000000000e+01 2.000000000000000000e+00

1.000000000000000000e+00 3.164102000000000000e+06
2.000000000000000000e+00 9.054000000000000000e+03
3.000000000000000000e+00 7.236000000000000000e+03
4.000000000000000000e+00 5.465000000000000000e+03
5.000000000000000000e+00 3.851000000000000000e+03
6.000000000000000000e+00 2.569000000000000000e+03
7.000000000000000000e+00 1.614000000000000000e+03
8.000000000000000000e+00 1.122000000000000000e+03
9.000000000000000000e+00 6.570000000000000000e+02
1.000000000000000000e+01 4.330000000000000000e+02
1.100000000000000000e+01 2.620000000000000000e+02
1.200000000000000000e+01 1.890000000000000000e+02
1.300000000000000000e+01 1.140000000000000000e+02
1.400000000000000000e+01 7.300000000000000000e+01
1.500000000000000000e+01 3.300000000000000000e+01
1.600000000000000000e+01 2.900000000000000000e+01
1.700000000000000000e+01 1.500000000000000000e+01
1.900000000000000000e+01 6.000000000000000000e+00
1.800000000000000000e+01 3.000000000000000000e+00

1.000000000000000000e+00 3.194034000000000000e+06
2.000000000000000000e+00 9.735000000000000000e+03
3.000000000000000000e+00 7.161000000000000000e+03
4.000000000000000000e+00 4.901000000000000000e+03
5.000000000000000000e+00 3.102000000000000000e+03
6.000000000000000000e+00 1.786000000000000000e+03
7.000000000000000000e+00 1.007000000000000000e+03
8.000000000000000000e+00 5.400000000000000000e+02
9.000000000000000000e+00 3.300000000000000000e+02
1.000000000000000000e+01 1.710000000000000000e+02
1.100000000000000000e+01 1.050000000000000000e+02
1.200000000000000000e+01 7.100000000000000000e+01
1.300000000000000000e+01 3.800000000000000000e+01
1.400000000000000000e+01 1.900000000000000000e+01
1.500000000000000000e+01 9.000000000000000000e+00
1.600000000000000000e+01 9.000000000000000000e+00
1.700000000000000000e+01 3.000000000000000000e+00
1.800000000000000000e+01 1.000000000000000000e+00
1.900000000000000000e+01 1.000000000000000000e+00

1.000000000000000000e+00 3.213701000000000000e+06
2.000000000000000000e+00 1.015100000000000000e+04
3.000000000000000000e+00 6.856000000000000000e+03
4.000000000000000000e+00 4.456000000000000000e+03
5.000000000000000000e+00 2.367000000000000000e+03
6.000000000000000000e+00 1.220000000000000000e+03
7.000000000000000000e+00 5.470000000000000000e+02
8.000000000000000000e+00 2.550000000000000000e+02
9.000000000000000000e+00 1.200000000000000000e+02
1.000000000000000000e+01 6.300000000000000000e+01
1.100000000000000000e+01 3.200000000000000000e+01
1.200000000000000000e+01 2.000000000000000000e+01
1.300000000000000000e+01 1.200000000000000000e+01
1.400000000000000000e+01 3.000000000000000000e+00
1.500000000000000000e+01 2.000000000000000000e+00
1.800000000000000000e+01 1.000000000000000000e+00
1.600000000000000000e+01 1.000000000000000000e+00
1.700000000000000000e+01 1.000000000000000000e+00

1.000000000000000000e+00 3.226830000000000000e+06
2.000000000000000000e+00 1.022400000000000000e+04
3.000000000000000000e+00 6.546000000000000000e+03
4.000000000000000000e+00 3.832000000000000000e+03
5.000000000000000000e+00 1.824000000000000000e+03
6.000000000000000000e+00 7.960000000000000000e+02
7.000000000000000000e+00 3.100000000000000000e+02
8.000000000000000000e+00 1.150000000000000000e+02
9.000000000000000000e+00 4.600000000000000000e+01
1.000000000000000000e+01 1.400000000000000000e+01
1.100000000000000000e+01 1.000000000000000000e+01
1.200000000000000000e+01 3.000000000000000000e+00
1.300000000000000000e+01 3.000000000000000000e+00
1.600000000000000000e+01 1.000000000000000000e+00
1.500000000000000000e+01 1.000000000000000000e+00

1.000000000000000000e+00 3.232356000000000000e+06
2.000000000000000000e+00 1.026500000000000000e+04
3.000000000000000000e+00 6.385000000000000000e+03
4.000000000000000000e+00 3.402000000000000000e+03
5.000000000000000000e+00 1.589000000000000000e+03
6.000000000000000000e+00 6.440000000000000000e+02
7.000000000000000000e+00 2.330000000000000000e+02
8.000000000000000000e+00 6.700000000000000000e+01
9.000000000000000000e+00 2.100000000000000000e+01
1.000000000000000000e+01 8.000000000000000000e+00
1.100000000000000000e+01 4.000000000000000000e+00
1.200000000000000000e+01 3.000000000000000000e+00
1.300000000000000000e+01 2.000000000000000000e+00

1.000000000000000000e+00 3.236433000000000000e+06
2.000000000000000000e+00 1.030700000000000000e+04
3.000000000000000000e+00 6.058000000000000000e+03
4.000000000000000000e+00 3.170000000000000000e+03
5.000000000000000000e+00 1.419000000000000000e+03
6.000000000000000000e+00 5.140000000000000000e+02
7.000000000000000000e+00 1.780000000000000000e+02
8.000000000000000000e+00 5.800000000000000000e+01
9.000000000000000000e+00 2.000000000000000000e+01
1.000000000000000000e+01 3.000000000000000000e+00

1.000000000000000000e+00 3.238704000000000000e+06
2.000000000000000000e+00 1.019900000000000000e+04
3.000000000000000000e+00 6.027000000000000000e+03
4.000000000000000000e+00 3.041000000000000000e+03
5.000000000000000000e+00 1.300000000000000000e+03
6.000000000000000000e+00 4.410000000000000000e+02
7.000000000000000000e+00 1.510000000000000000e+02
8.000000000000000000e+00 4.200000000000000000e+01
9.000000000000000000e+00 8.000000000000000000e+00
1.000000000000000000e+01 2.000000000000000000e+00
1.100000000000000000e+01 2.000000000000000000e+00

1.000000000000000000e+00 3.240763000000000000e+06
2.000000000000000000e+00 1.007800000000000000e+04
3.000000000000000000e+00 5.873000000000000000e+03
4.000000000000000000e+00 2.904000000000000000e+03
5.000000000000000000e+00 1.231000000000000000e+03
6.000000000000000000e+00 4.230000000000000000e+02
7.000000000000000000e+00 1.110000000000000000e+02
8.000000000000000000e+00 3.000000000000000000e+01
9.000000000000000000e+00 1.400000000000000000e+01
1.000000000000000000e+01 1.000000000000000000e+00

1.000000000000000000e+00 3.241622000000000000e+06
2.000000000000000000e+00 9.961000000000000000e+03
3.000000000000000000e+00 5.768000000000000000e+03
4.000000000000000000e+00 2.921000000000000000e+03
5.000000000000000000e+00 1.188000000000000000e+03
6.000000000000000000e+00 4.050000000000000000e+02
7.000000000000000000e+00 1.120000000000000000e+02
8.000000000000000000e+00 3.000000000000000000e+01
9.000000000000000000e+00 6.000000000000000000e+00
1.000000000000000000e+01 2.000000000000000000e+00

1.000000000000000000e+00 3.242491000000000000e+06
2.000000000000000000e+00 1.004400000000000000e+04
3.000000000000000000e+00 5.813000000000000000e+03
4.000000000000000000e+00 2.773000000000000000e+03
5.000000000000000000e+00 1.129000000000000000e+03
6.000000000000000000e+00 3.780000000000000000e+02
7.000000000000000000e+00 1.080000000000000000e+02
8.000000000000000000e+00 2.300000000000000000e+01
9.000000000000000000e+00 3.000000000000000000e+00
1.000000000000000000e+01 1.000000000000000000e+00

1.000000000000000000e+00 2.493762000000000000e+06
1.600000000000000000e+01 5.150000000000000000e+03
1.500000000000000000e+01 5.141000000000000000e+03
1.700000000000000000e+01 4.852000000000000000e+03
1.400000000000000000e+01 4.675000000000000000e+03
1.800000000000000000e+01 4.458000000000000000e+03
1.300000000000000000e+01 4.007000000000000000e+03
1.900000000000000000e+01 3.601000000000000000e+03
1.200000000000000000e+01 3.197000000000000000e+03
2.000000000000000000e+01 2.844000000000000000e+03
1.100000000000000000e+01 2.219000000000000000e+03
2.100000000000000000e+01 2.136000000000000000e+03
2.200000000000000000e+01 1.536000000000000000e+03
1.000000000000000000e+01 1.426000000000000000e+03
2.300000000000000000e+01 1.022000000000000000e+03
9.000000000000000000e+00 9.090000000000000000e+02
2.400000000000000000e+01 6.940000000000000000e+02
8.000000000000000000e+00 4.890000000000000000e+02
2.500000000000000000e+01 4.660000000000000000e+02
2.600000000000000000e+01 2.850000000000000000e+02
7.000000000000000000e+00 2.680000000000000000e+02
2.700000000000000000e+01 1.750000000000000000e+02
2.800000000000000000e+01 1.200000000000000000e+02
6.000000000000000000e+00 9.000000000000000000e+01
2.900000000000000000e+01 5.100000000000000000e+01
5.000000000000000000e+00 4.500000000000000000e+01
3.000000000000000000e+01 2.900000000000000000e+01
2.000000000000000000e+00 2.100000000000000000e+01
4.000000000000000000e+00 1.900000000000000000e+01
3.100000000000000000e+01 1.300000000000000000e+01
3.000000000000000000e+00 1.100000000000000000e+01
3.200000000000000000e+01 8.000000000000000000e+00
3.300000000000000000e+01 4.000000000000000000e+00
3.400000000000000000e+01 3.000000000000000000e+00
4.000000000000000000e+01 1.000000000000000000e+00

1.000000000000000000e+00 2.500765000000000000e+06
1.600000000000000000e+01 5.081000000000000000e+03
1.500000000000000000e+01 4.965000000000000000e+03
1.700000000000000000e+01 4.801000000000000000e+03
1.400000000000000000e+01 4.698000000000000000e+03
1.800000000000000000e+01 4.082000000000000000e+03
1.300000000000000000e+01 4.054000000000000000e+03
1.900000000000000000e+01 3.394000000000000000e+03
1.200000000000000000e+01 3.281000000000000000e+03
2.000000000000000000e+01 2.668000000000000000e+03
1.100000000000000000e+01 2.400000000000000000e+03
2.100000000000000000e+01 2.123000000000000000e+03
1.000000000000000000e+01 1.639000000000000000e+03
2.200000000000000000e+01 1.543000000000000000e+03
9.000000000000000000e+00 1.073000000000000000e+03
2.300000000000000000e+01 1.061000000000000000e+03
2.400000000000000000e+01 7.360000000000000000e+02
8.000000000000000000e+00 5.990000000000000000e+02
2.500000000000000000e+01 4.490000000000000000e+02
2.600000000000000000e+01 3.140000000000000000e+02
7.000000000000000000e+00 2.780000000000000000e+02
2.700000000000000000e+01 1.820000000000000000e+02
6.000000000000000000e+00 1.510000000000000000e+02
2.800000000000000000e+01 1.150000000000000000e+02
5.000000000000000000e+00 6.200000000000000000e+01
4.000000000000000000e+00 4.800000000000000000e+01
3.000000000000000000e+01 4.400000000000000000e+01
2.900000000000000000e+01 3.600000000000000000e+01
3.100000000000000000e+01 2.600000000000000000e+01
2.000000000000000000e+00 2.500000000000000000e+01
3.000000000000000000e+00 1.900000000000000000e+01
3.200000000000000000e+01 1.200000000000000000e+01
3.300000000000000000e+01 4.000000000000000000e+00
3.400000000000000000e+01 2.000000000000000000e+00
3.500000000000000000e+01 2.000000000000000000e+00
3.600000000000000000e+01 1.000000000000000000e+00

1.000000000000000000e+00 2.506909000000000000e+06
1.500000000000000000e+01 4.863000000000000000e+03
1.600000000000000000e+01 4.829000000000000000e+03
1.400000000000000000e+01 4.562000000000000000e+03
1.700000000000000000e+01 4.471000000000000000e+03
1.300000000000000000e+01 4.081000000000000000e+03
1.800000000000000000e+01 3.951000000000000000e+03
1.200000000000000000e+01 3.277000000000000000e+03
1.900000000000000000e+01 3.243000000000000000e+03
2.000000000000000000e+01 2.623000000000000000e+03
1.100000000000000000e+01 2.588000000000000000e+03
2.100000000000000000e+01 2.096000000000000000e+03
1.000000000000000000e+01 1.852000000000000000e+03
2.200000000000000000e+01 1.507000000000000000e+03
9.000000000000000000e+00 1.216000000000000000e+03
2.300000000000000000e+01 1.097000000000000000e+03
2.400000000000000000e+01 7.980000000000000000e+02
8.000000000000000000e+00 7.240000000000000000e+02
2.500000000000000000e+01 4.500000000000000000e+02
7.000000000000000000e+00 4.140000000000000000e+02
2.600000000000000000e+01 3.080000000000000000e+02
6.000000000000000000e+00 2.360000000000000000e+02
2.700000000000000000e+01 2.200000000000000000e+02
2.800000000000000000e+01 1.370000000000000000e+02
5.000000000000000000e+00 1.020000000000000000e+02
2.900000000000000000e+01 7.700000000000000000e+01
3.000000000000000000e+01 5.600000000000000000e+01
4.000000000000000000e+00 4.500000000000000000e+01
3.000000000000000000e+00 3.700000000000000000e+01
2.000000000000000000e+00 3.100000000000000000e+01
3.100000000000000000e+01 3.100000000000000000e+01
3.200000000000000000e+01 1.500000000000000000e+01
3.300000000000000000e+01 5.000000000000000000e+00
3.400000000000000000e+01 5.000000000000000000e+00
3.600000000000000000e+01 4.000000000000000000e+00
4.200000000000000000e+01 1.000000000000000000e+00
3.500000000000000000e+01 1.000000000000000000e+00
3.700000000000000000e+01 1.000000000000000000e+00

1.000000000000000000e+00 2.517667000000000000e+06
1.500000000000000000e+01 4.674000000000000000e+03
1.600000000000000000e+01 4.480000000000000000e+03
1.400000000000000000e+01 4.413000000000000000e+03
1.700000000000000000e+01 4.118000000000000000e+03
1.300000000000000000e+01 4.071000000000000000e+03
1.800000000000000000e+01 3.829000000000000000e+03
1.200000000000000000e+01 3.479000000000000000e+03
1.900000000000000000e+01 3.113000000000000000e+03
1.100000000000000000e+01 2.781000000000000000e+03
2.000000000000000000e+01 2.564000000000000000e+03
2.100000000000000000e+01 2.046000000000000000e+03
1.000000000000000000e+01 2.025000000000000000e+03
2.200000000000000000e+01 1.486000000000000000e+03
9.000000000000000000e+00 1.461000000000000000e+03
2.300000000000000000e+01 1.053000000000000000e+03
8.000000000000000000e+00 9.560000000000000000e+02
2.400000000000000000e+01 7.820000000000000000e+02
7.000000000000000000e+00 5.790000000000000000e+02
2.500000000000000000e+01 4.750000000000000000e+02
2.600000000000000000e+01 3.320000000000000000e+02
6.000000000000000000e+00 2.940000000000000000e+02
2.700000000000000000e+01 2.280000000000000000e+02
5.000000000000000000e+00 1.690000000000000000e+02
2.800000000000000000e+01 1.290000000000000000e+02
4.000000000000000000e+00 9.400000000000000000e+01
2.900000000000000000e+01 8.900000000000000000e+01
3.000000000000000000e+01 5.600000000000000000e+01
3.000000000000000000e+00 5.400000000000000000e+01
2.000000000000000000e+00 4.400000000000000000e+01
3.100000000000000000e+01 3.100000000000000000e+01
3.200000000000000000e+01 1.800000000000000000e+01
3.300000000000000000e+01 1.500000000000000000e+01
3.500000000000000000e+01 7.000000000000000000e+00
3.400000000000000000e+01 6.000000000000000000e+00
3.600000000000000000e+01 2.000000000000000000e+00
3.700000000000000000e+01 1.000000000000000000e+00
3.800000000000000000e+01 1.000000000000000000e+00

1.000000000000000000e+00 2.532098000000000000e+06
1.500000000000000000e+01 4.552000000000000000e+03
1.400000000000000000e+01 4.475000000000000000e+03
1.600000000000000000e+01 4.212000000000000000e+03
1.300000000000000000e+01 4.091000000000000000e+03
1.700000000000000000e+01 4.054000000000000000e+03
1.200000000000000000e+01 3.610000000000000000e+03
1.800000000000000000e+01 3.431000000000000000e+03
1.100000000000000000e+01 2.933000000000000000e+03
1.900000000000000000e+01 2.870000000000000000e+03
2.000000000000000000e+01 2.408000000000000000e+03
1.000000000000000000e+01 2.296000000000000000e+03
2.100000000000000000e+01 1.775000000000000000e+03
9.000000000000000000e+00 1.670000000000000000e+03
2.200000000000000000e+01 1.414000000000000000e+03
8.000000000000000000e+00 1.137000000000000000e+03
2.300000000000000000e+01 9.840000000000000000e+02
2.400000000000000000e+01 7.280000000000000000e+02
7.000000000000000000e+00 7.250000000000000000e+02
2.500000000000000000e+01 5.160000000000000000e+02
6.000000000000000000e+00 4.420000000000000000e+02
2.600000000000000000e+01 3.750000000000000000e+02
5.000000000000000000e+00 2.550000000000000000e+02
2.700000000000000000e+01 2.300000000000000000e+02
2.800000000000000000e+01 1.680000000000000000e+02
4.000000000000000000e+00 1.360000000000000000e+02
3.000000000000000000e+00 1.060000000000000000e+02
2.900000000000000000e+01 9.700000000000000000e+01
2.000000000000000000e+00 8.800000000000000000e+01
3.000000000000000000e+01 6.800000000000000000e+01
3.100000000000000000e+01 4.900000000000000000e+01
3.200000000000000000e+01 1.900000000000000000e+01
3.400000000000000000e+01 1.300000000000000000e+01
3.300000000000000000e+01 1.200000000000000000e+01
3.900000000000000000e+01 3.000000000000000000e+00
3.700000000000000000e+01 3.000000000000000000e+00
4.000000000000000000e+01 2.000000000000000000e+00
3.600000000000000000e+01 2.000000000000000000e+00
3.800000000000000000e+01 1.000000000000000000e+00
3.500000000000000000e+01 1.000000000000000000e+00

1.000000000000000000e+00 2.553895000000000000e+06
1.400000000000000000e+01 4.194000000000000000e+03
1.500000000000000000e+01 4.135000000000000000e+03
1.300000000000000000e+01 4.045000000000000000e+03
1.600000000000000000e+01 3.910000000000000000e+03
1.200000000000000000e+01 3.638000000000000000e+03
1.700000000000000000e+01 3.548000000000000000e+03
1.100000000000000000e+01 3.180000000000000000e+03
1.800000000000000000e+01 3.148000000000000000e+03
1.900000000000000000e+01 2.682000000000000000e+03
1.000000000000000000e+01 2.475000000000000000e+03
2.000000000000000000e+01 2.180000000000000000e+03
9.000000000000000000e+00 2.009000000000000000e+03
2.100000000000000000e+01 1.664000000000000000e+03
8.000000000000000000e+00 1.506000000000000000e+03
2.200000000000000000e+01 1.343000000000000000e+03
7.000000000000000000e+00 1.031000000000000000e+03
2.300000000000000000e+01 9.350000000000000000e+02
2.400000000000000000e+01 7.430000000000000000e+02
6.000000000000000000e+00 7.070000000000000000e+02
2.500000000000000000e+01 5.090000000000000000e+02
5.000000000000000000e+00 4.280000000000000000e+02
2.600000000000000000e+01 3.850000000000000000e+02
4.000000000000000000e+00 3.120000000000000000e+02
2.700000000000000000e+01 2.420000000000000000e+02
3.000000000000000000e+00 2.080000000000000000e+02
2.000000000000000000e+00 1.860000000000000000e+02
2.800000000000000000e+01 1.510000000000000000e+02
2.900000000000000000e+01 1.310000000000000000e+02
3.000000000000000000e+01 9.900000000000000000e+01
3.100000000000000000e+01 5.300000000000000000e+01
3.200000000000000000e+01 3.200000000000000000e+01
3.300000000000000000e+01 2.700000000000000000e+01
3.400000000000000000e+01 1.500000000000000000e+01
3.500000000000000000e+01 1.100000000000000000e+01
3.600000000000000000e+01 9.000000000000000000e+00
3.700000000000000000e+01 6.000000000000000000e+00
3.900000000000000000e+01 3.000000000000000000e+00
3.800000000000000000e+01 3.000000000000000000e+00

1.000000000000000000e+00 2.581239000000000000e+06
1.400000000000000000e+01 3.861000000000000000e+03
1.500000000000000000e+01 3.836000000000000000e+03
1.300000000000000000e+01 3.763000000000000000e+03
1.600000000000000000e+01 3.597000000000000000e+03
1.200000000000000000e+01 3.499000000000000000e+03
1.100000000000000000e+01 3.209000000000000000e+03
1.700000000000000000e+01 3.190000000000000000e+03
1.000000000000000000e+01 2.925000000000000000e+03
1.800000000000000000e+01 2.820000000000000000e+03
9.000000000000000000e+00 2.351000000000000000e+03
1.900000000000000000e+01 2.315000000000000000e+03
2.000000000000000000e+01 1.857000000000000000e+03
8.000000000000000000e+00 1.843000000000000000e+03
2.100000000000000000e+01 1.556000000000000000e+03
7.000000000000000000e+00 1.368000000000000000e+03
2.200000000000000000e+01 1.209000000000000000e+03
6.000000000000000000e+00 1.007000000000000000e+03
2.300000000000000000e+01 8.950000000000000000e+02
2.400000000000000000e+01 7.380000000000000000e+02
5.000000000000000000e+00 7.240000000000000000e+02
2.500000000000000000e+01 5.520000000000000000e+02
4.000000000000000000e+00 5.220000000000000000e+02
2.600000000000000000e+01 3.970000000000000000e+02
3.000000000000000000e+00 3.690000000000000000e+02
2.000000000000000000e+00 3.330000000000000000e+02
2.700000000000000000e+01 3.060000000000000000e+02
2.800000000000000000e+01 1.960000000000000000e+02
2.900000000000000000e+01 1.420000000000000000e+02
3.000000000000000000e+01 1.060000000000000000e+02
3.100000000000000000e+01 6.600000000000000000e+01
3.200000000000000000e+01 4.600000000000000000e+01
3.300000000000000000e+01 3.200000000000000000e+01
3.400000000000000000e+01 2.000000000000000000e+01
3.500000000000000000e+01 1.400000000000000000e+01
3.600000000000000000e+01 6.000000000000000000e+00
3.700000000000000000e+01 5.000000000000000000e+00
3.800000000000000000e+01 2.000000000000000000e+00
3.900000000000000000e+01 1.000000000000000000e+00
4.100000000000000000e+01 1.000000000000000000e+00

1.000000000000000000e+00 2.621722000000000000e+06
1.400000000000000000e+01 3.474000000000000000e+03
1.200000000000000000e+01 3.420000000000000000e+03
1.300000000000000000e+01 3.354000000000000000e+03
1.100000000000000000e+01 3.314000000000000000e+03
1.500000000000000000e+01 3.166000000000000000e+03
1.600000000000000000e+01 2.987000000000000000e+03
1.000000000000000000e+01 2.928000000000000000e+03
9.000000000000000000e+00 2.708000000000000000e+03
1.700000000000000000e+01 2.685000000000000000e+03
1.800000000000000000e+01 2.372000000000000000e+03
8.000000000000000000e+00 2.244000000000000000e+03
1.900000000000000000e+01 1.966000000000000000e+03
7.000000000000000000e+00 1.830000000000000000e+03
2.000000000000000000e+01 1.736000000000000000e+03
6.000000000000000000e+00 1.497000000000000000e+03
2.100000000000000000e+01 1.415000000000000000e+03
5.000000000000000000e+00 1.165000000000000000e+03
2.200000000000000000e+01 1.126000000000000000e+03
4.000000000000000000e+00 8.940000000000000000e+02
2.300000000000000000e+01 8.630000000000000000e+02
3.000000000000000000e+00 7.380000000000000000e+02
2.400000000000000000e+01 7.050000000000000000e+02
2.000000000000000000e+00 6.750000000000000000e+02
2.500000000000000000e+01 5.520000000000000000e+02
2.600000000000000000e+01 3.990000000000000000e+02
2.700000000000000000e+01 2.870000000000000000e+02
2.800000000000000000e+01 2.530000000000000000e+02
2.900000000000000000e+01 1.430000000000000000e+02
3.000000000000000000e+01 1.400000000000000000e+02
3.100000000000000000e+01 9.400000000000000000e+01
3.200000000000000000e+01 6.000000000000000000e+01
3.300000000000000000e+01 3.900000000000000000e+01
3.400000000000000000e+01 2.700000000000000000e+01
3.500000000000000000e+01 7.000000000000000000e+00
3.600000000000000000e+01 6.000000000000000000e+00
3.700000000000000000e+01 5.000000000000000000e+00
3.900000000000000000e+01 3.000000000000000000e+00
3.800000000000000000e+01 2.000000000000000000e+00

1.000000000000000000e+00 2.682488000000000000e+06
1.200000000000000000e+01 3.093000000000000000e+03
1.100000000000000000e+01 3.057000000000000000e+03
1.300000000000000000e+01 3.006000000000000000e+03
1.000000000000000000e+01 2.977000000000000000e+03
1.400000000000000000e+01 2.873000000000000000e+03
9.000000000000000000e+00 2.863000000000000000e+03
1.500000000000000000e+01 2.727000000000000000e+03
8.000000000000000000e+00 2.595000000000000000e+03
1.600000000000000000e+01 2.452000000000000000e+03
7.000000000000000000e+00 2.319000000000000000e+03
1.700000000000000000e+01 2.257000000000000000e+03
6.000000000000000000e+00 2.055000000000000000e+03
1.800000000000000000e+01 1.862000000000000000e+03
5.000000000000000000e+00 1.733000000000000000e+03
1.900000000000000000e+01 1.693000000000000000e+03
2.000000000000000000e+01 1.394000000000000000e+03
4.000000000000000000e+00 1.367000000000000000e+03
2.000000000000000000e+00 1.347000000000000000e+03
3.000000000000000000e+00 1.275000000000000000e+03
2.100000000000000000e+01 1.173000000000000000e+03
2.200000000000000000e+01 9.860000000000000000e+02
2.300000000000000000e+01 7.920000000000000000e+02
2.400000000000000000e+01 6.560000000000000000e+02
2.500000000000000000e+01 4.780000000000000000e+02
2.600000000000000000e+01 3.700000000000000000e+02
2.700000000000000000e+01 2.860000000000000000e+02
2.800000000000000000e+01 1.940000000000000000e+02
2.900000000000000000e+01 1.560000000000000000e+02
3.000000000000000000e+01 1.110000000000000000e+02
3.100000000000000000e+01 9.500000000000000000e+01
3.200000000000000000e+01 5.300000000000000000e+01
3.300000000000000000e+01 3.500000000000000000e+01
3.400000000000000000e+01 1.500000000000000000e+01
3.500000000000000000e+01 1.100000000000000000e+01
3.600000000000000000e+01 4.000000000000000000e+00
3.900000000000000000e+01 2.000000000000000000e+00
3.700000000000000000e+01 2.000000000000000000e+00
3.800000000000000000e+01 1.000000000000000000e+00

1.000000000000000000e+00 2.772231000000000000e+06
1.000000000000000000e+01 2.792000000000000000e+03
9.000000000000000000e+00 2.774000000000000000e+03
7.000000000000000000e+00 2.714000000000000000e+03
8.000000000000000000e+00 2.707000000000000000e+03
1.100000000000000000e+01 2.668000000000000000e+03
6.000000000000000000e+00 2.621000000000000000e+03
1.200000000000000000e+01 2.587000000000000000e+03
5.000000000000000000e+00 2.369000000000000000e+03
2.000000000000000000e+00 2.367000000000000000e+03
1.300000000000000000e+01 2.332000000000000000e+03
1.400000000000000000e+01 2.275000000000000000e+03
3.000000000000000000e+00 2.253000000000000000e+03
4.000000000000000000e+00 2.219000000000000000e+03
1.500000000000000000e+01 2.029000000000000000e+03
1.600000000000000000e+01 1.913000000000000000e+03
1.700000000000000000e+01 1.630000000000000000e+03
1.800000000000000000e+01 1.358000000000000000e+03
1.900000000000000000e+01 1.246000000000000000e+03
2.000000000000000000e+01 1.143000000000000000e+03
2.100000000000000000e+01 9.420000000000000000e+02
2.200000000000000000e+01 8.390000000000000000e+02
2.300000000000000000e+01 6.010000000000000000e+02
2.400000000000000000e+01 5.090000000000000000e+02
2.500000000000000000e+01 4.320000000000000000e+02
2.600000000000000000e+01 2.920000000000000000e+02
2.700000000000000000e+01 2.230000000000000000e+02
2.800000000000000000e+01 1.860000000000000000e+02
2.900000000000000000e+01 1.340000000000000000e+02
3.000000000000000000e+01 7.600000000000000000e+01
3.100000000000000000e+01 6.000000000000000000e+01
3.200000000000000000e+01 3.700000000000000000e+01
3.300000000000000000e+01 9.000000000000000000e+00
3.400000000000000000e+01 7.000000000000000000e+00
3.500000000000000000e+01 6.000000000000000000e+00
3.600000000000000000e+01 3.000000000000000000e+00
3.700000000000000000e+01 1.000000000000000000e+00

1.000000000000000000e+00 2.867926000000000000e+06
2.000000000000000000e+00 3.561000000000000000e+03
3.000000000000000000e+00 3.238000000000000000e+03
4.000000000000000000e+00 3.109000000000000000e+03
6.000000000000000000e+00 2.929000000000000000e+03
5.000000000000000000e+00 2.927000000000000000e+03
7.000000000000000000e+00 2.834000000000000000e+03
8.000000000000000000e+00 2.650000000000000000e+03
9.000000000000000000e+00 2.589000000000000000e+03
1.000000000000000000e+01 2.452000000000000000e+03
1.100000000000000000e+01 2.207000000000000000e+03
1.200000000000000000e+01 2.095000000000000000e+03
1.300000000000000000e+01 1.861000000000000000e+03
1.400000000000000000e+01 1.683000000000000000e+03
1.500000000000000000e+01 1.497000000000000000e+03
1.600000000000000000e+01 1.408000000000000000e+03
1.700000000000000000e+01 1.196000000000000000e+03
1.800000000000000000e+01 1.081000000000000000e+03
1.900000000000000000e+01 9.250000000000000000e+02
2.000000000000000000e+01 7.900000000000000000e+02
2.100000000000000000e+01 6.360000000000000000e+02
2.200000000000000000e+01 5.730000000000000000e+02
2.300000000000000000e+01 4.730000000000000000e+02
2.400000000000000000e+01 3.440000000000000000e+02
2.500000000000000000e+01 2.550000000000000000e+02
2.600000000000000000e+01 1.980000000000000000e+02
2.700000000000000000e+01 1.430000000000000000e+02
2.800000000000000000e+01 9.500000000000000000e+01
2.900000000000000000e+01 5.100000000000000000e+01
3.000000000000000000e+01 3.100000000000000000e+01
3.100000000000000000e+01 1.300000000000000000e+01
3.300000000000000000e+01 6.000000000000000000e+00
3.200000000000000000e+01 5.000000000000000000e+00
3.400000000000000000e+01 2.000000000000000000e+00
3.500000000000000000e+01 1.000000000000000000e+00

1.000000000000000000e+00 2.969694000000000000e+06
2.000000000000000000e+00 5.179000000000000000e+03
3.000000000000000000e+00 4.325000000000000000e+03
4.000000000000000000e+00 3.827000000000000000e+03
5.000000000000000000e+00 3.382000000000000000e+03
6.000000000000000000e+00 3.060000000000000000e+03
7.000000000000000000e+00 2.660000000000000000e+03
8.000000000000000000e+00 2.422000000000000000e+03
9.000000000000000000e+00 2.163000000000000000e+03
1.000000000000000000e+01 1.924000000000000000e+03
1.100000000000000000e+01 1.753000000000000000e+03
1.200000000000000000e+01 1.546000000000000000e+03
1.300000000000000000e+01 1.383000000000000000e+03
1.400000000000000000e+01 1.210000000000000000e+03
1.500000000000000000e+01 1.066000000000000000e+03
1.600000000000000000e+01 8.770000000000000000e+02
1.700000000000000000e+01 8.640000000000000000e+02
1.800000000000000000e+01 6.730000000000000000e+02
1.900000000000000000e+01 5.840000000000000000e+02
2.000000000000000000e+01 4.950000000000000000e+02
2.100000000000000000e+01 3.560000000000000000e+02
2.200000000000000000e+01 2.790000000000000000e+02
2.300000000000000000e+01 2.120000000000000000e+02
2.400000000000000000e+01 1.560000000000000000e+02
2.500000000000000000e+01 9.200000000000000000e+01
2.600000000000000000e+01 8.200000000000000000e+01
2.700000000000000000e+01 4.000000000000000000e+01
2.800000000000000000e+01 1.700000000000000000e+01
2.900000000000000000e+01 1.400000000000000000e+01
3.000000000000000000e+01 1.000000000000000000e+01
3.100000000000000000e+01 5.000000000000000000e+00
3.500000000000000000e+01 1.000000000000000000e+00

1.000000000000000000e+00 3.074612000000000000e+06
2.000000000000000000e+00 6.998000000000000000e+03
3.000000000000000000e+00 5.454000000000000000e+03
4.000000000000000000e+00 4.406000000000000000e+03
5.000000000000000000e+00 3.554000000000000000e+03
6.000000000000000000e+00 2.853000000000000000e+03
7.000000000000000000e+00 2.411000000000000000e+03
8.000000000000000000e+00 1.864000000000000000e+03
9.000000000000000000e+00 1.526000000000000000e+03
1.000000000000000000e+01 1.227000000000000000e+03
1.100000000000000000e+01 1.169000000000000000e+03
1.200000000000000000e+01 9.530000000000000000e+02
1.300000000000000000e+01 7.820000000000000000e+02
1.400000000000000000e+01 5.710000000000000000e+02
1.500000000000000000e+01 4.780000000000000000e+02
1.600000000000000000e+01 4.760000000000000000e+02
1.700000000000000000e+01 3.450000000000000000e+02
1.800000000000000000e+01 2.850000000000000000e+02
1.900000000000000000e+01 2.300000000000000000e+02
2.000000000000000000e+01 1.820000000000000000e+02
2.100000000000000000e+01 1.190000000000000000e+02
2.200000000000000000e+01 7.300000000000000000e+01
2.300000000000000000e+01 6.100000000000000000e+01
2.400000000000000000e+01 4.100000000000000000e+01
2.500000000000000000e+01 3.200000000000000000e+01
2.800000000000000000e+01 1.400000000000000000e+01
2.600000000000000000e+01 1.300000000000000000e+01
2.700000000000000000e+01 8.000000000000000000e+00
2.900000000000000000e+01 4.000000000000000000e+00
3.000000000000000000e+01 2.000000000000000000e+00
3.100000000000000000e+01 1.000000000000000000e+00
3.400000000000000000e+01 1.000000000000000000e+00

1.000000000000000000e+00 3.146317000000000000e+06
2.000000000000000000e+00 8.397000000000000000e+03
3.000000000000000000e+00 6.315000000000000000e+03
4.000000000000000000e+00 4.668000000000000000e+03
5.000000000000000000e+00 3.438000000000000000e+03
6.000000000000000000e+00 2.544000000000000000e+03
7.000000000000000000e+00 1.746000000000000000e+03
8.000000000000000000e+00 1.134000000000000000e+03
9.000000000000000000e+00 9.180000000000000000e+02
1.000000000000000000e+01 6.840000000000000000e+02
1.100000000000000000e+01 5.310000000000000000e+02
1.200000000000000000e+01 4.430000000000000000e+02
1.300000000000000000e+01 2.970000000000000000e+02
1.400000000000000000e+01 2.280000000000000000e+02
1.500000000000000000e+01 1.980000000000000000e+02
1.600000000000000000e+01 1.490000000000000000e+02
1.700000000000000000e+01 1.040000000000000000e+02
1.800000000000000000e+01 7.500000000000000000e+01
1.900000000000000000e+01 5.900000000000000000e+01
2.000000000000000000e+01 4.300000000000000000e+01
2.100000000000000000e+01 2.800000000000000000e+01
2.200000000000000000e+01 2.000000000000000000e+01
2.400000000000000000e+01 1.200000000000000000e+01
2.300000000000000000e+01 8.000000000000000000e+00
2.500000000000000000e+01 5.000000000000000000e+00
2.600000000000000000e+01 2.000000000000000000e+00
2.700000000000000000e+01 2.000000000000000000e+00
2.800000000000000000e+01 1.000000000000000000e+00

1.000000000000000000e+00 3.192282000000000000e+06
2.000000000000000000e+00 9.338000000000000000e+03
3.000000000000000000e+00 6.563000000000000000e+03
4.000000000000000000e+00 4.386000000000000000e+03
5.000000000000000000e+00 2.833000000000000000e+03
6.000000000000000000e+00 1.747000000000000000e+03
7.000000000000000000e+00 1.077000000000000000e+03
8.000000000000000000e+00 6.560000000000000000e+02
9.000000000000000000e+00 4.190000000000000000e+02
1.000000000000000000e+01 2.740000000000000000e+02
1.100000000000000000e+01 1.980000000000000000e+02
1.200000000000000000e+01 1.220000000000000000e+02
1.300000000000000000e+01 9.900000000000000000e+01
1.400000000000000000e+01 6.000000000000000000e+01
1.600000000000000000e+01 3.100000000000000000e+01
1.500000000000000000e+01 2.800000000000000000e+01
1.700000000000000000e+01 2.600000000000000000e+01
1.900000000000000000e+01 1.100000000000000000e+01
1.800000000000000000e+01 1.000000000000000000e+01
2.200000000000000000e+01 5.000000000000000000e+00
2.100000000000000000e+01 4.000000000000000000e+00
2.000000000000000000e+01 4.000000000000000000e+00
2.300000000000000000e+01 1.000000000000000000e+00
2.400000000000000000e+01 1.000000000000000000e+00
2.700000000000000000e+01 1.000000000000000000e+00

1.000000000000000000e+00 3.209741000000000000e+06
2.000000000000000000e+00 9.649000000000000000e+03
3.000000000000000000e+00 6.409000000000000000e+03
4.000000000000000000e+00 4.229000000000000000e+03
5.000000000000000000e+00 2.462000000000000000e+03
6.000000000000000000e+00 1.351000000000000000e+03
7.000000000000000000e+00 8.000000000000000000e+02
8.000000000000000000e+00 3.700000000000000000e+02
9.000000000000000000e+00 2.410000000000000000e+02
1.000000000000000000e+01 1.190000000000000000e+02
1.100000000000000000e+01 7.900000000000000000e+01
1.200000000000000000e+01 4.700000000000000000e+01
1.300000000000000000e+01 3.100000000000000000e+01
1.400000000000000000e+01 2.200000000000000000e+01
1.500000000000000000e+01 8.000000000000000000e+00
1.600000000000000000e+01 7.000000000000000000e+00
1.700000000000000000e+01 4.000000000000000000e+00
2.000000000000000000e+01 1.000000000000000000e+00
1.900000000000000000e+01 1.000000000000000000e+00

1.000000000000000000e+00 3.218439000000000000e+06
2.000000000000000000e+00 9.632000000000000000e+03
3.000000000000000000e+00 6.521000000000000000e+03
4.000000000000000000e+00 3.999000000000000000e+03
5.000000000000000000e+00 2.198000000000000000e+03
6.000000000000000000e+00 1.147000000000000000e+03
7.000000000000000000e+00 5.580000000000000000e+02
8.000000000000000000e+00 2.560000000000000000e+02
9.000000000000000000e+00 1.470000000000000000e+02
1.000000000000000000e+01 7.200000000000000000e+01
1.100000000000000000e+01 3.200000000000000000e+01
1.200000000000000000e+01 2.000000000000000000e+01
1.300000000000000000e+01 9.000000000000000000e+00
1.500000000000000000e+01 3.000000000000000000e+00
1.800000000000000000e+01 3.000000000000000000e+00
1.400000000000000000e+01 2.000000000000000000e+00
1.700000000000000000e+01 1.000000000000000000e+00
1.600000000000000000e+01 1.000000000000000000e+00

1.000000000000000000e+00 3.226826000000000000e+06
2.000000000000000000e+00 9.802000000000000000e+03
3.000000000000000000e+00 6.216000000000000000e+03
4.000000000000000000e+00 3.616000000000000000e+03
5.000000000000000000e+00 1.885000000000000000e+03
6.000000000000000000e+00 9.140000000000000000e+02
7.000000000000000000e+00 3.810000000000000000e+02
8.000000000000000000e+00 1.770000000000000000e+02
9.000000000000000000e+00 8.200000000000000000e+01
1.000000000000000000e+01 3.000000000000000000e+01
1.100000000000000000e+01 2.600000000000000000e+01
1.300000000000000000e+01 4.000000000000000000e+00
1.200000000000000000e+01 4.000000000000000000e+00
1.400000000000000000e+01 3.000000000000000000e+00

1.000000000000000000e+00 3.231716000000000000e+06
2.000000000000000000e+00 9.890000000000000000e+03
3.000000000000000000e+00 6.084000000000000000e+03
4.000000000000000000e+00 3.375000000000000000e+03
5.000000000000000000e+00 1.746000000000000000e+03
6.000000000000000000e+00 7.260000000000000000e+02
7.000000000000000000e+00 3.100000000000000000e+02
8.000000000000000000e+00 1.120000000000000000e+02
9.000000000000000000e+00 3.900000000000000000e+01
1.000000000000000000e+01 1.400000000000000000e+01
1.100000000000000000e+01 4.000000000000000000e+00
1.300000000000000000e+01 3.000000000000000000e+00
1.200000000000000000e+01 1.000000000000000000e+00
1.400000000000000000e+01 1.000000000000000000e+00

1.000000000000000000e+00 3.233526000000000000e+06
2.000000000000000000e+00 9.746000000000000000e+03
3.000000000000000000e+00 6.149000000000000000e+03
4.000000000000000000e+00 3.409000000000000000e+03
5.000000000000000000e+00 1.602000000000000000e+03
6.000000000000000000e+00 6.650000000000000000e+02
7.000000000000000000e+00 2.520000000000000000e+02
8.000000000000000000e+00 7.900000000000000000e+01
9.000000000000000000e+00 2.800000000000000000e+01
1.000000000000000000e+01 1.400000000000000000e+01
1.100000000000000000e+01 6.000000000000000000e+00
1.300000000000000000e+01 1.000000000000000000e+00
1.200000000000000000e+01 1.000000000000000000e+00
2.000000000000000000e+01 1.000000000000000000e+00

1.000000000000000000e+00 3.237025000000000000e+06
2.000000000000000000e+00 9.923000000000000000e+03
3.000000000000000000e+00 5.963000000000000000e+03
4.000000000000000000e+00 3.182000000000000000e+03
5.000000000000000000e+00 1.403000000000000000e+03
6.000000000000000000e+00 5.650000000000000000e+02
7.000000000000000000e+00 1.820000000000000000e+02
8.000000000000000000e+00 6.800000000000000000e+01
9.000000000000000000e+00 2.200000000000000000e+01
1.000000000000000000e+01 8.000000000000000000e+00
1.100000000000000000e+01 1.000000000000000000e+00

1.000000000000000000e+00 3.239471000000000000e+06
2.000000000000000000e+00 9.738000000000000000e+03
3.000000000000000000e+00 5.768000000000000000e+03
4.000000000000000000e+00 3.090000000000000000e+03
5.000000000000000000e+00 1.363000000000000000e+03
6.000000000000000000e+00 4.700000000000000000e+02
7.000000000000000000e+00 1.680000000000000000e+02
8.000000000000000000e+00 4.600000000000000000e+01
9.000000000000000000e+00 1.400000000000000000e+01
1.000000000000000000e+01 4.000000000000000000e+00
1.100000000000000000e+01 4.000000000000000000e+00

1.000000000000000000e+00 3.240149000000000000e+06
2.000000000000000000e+00 9.800000000000000000e+03
3.000000000000000000e+00 5.783000000000000000e+03
4.000000000000000000e+00 3.035000000000000000e+03
5.000000000000000000e+00 1.284000000000000000e+03
6.000000000000000000e+00 4.580000000000000000e+02
7.000000000000000000e+00 1.530000000000000000e+02
8.000000000000000000e+00 4.500000000000000000e+01
9.000000000000000000e+00 1.100000000000000000e+01
1.000000000000000000e+01 4.000000000000000000e+00
1.300000000000000000e+01 1.000000000000000000e+00
1.100000000000000000e+01 1.000000000000000000e+00

1.000000000000000000e+00 3.241729000000000000e+06
2.000000000000000000e+00 1.002200000000000000e+04
3.000000000000000000e+00 5.727000000000000000e+03
4.000000000000000000e+00 2.860000000000000000e+03
5.000000000000000000e+00 1.145000000000000000e+03
6.000000000000000000e+00 4.240000000000000000e+02
7.000000000000000000e+00 1.440000000000000000e+02
8.000000000000000000e+00 2.800000000000000000e+01
1.000000000000000000e+01 6.000000000000000000e+00
9.000000000000000000e+00 5.000000000000000000e+00

1.000000000000000000e+00 3.243171000000000000e+06
2.000000000000000000e+00 9.803000000000000000e+03
3.000000000000000000e+00 5.624000000000000000e+03
4.000000000000000000e+00 2.745000000000000000e+03
5.000000000000000000e+00 1.145000000000000000e+03
6.000000000000000000e+00 3.950000000000000000e+02
7.000000000000000000e+00 1.390000000000000000e+02
8.000000000000000000e+00 2.400000000000000000e+01
9.000000000000000000e+00 9.000000000000000000e+00
1.000000000000000000e+01 3.000000000000000000e+00

1.000000000000000000e+00 3.243589000000000000e+06
2.000000000000000000e+00 9.709000000000000000e+03
3.000000000000000000e+00 5.598000000000000000e+03
4.000000000000000000e+00 2.802000000000000000e+03
5.000000000000000000e+00 1.100000000000000000e+03
6.000000000000000000e+00 3.900000000000000000e+02
7.000000000000000000e+00 1.110000000000000000e+02
8.000000000000000000e+00 4.000000000000000000e+01
9.000000000000000000e+00 6.000000000000000000e+00

1.000000000000000000e+00 3.244224000000000000e+06
2.000000000000000000e+00 9.669000000000000000e+03
3.000000000000000000e+00 5.575000000000000000e+03
4.000000000000000000e+00 2.687000000000000000e+03
5.000000000000000000e+00 1.115000000000000000e+03
6.000000000000000000e+00 3.850000000000000000e+02
7.000000000000000000e+00 1.090000000000000000e+02
8.000000000000000000e+00 2.600000000000000000e+01
9.000000000000000000e+00 1.100000000000000000e+01
1.000000000000000000e+01 1.000000000000000000e+00

