1.000000000000000000e+00 2.515292000000000000e+06
1.500000000000000000e+01 4.241000000000000000e+03
1.400000000000000000e+01 4.176000000000000000e+03
1.600000000000000000e+01 4.102000000000000000e+03
1.300000000000000000e+01 3.929000000000000000e+03
1.700000000000000000e+01 3.835000000000000000e+03
1.200000000000000000e+01 3.496000000000000000e+03
1.800000000000000000e+01 3.361000000000000000e+03
1.900000000000000000e+01 2.986000000000000000e+03
1.100000000000000000e+01 2.905000000000000000e+03
2.000000000000000000e+01 2.554000000000000000e+03
1.000000000000000000e+01 2.287000000000000000e+03
2.100000000000000000e+01 2.072000000000000000e+03
9.000000000000000000e+00 1.651000000000000000e+03
2.200000000000000000e+01 1.640000000000000000e+03
2.300000000000000000e+01 1.284000000000000000e+03
8.000000000000000000e+00 1.130000000000000000e+03
2.400000000000000000e+01 9.330000000000000000e+02
7.000000000000000000e+00 7.020000000000000000e+02
2.500000000000000000e+01 6.550000000000000000e+02
2.600000000000000000e+01 4.560000000000000000e+02
6.000000000000000000e+00 4.110000000000000000e+02
2.700000000000000000e+01 2.880000000000000000e+02
2.800000000000000000e+01 2.270000000000000000e+02
5.000000000000000000e+00 1.780000000000000000e+02
2.900000000000000000e+01 1.090000000000000000e+02
4.000000000000000000e+00 8.100000000000000000e+01
3.000000000000000000e+01 7.500000000000000000e+01
3.100000000000000000e+01 4.600000000000000000e+01
3.200000000000000000e+01 3.300000000000000000e+01
3.000000000000000000e+00 2.500000000000000000e+01
3.300000000000000000e+01 1.700000000000000000e+01
2.000000000000000000e+00 1.300000000000000000e+01
3.400000000000000000e+01 7.000000000000000000e+00
3.500000000000000000e+01 5.000000000000000000e+00
3.600000000000000000e+01 4.000000000000000000e+00
3.700000000000000000e+01 2.000000000000000000e+00
3.800000000000000000e+01 1.000000000000000000e+00
4.000000000000000000e+01 1.000000000000000000e+00

1.000000000000000000e+00 2.528345000000000000e+06
1.500000000000000000e+01 4.173000000000000000e+03
1.400000000000000000e+01 4.095000000000000000e+03
1.600000000000000000e+01 3.931000000000000000e+03
1.300000000000000000e+01 3.899000000000000000e+03
1.700000000000000000e+01 3.724000000000000000e+03
1.200000000000000000e+01 3.683000000000000000e+03
1.800000000000000000e+01 3.235000000000000000e+03
1.100000000000000000e+01 3.087000000000000000e+03
1.900000000000000000e+01 2.834000000000000000e+03
1.000000000000000000e+01 2.502000000000000000e+03
2.000000000000000000e+01 2.361000000000000000e+03
2.100000000000000000e+01 2.028000000000000000e+03
9.000000000000000000e+00 1.891000000000000000e+03
2.200000000000000000e+01 1.553000000000000000e+03
8.000000000000000000e+00 1.325000000000000000e+03
2.300000000000000000e+01 1.107000000000000000e+03
2.400000000000000000e+01 8.770000000000000000e+02
7.000000000000000000e+00 8.080000000000000000e+02
2.500000000000000000e+01 6.170000000000000000e+02
6.000000000000000000e+00 4.890000000000000000e+02
2.600000000000000000e+01 4.370000000000000000e+02
2.700000000000000000e+01 3.020000000000000000e+02
5.000000000000000000e+00 2.210000000000000000e+02
2.800000000000000000e+01 2.200000000000000000e+02
2.900000000000000000e+01 1.250000000000000000e+02
4.000000000000000000e+00 1.160000000000000000e+02
3.000000000000000000e+01 8.300000000000000000e+01
3.100000000000000000e+01 5.900000000000000000e+01
3.000000000000000000e+00 5.200000000000000000e+01
3.200000000000000000e+01 2.600000000000000000e+01
2.000000000000000000e+00 2.400000000000000000e+01
3.300000000000000000e+01 2.100000000000000000e+01
3.400000000000000000e+01 1.100000000000000000e+01
3.500000000000000000e+01 3.000000000000000000e+00
3.800000000000000000e+01 2.000000000000000000e+00

1.000000000000000000e+00 2.542904000000000000e+06
1.400000000000000000e+01 4.068000000000000000e+03
1.500000000000000000e+01 4.024000000000000000e+03
1.600000000000000000e+01 3.991000000000000000e+03
1.300000000000000000e+01 3.919000000000000000e+03
1.200000000000000000e+01 3.680000000000000000e+03
1.700000000000000000e+01 3.576000000000000000e+03
1.100000000000000000e+01 3.246000000000000000e+03
1.800000000000000000e+01 3.126000000000000000e+03
1.000000000000000000e+01 2.711000000000000000e+03
1.900000000000000000e+01 2.678000000000000000e+03
2.000000000000000000e+01 2.166000000000000000e+03
9.000000000000000000e+00 2.069000000000000000e+03
2.100000000000000000e+01 1.882000000000000000e+03
8.000000000000000000e+00 1.605000000000000000e+03
2.200000000000000000e+01 1.448000000000000000e+03
2.300000000000000000e+01 1.122000000000000000e+03
7.000000000000000000e+00 9.940000000000000000e+02
2.400000000000000000e+01 8.170000000000000000e+02
2.500000000000000000e+01 5.880000000000000000e+02
6.000000000000000000e+00 5.640000000000000000e+02
2.600000000000000000e+01 3.970000000000000000e+02
5.000000000000000000e+00 2.890000000000000000e+02
2.700000000000000000e+01 2.780000000000000000e+02
2.800000000000000000e+01 1.840000000000000000e+02
4.000000000000000000e+00 1.440000000000000000e+02
2.900000000000000000e+01 1.040000000000000000e+02
3.000000000000000000e+01 8.100000000000000000e+01
3.000000000000000000e+00 5.600000000000000000e+01
3.100000000000000000e+01 3.500000000000000000e+01
2.000000000000000000e+00 3.000000000000000000e+01
3.200000000000000000e+01 2.900000000000000000e+01
3.400000000000000000e+01 8.000000000000000000e+00
3.300000000000000000e+01 6.000000000000000000e+00
3.500000000000000000e+01 3.000000000000000000e+00
3.700000000000000000e+01 2.000000000000000000e+00
3.600000000000000000e+01 2.000000000000000000e+00
3.900000000000000000e+01 1.000000000000000000e+00

1.000000000000000000e+00 2.559232000000000000e+06
1.400000000000000000e+01 4.206000000000000000e+03
1.300000000000000000e+01 4.106000000000000000e+03
1.500000000000000000e+01 4.027000000000000000e+03
1.600000000000000000e+01 3.835000000000000000e+03
1.200000000000000000e+01 3.833000000000000000e+03
1.100000000000000000e+01 3.420000000000000000e+03
1.700000000000000000e+01 3.376000000000000000e+03
1.800000000000000000e+01 2.929000000000000000e+03
1.000000000000000000e+01 2.858000000000000000e+03
1.900000000000000000e+01 2.474000000000000000e+03
9.000000000000000000e+00 2.333000000000000000e+03
2.000000000000000000e+01 2.090000000000000000e+03
2.100000000000000000e+01 1.727000000000000000e+03
8.000000000000000000e+00 1.591000000000000000e+03
2.200000000000000000e+01 1.255000000000000000e+03
7.000000000000000000e+00 1.127000000000000000e+03
2.300000000000000000e+01 9.910000000000000000e+02
6.000000000000000000e+00 7.280000000000000000e+02
2.400000000000000000e+01 7.110000000000000000e+02
2.500000000000000000e+01 5.660000000000000000e+02
5.000000000000000000e+00 3.940000000000000000e+02
2.600000000000000000e+01 3.730000000000000000e+02
2.700000000000000000e+01 2.590000000000000000e+02
4.000000000000000000e+00 1.780000000000000000e+02
2.800000000000000000e+01 1.620000000000000000e+02
2.900000000000000000e+01 1.010000000000000000e+02
3.000000000000000000e+00 8.100000000000000000e+01
3.000000000000000000e+01 5.300000000000000000e+01
3.100000000000000000e+01 4.100000000000000000e+01
2.000000000000000000e+00 3.600000000000000000e+01
3.200000000000000000e+01 2.100000000000000000e+01
3.300000000000000000e+01 1.500000000000000000e+01
3.500000000000000000e+01 6.000000000000000000e+00
3.700000000000000000e+01 3.000000000000000000e+00
3.600000000000000000e+01 3.000000000000000000e+00
3.400000000000000000e+01 2.000000000000000000e+00
4.200000000000000000e+01 1.000000000000000000e+00
3.900000000000000000e+01 1.000000000000000000e+00

1.000000000000000000e+00 2.577819000000000000e+06
1.400000000000000000e+01 4.126000000000000000e+03
1.300000000000000000e+01 4.111000000000000000e+03
1.200000000000000000e+01 4.062000000000000000e+03
1.500000000000000000e+01 3.966000000000000000e+03
1.600000000000000000e+01 3.688000000000000000e+03
1.100000000000000000e+01 3.627000000000000000e+03
1.700000000000000000e+01 3.262000000000000000e+03
1.000000000000000000e+01 3.131000000000000000e+03
1.800000000000000000e+01 2.858000000000000000e+03
9.000000000000000000e+00 2.545000000000000000e+03
1.900000000000000000e+01 2.362000000000000000e+03
2.000000000000000000e+01 1.919000000000000000e+03
8.000000000000000000e+00 1.903000000000000000e+03
2.100000000000000000e+01 1.620000000000000000e+03
7.000000000000000000e+00 1.272000000000000000e+03
2.200000000000000000e+01 1.142000000000000000e+03
2.300000000000000000e+01 8.700000000000000000e+02
6.000000000000000000e+00 7.510000000000000000e+02
2.400000000000000000e+01 5.970000000000000000e+02
2.500000000000000000e+01 4.300000000000000000e+02
5.000000000000000000e+00 4.160000000000000000e+02
2.600000000000000000e+01 2.990000000000000000e+02
4.000000000000000000e+00 2.550000000000000000e+02
2.700000000000000000e+01 2.010000000000000000e+02
2.800000000000000000e+01 1.300000000000000000e+02
3.000000000000000000e+00 1.000000000000000000e+02
2.900000000000000000e+01 7.500000000000000000e+01
3.000000000000000000e+01 5.700000000000000000e+01
2.000000000000000000e+00 4.200000000000000000e+01
3.100000000000000000e+01 3.100000000000000000e+01
3.200000000000000000e+01 1.900000000000000000e+01
3.300000000000000000e+01 1.100000000000000000e+01
3.400000000000000000e+01 6.000000000000000000e+00
3.600000000000000000e+01 3.000000000000000000e+00
3.700000000000000000e+01 2.000000000000000000e+00
3.500000000000000000e+01 2.000000000000000000e+00

1.000000000000000000e+00 2.598418000000000000e+06
1.300000000000000000e+01 4.333000000000000000e+03
1.400000000000000000e+01 4.159000000000000000e+03
1.200000000000000000e+01 4.051000000000000000e+03
1.500000000000000000e+01 3.899000000000000000e+03
1.100000000000000000e+01 3.794000000000000000e+03
1.600000000000000000e+01 3.620000000000000000e+03
1.000000000000000000e+01 3.435000000000000000e+03
1.700000000000000000e+01 3.132000000000000000e+03
9.000000000000000000e+00 2.708000000000000000e+03
1.800000000000000000e+01 2.707000000000000000e+03
8.000000000000000000e+00 2.196000000000000000e+03
1.900000000000000000e+01 2.138000000000000000e+03
2.000000000000000000e+01 1.789000000000000000e+03
7.000000000000000000e+00 1.440000000000000000e+03
2.100000000000000000e+01 1.330000000000000000e+03
2.200000000000000000e+01 1.005000000000000000e+03
6.000000000000000000e+00 9.250000000000000000e+02
2.300000000000000000e+01 6.990000000000000000e+02
2.400000000000000000e+01 5.400000000000000000e+02
5.000000000000000000e+00 5.190000000000000000e+02
2.500000000000000000e+01 3.290000000000000000e+02
4.000000000000000000e+00 2.670000000000000000e+02
2.600000000000000000e+01 2.380000000000000000e+02
3.000000000000000000e+00 1.520000000000000000e+02
2.700000000000000000e+01 1.440000000000000000e+02
2.800000000000000000e+01 1.200000000000000000e+02
2.000000000000000000e+00 6.300000000000000000e+01
2.900000000000000000e+01 6.000000000000000000e+01
3.000000000000000000e+01 3.800000000000000000e+01
3.100000000000000000e+01 2.400000000000000000e+01
3.200000000000000000e+01 1.700000000000000000e+01
3.300000000000000000e+01 1.100000000000000000e+01
3.400000000000000000e+01 6.000000000000000000e+00
3.700000000000000000e+01 2.000000000000000000e+00
3.800000000000000000e+01 2.000000000000000000e+00
4.100000000000000000e+01 1.000000000000000000e+00
3.600000000000000000e+01 1.000000000000000000e+00
3.900000000000000000e+01 1.000000000000000000e+00

1.000000000000000000e+00 2.618384000000000000e+06
1.300000000000000000e+01 4.378000000000000000e+03
1.200000000000000000e+01 4.312000000000000000e+03
1.400000000000000000e+01 4.177000000000000000e+03
1.100000000000000000e+01 3.903000000000000000e+03
1.500000000000000000e+01 3.867000000000000000e+03
1.000000000000000000e+01 3.608000000000000000e+03
1.600000000000000000e+01 3.381000000000000000e+03
1.700000000000000000e+01 3.017000000000000000e+03
9.000000000000000000e+00 2.957000000000000000e+03
1.800000000000000000e+01 2.457000000000000000e+03
8.000000000000000000e+00 2.304000000000000000e+03
1.900000000000000000e+01 1.918000000000000000e+03
7.000000000000000000e+00 1.680000000000000000e+03
2.000000000000000000e+01 1.539000000000000000e+03
2.100000000000000000e+01 1.167000000000000000e+03
6.000000000000000000e+00 1.088000000000000000e+03
2.200000000000000000e+01 8.970000000000000000e+02
5.000000000000000000e+00 6.440000000000000000e+02
2.300000000000000000e+01 6.290000000000000000e+02
2.400000000000000000e+01 4.130000000000000000e+02
4.000000000000000000e+00 3.860000000000000000e+02
2.500000000000000000e+01 3.080000000000000000e+02
2.600000000000000000e+01 2.090000000000000000e+02
3.000000000000000000e+00 1.900000000000000000e+02
2.700000000000000000e+01 1.300000000000000000e+02
2.000000000000000000e+00 9.000000000000000000e+01
2.800000000000000000e+01 7.600000000000000000e+01
2.900000000000000000e+01 4.900000000000000000e+01
3.000000000000000000e+01 3.700000000000000000e+01
3.100000000000000000e+01 2.200000000000000000e+01
3.200000000000000000e+01 1.400000000000000000e+01
3.300000000000000000e+01 9.000000000000000000e+00
3.500000000000000000e+01 4.000000000000000000e+00
3.400000000000000000e+01 2.000000000000000000e+00
3.600000000000000000e+01 2.000000000000000000e+00
3.700000000000000000e+01 2.000000000000000000e+00
4.000000000000000000e+01 1.000000000000000000e+00
3.800000000000000000e+01 1.000000000000000000e+00

1.000000000000000000e+00 2.639386000000000000e+06
1.200000000000000000e+01 4.443000000000000000e+03
1.300000000000000000e+01 4.323000000000000000e+03
1.100000000000000000e+01 4.139000000000000000e+03
1.400000000000000000e+01 4.041000000000000000e+03
1.500000000000000000e+01 3.718000000000000000e+03
1.000000000000000000e+01 3.646000000000000000e+03
1.600000000000000000e+01 3.329000000000000000e+03
9.000000000000000000e+00 3.296000000000000000e+03
1.700000000000000000e+01 2.657000000000000000e+03
8.000000000000000000e+00 2.564000000000000000e+03
1.800000000000000000e+01 2.230000000000000000e+03
7.000000000000000000e+00 1.890000000000000000e+03
1.900000000000000000e+01 1.831000000000000000e+03
2.000000000000000000e+01 1.338000000000000000e+03
6.000000000000000000e+00 1.312000000000000000e+03
2.100000000000000000e+01 1.059000000000000000e+03
5.000000000000000000e+00 8.000000000000000000e+02
2.200000000000000000e+01 7.530000000000000000e+02
2.300000000000000000e+01 5.200000000000000000e+02
4.000000000000000000e+00 4.620000000000000000e+02
2.400000000000000000e+01 3.560000000000000000e+02
2.500000000000000000e+01 2.490000000000000000e+02
3.000000000000000000e+00 2.450000000000000000e+02
2.600000000000000000e+01 1.770000000000000000e+02
2.000000000000000000e+00 1.340000000000000000e+02
2.700000000000000000e+01 9.900000000000000000e+01
2.800000000000000000e+01 6.900000000000000000e+01
2.900000000000000000e+01 4.900000000000000000e+01
3.000000000000000000e+01 3.100000000000000000e+01
3.200000000000000000e+01 1.500000000000000000e+01
3.100000000000000000e+01 1.500000000000000000e+01
3.300000000000000000e+01 5.000000000000000000e+00
3.400000000000000000e+01 4.000000000000000000e+00
3.500000000000000000e+01 3.000000000000000000e+00
3.600000000000000000e+01 2.000000000000000000e+00

1.000000000000000000e+00 2.663185000000000000e+06
1.200000000000000000e+01 4.327000000000000000e+03
1.100000000000000000e+01 4.265000000000000000e+03
1.300000000000000000e+01 4.214000000000000000e+03
1.000000000000000000e+01 3.946000000000000000e+03
1.400000000000000000e+01 3.859000000000000000e+03
9.000000000000000000e+00 3.544000000000000000e+03
1.500000000000000000e+01 3.506000000000000000e+03
1.600000000000000000e+01 3.024000000000000000e+03
8.000000000000000000e+00 2.888000000000000000e+03
1.700000000000000000e+01 2.505000000000000000e+03
7.000000000000000000e+00 2.261000000000000000e+03
1.800000000000000000e+01 2.110000000000000000e+03
1.900000000000000000e+01 1.589000000000000000e+03
6.000000000000000000e+00 1.534000000000000000e+03
2.000000000000000000e+01 1.169000000000000000e+03
5.000000000000000000e+00 1.023000000000000000e+03
2.100000000000000000e+01 9.170000000000000000e+02
4.000000000000000000e+00 6.160000000000000000e+02
2.200000000000000000e+01 6.070000000000000000e+02
2.300000000000000000e+01 4.430000000000000000e+02
3.000000000000000000e+00 3.360000000000000000e+02
2.400000000000000000e+01 3.140000000000000000e+02
2.000000000000000000e+00 1.920000000000000000e+02
2.500000000000000000e+01 1.850000000000000000e+02
2.600000000000000000e+01 1.300000000000000000e+02
2.700000000000000000e+01 7.500000000000000000e+01
2.800000000000000000e+01 6.800000000000000000e+01
2.900000000000000000e+01 3.900000000000000000e+01
3.000000000000000000e+01 3.100000000000000000e+01
3.100000000000000000e+01 1.300000000000000000e+01
3.200000000000000000e+01 1.100000000000000000e+01
3.300000000000000000e+01 7.000000000000000000e+00
3.400000000000000000e+01 4.000000000000000000e+00
3.500000000000000000e+01 2.000000000000000000e+00
3.600000000000000000e+01 1.000000000000000000e+00
3.700000000000000000e+01 1.000000000000000000e+00

1.000000000000000000e+00 2.691594000000000000e+06
1.100000000000000000e+01 4.352000000000000000e+03
1.200000000000000000e+01 4.287000000000000000e+03
1.000000000000000000e+01 4.113000000000000000e+03
1.300000000000000000e+01 4.054000000000000000e+03
9.000000000000000000e+00 3.868000000000000000e+03
1.400000000000000000e+01 3.731000000000000000e+03
8.000000000000000000e+00 3.193000000000000000e+03
1.500000000000000000e+01 3.177000000000000000e+03
1.600000000000000000e+01 2.715000000000000000e+03
7.000000000000000000e+00 2.619000000000000000e+03
1.700000000000000000e+01 2.106000000000000000e+03
6.000000000000000000e+00 1.913000000000000000e+03
1.800000000000000000e+01 1.719000000000000000e+03
1.900000000000000000e+01 1.370000000000000000e+03
5.000000000000000000e+00 1.330000000000000000e+03
2.000000000000000000e+01 1.061000000000000000e+03
4.000000000000000000e+00 8.720000000000000000e+02
2.100000000000000000e+01 7.540000000000000000e+02
2.200000000000000000e+01 5.260000000000000000e+02
3.000000000000000000e+00 5.030000000000000000e+02
2.300000000000000000e+01 3.840000000000000000e+02
2.000000000000000000e+00 2.620000000000000000e+02
2.400000000000000000e+01 2.530000000000000000e+02
2.500000000000000000e+01 1.720000000000000000e+02
2.600000000000000000e+01 1.190000000000000000e+02
2.700000000000000000e+01 9.300000000000000000e+01
2.800000000000000000e+01 5.100000000000000000e+01
2.900000000000000000e+01 2.600000000000000000e+01
3.000000000000000000e+01 1.800000000000000000e+01
3.100000000000000000e+01 8.000000000000000000e+00
3.600000000000000000e+01 3.000000000000000000e+00
3.300000000000000000e+01 3.000000000000000000e+00
3.200000000000000000e+01 2.000000000000000000e+00
3.400000000000000000e+01 2.000000000000000000e+00
3.500000000000000000e+01 1.000000000000000000e+00
3.800000000000000000e+01 1.000000000000000000e+00

1.000000000000000000e+00 2.722266000000000000e+06
1.100000000000000000e+01 4.343000000000000000e+03
1.200000000000000000e+01 4.290000000000000000e+03
1.000000000000000000e+01 4.281000000000000000e+03
9.000000000000000000e+00 3.997000000000000000e+03
1.300000000000000000e+01 3.771000000000000000e+03
8.000000000000000000e+00 3.603000000000000000e+03
1.400000000000000000e+01 3.403000000000000000e+03
7.000000000000000000e+00 2.969000000000000000e+03
1.500000000000000000e+01 2.960000000000000000e+03
1.600000000000000000e+01 2.342000000000000000e+03
6.000000000000000000e+00 2.334000000000000000e+03
1.700000000000000000e+01 2.024000000000000000e+03
5.000000000000000000e+00 1.663000000000000000e+03
1.800000000000000000e+01 1.475000000000000000e+03
1.900000000000000000e+01 1.158000000000000000e+03
4.000000000000000000e+00 1.083000000000000000e+03
2.000000000000000000e+01 8.660000000000000000e+02
3.000000000000000000e+00 6.770000000000000000e+02
2.100000000000000000e+01 5.890000000000000000e+02
2.000000000000000000e+00 4.240000000000000000e+02
2.200000000000000000e+01 4.070000000000000000e+02
2.300000000000000000e+01 3.050000000000000000e+02
2.400000000000000000e+01 1.910000000000000000e+02
2.500000000000000000e+01 1.310000000000000000e+02
2.600000000000000000e+01 7.300000000000000000e+01
2.700000000000000000e+01 5.300000000000000000e+01
2.800000000000000000e+01 3.300000000000000000e+01
2.900000000000000000e+01 2.300000000000000000e+01
3.000000000000000000e+01 7.000000000000000000e+00
3.100000000000000000e+01 5.000000000000000000e+00
3.300000000000000000e+01 4.000000000000000000e+00
3.200000000000000000e+01 3.000000000000000000e+00
3.400000000000000000e+01 1.000000000000000000e+00

1.000000000000000000e+00 2.760292000000000000e+06
1.000000000000000000e+01 4.253000000000000000e+03
1.100000000000000000e+01 4.241000000000000000e+03
9.000000000000000000e+00 4.236000000000000000e+03
8.000000000000000000e+00 3.967000000000000000e+03
1.200000000000000000e+01 3.928000000000000000e+03
7.000000000000000000e+00 3.511000000000000000e+03
1.300000000000000000e+01 3.416000000000000000e+03
1.400000000000000000e+01 2.952000000000000000e+03
6.000000000000000000e+00 2.775000000000000000e+03
1.500000000000000000e+01 2.527000000000000000e+03
5.000000000000000000e+00 2.143000000000000000e+03
1.600000000000000000e+01 1.965000000000000000e+03
1.700000000000000000e+01 1.655000000000000000e+03
4.000000000000000000e+00 1.512000000000000000e+03
1.800000000000000000e+01 1.196000000000000000e+03
3.000000000000000000e+00 1.062000000000000000e+03
1.900000000000000000e+01 9.520000000000000000e+02
2.000000000000000000e+01 6.870000000000000000e+02
2.000000000000000000e+00 6.620000000000000000e+02
2.100000000000000000e+01 5.080000000000000000e+02
2.200000000000000000e+01 3.230000000000000000e+02
2.300000000000000000e+01 2.520000000000000000e+02
2.400000000000000000e+01 1.580000000000000000e+02
2.500000000000000000e+01 9.500000000000000000e+01
2.600000000000000000e+01 6.600000000000000000e+01
2.700000000000000000e+01 4.400000000000000000e+01
2.800000000000000000e+01 2.200000000000000000e+01
2.900000000000000000e+01 1.900000000000000000e+01
3.000000000000000000e+01 1.000000000000000000e+01
3.100000000000000000e+01 5.000000000000000000e+00
3.200000000000000000e+01 3.000000000000000000e+00
3.300000000000000000e+01 2.000000000000000000e+00
3.400000000000000000e+01 1.000000000000000000e+00

1.000000000000000000e+00 2.797003000000000000e+06
1.000000000000000000e+01 4.268000000000000000e+03
9.000000000000000000e+00 4.238000000000000000e+03
8.000000000000000000e+00 4.053000000000000000e+03
1.100000000000000000e+01 3.987000000000000000e+03
7.000000000000000000e+00 3.858000000000000000e+03
1.200000000000000000e+01 3.613000000000000000e+03
6.000000000000000000e+00 3.262000000000000000e+03
1.300000000000000000e+01 3.179000000000000000e+03
5.000000000000000000e+00 2.652000000000000000e+03
1.400000000000000000e+01 2.601000000000000000e+03
1.500000000000000000e+01 2.140000000000000000e+03
4.000000000000000000e+00 1.985000000000000000e+03
1.600000000000000000e+01 1.694000000000000000e+03
3.000000000000000000e+00 1.423000000000000000e+03
1.700000000000000000e+01 1.324000000000000000e+03
1.800000000000000000e+01 9.950000000000000000e+02
2.000000000000000000e+00 9.000000000000000000e+02
1.900000000000000000e+01 7.740000000000000000e+02
2.000000000000000000e+01 5.480000000000000000e+02
2.100000000000000000e+01 4.020000000000000000e+02
2.200000000000000000e+01 2.590000000000000000e+02
2.300000000000000000e+01 1.610000000000000000e+02
2.400000000000000000e+01 1.340000000000000000e+02
2.500000000000000000e+01 8.200000000000000000e+01
2.600000000000000000e+01 3.800000000000000000e+01
2.700000000000000000e+01 2.200000000000000000e+01
2.800000000000000000e+01 1.400000000000000000e+01
2.900000000000000000e+01 7.000000000000000000e+00
3.200000000000000000e+01 4.000000000000000000e+00
3.000000000000000000e+01 4.000000000000000000e+00
3.300000000000000000e+01 2.000000000000000000e+00
3.100000000000000000e+01 2.000000000000000000e+00

1.000000000000000000e+00 2.840700000000000000e+06
8.000000000000000000e+00 4.206000000000000000e+03
9.000000000000000000e+00 4.135000000000000000e+03
7.000000000000000000e+00 4.084000000000000000e+03
1.000000000000000000e+01 3.924000000000000000e+03
6.000000000000000000e+00 3.752000000000000000e+03
1.100000000000000000e+01 3.518000000000000000e+03
1.200000000000000000e+01 3.192000000000000000e+03
5.000000000000000000e+00 3.177000000000000000e+03
1.300000000000000000e+01 2.785000000000000000e+03
4.000000000000000000e+00 2.589000000000000000e+03
1.400000000000000000e+01 2.214000000000000000e+03
3.000000000000000000e+00 2.004000000000000000e+03
1.500000000000000000e+01 1.819000000000000000e+03
2.000000000000000000e+00 1.406000000000000000e+03
1.600000000000000000e+01 1.389000000000000000e+03
1.700000000000000000e+01 1.087000000000000000e+03
1.800000000000000000e+01 8.380000000000000000e+02
1.900000000000000000e+01 5.940000000000000000e+02
2.000000000000000000e+01 4.000000000000000000e+02
2.100000000000000000e+01 2.610000000000000000e+02
2.200000000000000000e+01 2.090000000000000000e+02
2.300000000000000000e+01 9.500000000000000000e+01
2.400000000000000000e+01 6.800000000000000000e+01
2.500000000000000000e+01 4.500000000000000000e+01
2.600000000000000000e+01 3.200000000000000000e+01
2.700000000000000000e+01 9.000000000000000000e+00
2.800000000000000000e+01 7.000000000000000000e+00
2.900000000000000000e+01 3.000000000000000000e+00
3.000000000000000000e+01 2.000000000000000000e+00
3.200000000000000000e+01 1.000000000000000000e+00

1.000000000000000000e+00 2.894991000000000000e+06
8.000000000000000000e+00 4.104000000000000000e+03
7.000000000000000000e+00 4.080000000000000000e+03
6.000000000000000000e+00 4.041000000000000000e+03
9.000000000000000000e+00 3.910000000000000000e+03
5.000000000000000000e+00 3.808000000000000000e+03
1.000000000000000000e+01 3.423000000000000000e+03
4.000000000000000000e+00 3.309000000000000000e+03
1.100000000000000000e+01 3.059000000000000000e+03
3.000000000000000000e+00 2.740000000000000000e+03
1.200000000000000000e+01 2.709000000000000000e+03
2.000000000000000000e+00 2.235000000000000000e+03
1.300000000000000000e+01 2.189000000000000000e+03
1.400000000000000000e+01 1.820000000000000000e+03
1.500000000000000000e+01 1.402000000000000000e+03
1.600000000000000000e+01 1.061000000000000000e+03
1.700000000000000000e+01 7.990000000000000000e+02
1.800000000000000000e+01 6.020000000000000000e+02
1.900000000000000000e+01 4.030000000000000000e+02
2.000000000000000000e+01 2.820000000000000000e+02
2.100000000000000000e+01 1.550000000000000000e+02
2.200000000000000000e+01 1.220000000000000000e+02
2.300000000000000000e+01 6.100000000000000000e+01
2.400000000000000000e+01 3.900000000000000000e+01
2.500000000000000000e+01 2.400000000000000000e+01
2.600000000000000000e+01 8.000000000000000000e+00
2.800000000000000000e+01 2.000000000000000000e+00
2.700000000000000000e+01 1.000000000000000000e+00

1.000000000000000000e+00 2.946796000000000000e+06
6.000000000000000000e+00 4.315000000000000000e+03
5.000000000000000000e+00 4.248000000000000000e+03
7.000000000000000000e+00 4.230000000000000000e+03
4.000000000000000000e+00 4.090000000000000000e+03
8.000000000000000000e+00 3.878000000000000000e+03
3.000000000000000000e+00 3.630000000000000000e+03
9.000000000000000000e+00 3.454000000000000000e+03
1.000000000000000000e+01 3.074000000000000000e+03
2.000000000000000000e+00 3.003000000000000000e+03
1.100000000000000000e+01 2.583000000000000000e+03
1.200000000000000000e+01 2.139000000000000000e+03
1.300000000000000000e+01 1.788000000000000000e+03
1.400000000000000000e+01 1.352000000000000000e+03
1.500000000000000000e+01 9.680000000000000000e+02
1.600000000000000000e+01 7.440000000000000000e+02
1.700000000000000000e+01 5.430000000000000000e+02
1.800000000000000000e+01 3.620000000000000000e+02
1.900000000000000000e+01 2.240000000000000000e+02
2.000000000000000000e+01 1.640000000000000000e+02
2.100000000000000000e+01 9.700000000000000000e+01
2.200000000000000000e+01 4.300000000000000000e+01
2.300000000000000000e+01 2.600000000000000000e+01
2.400000000000000000e+01 1.700000000000000000e+01
2.500000000000000000e+01 9.000000000000000000e+00
2.600000000000000000e+01 5.000000000000000000e+00
2.700000000000000000e+01 2.000000000000000000e+00

1.000000000000000000e+00 3.002557000000000000e+06
4.000000000000000000e+00 4.832000000000000000e+03
5.000000000000000000e+00 4.684000000000000000e+03
3.000000000000000000e+00 4.644000000000000000e+03
6.000000000000000000e+00 4.379000000000000000e+03
2.000000000000000000e+00 4.108000000000000000e+03
7.000000000000000000e+00 3.893000000000000000e+03
8.000000000000000000e+00 3.485000000000000000e+03
9.000000000000000000e+00 3.069000000000000000e+03
1.000000000000000000e+01 2.550000000000000000e+03
1.100000000000000000e+01 2.078000000000000000e+03
1.200000000000000000e+01 1.522000000000000000e+03
1.300000000000000000e+01 1.208000000000000000e+03
1.400000000000000000e+01 9.010000000000000000e+02
1.500000000000000000e+01 6.520000000000000000e+02
1.600000000000000000e+01 4.570000000000000000e+02
1.700000000000000000e+01 2.420000000000000000e+02
1.800000000000000000e+01 1.750000000000000000e+02
1.900000000000000000e+01 1.010000000000000000e+02
2.000000000000000000e+01 6.200000000000000000e+01
2.100000000000000000e+01 2.600000000000000000e+01
2.200000000000000000e+01 1.300000000000000000e+01
2.300000000000000000e+01 7.000000000000000000e+00
2.400000000000000000e+01 2.000000000000000000e+00
2.500000000000000000e+01 1.000000000000000000e+00

1.000000000000000000e+00 3.060009000000000000e+06
3.000000000000000000e+00 5.592000000000000000e+03
2.000000000000000000e+00 5.262000000000000000e+03
4.000000000000000000e+00 5.254000000000000000e+03
5.000000000000000000e+00 4.638000000000000000e+03
6.000000000000000000e+00 4.088000000000000000e+03
7.000000000000000000e+00 3.361000000000000000e+03
8.000000000000000000e+00 2.855000000000000000e+03
9.000000000000000000e+00 2.360000000000000000e+03
1.000000000000000000e+01 1.900000000000000000e+03
1.100000000000000000e+01 1.391000000000000000e+03
1.200000000000000000e+01 1.019000000000000000e+03
1.300000000000000000e+01 7.500000000000000000e+02
1.400000000000000000e+01 4.820000000000000000e+02
1.500000000000000000e+01 3.410000000000000000e+02
1.600000000000000000e+01 1.990000000000000000e+02
1.700000000000000000e+01 1.240000000000000000e+02
1.800000000000000000e+01 7.200000000000000000e+01
1.900000000000000000e+01 4.100000000000000000e+01
2.000000000000000000e+01 2.200000000000000000e+01
2.100000000000000000e+01 8.000000000000000000e+00
2.200000000000000000e+01 4.000000000000000000e+00
2.500000000000000000e+01 3.000000000000000000e+00
2.300000000000000000e+01 2.000000000000000000e+00
2.400000000000000000e+01 1.000000000000000000e+00

1.000000000000000000e+00 3.117201000000000000e+06
2.000000000000000000e+00 6.652000000000000000e+03
3.000000000000000000e+00 6.263000000000000000e+03
4.000000000000000000e+00 5.489000000000000000e+03
5.000000000000000000e+00 4.385000000000000000e+03
6.000000000000000000e+00 3.471000000000000000e+03
7.000000000000000000e+00 2.644000000000000000e+03
8.000000000000000000e+00 2.061000000000000000e+03
9.000000000000000000e+00 1.478000000000000000e+03
1.000000000000000000e+01 1.043000000000000000e+03
1.100000000000000000e+01 8.110000000000000000e+02
1.200000000000000000e+01 5.080000000000000000e+02
1.300000000000000000e+01 3.630000000000000000e+02
1.400000000000000000e+01 2.270000000000000000e+02
1.500000000000000000e+01 1.220000000000000000e+02
1.600000000000000000e+01 6.900000000000000000e+01
1.700000000000000000e+01 4.200000000000000000e+01
1.800000000000000000e+01 2.000000000000000000e+01
1.900000000000000000e+01 1.300000000000000000e+01
2.000000000000000000e+01 4.000000000000000000e+00
2.200000000000000000e+01 1.000000000000000000e+00

1.000000000000000000e+00 3.166478000000000000e+06
2.000000000000000000e+00 7.919000000000000000e+03
3.000000000000000000e+00 6.658000000000000000e+03
4.000000000000000000e+00 5.024000000000000000e+03
5.000000000000000000e+00 3.520000000000000000e+03
6.000000000000000000e+00 2.489000000000000000e+03
7.000000000000000000e+00 1.706000000000000000e+03
8.000000000000000000e+00 1.202000000000000000e+03
9.000000000000000000e+00 8.580000000000000000e+02
1.000000000000000000e+01 5.280000000000000000e+02
1.100000000000000000e+01 3.310000000000000000e+02
1.200000000000000000e+01 2.170000000000000000e+02
1.300000000000000000e+01 1.490000000000000000e+02
1.400000000000000000e+01 7.500000000000000000e+01
1.500000000000000000e+01 4.100000000000000000e+01
1.600000000000000000e+01 1.600000000000000000e+01
1.700000000000000000e+01 1.100000000000000000e+01
1.800000000000000000e+01 6.000000000000000000e+00
2.100000000000000000e+01 3.000000000000000000e+00
2.000000000000000000e+01 2.000000000000000000e+00
1.900000000000000000e+01 1.000000000000000000e+00

1.000000000000000000e+00 3.198268000000000000e+06
2.000000000000000000e+00 8.369000000000000000e+03
3.000000000000000000e+00 6.747000000000000000e+03
4.000000000000000000e+00 4.484000000000000000e+03
5.000000000000000000e+00 2.886000000000000000e+03
6.000000000000000000e+00 1.611000000000000000e+03
7.000000000000000000e+00 1.075000000000000000e+03
8.000000000000000000e+00 6.500000000000000000e+02
9.000000000000000000e+00 4.060000000000000000e+02
1.000000000000000000e+01 2.440000000000000000e+02
1.100000000000000000e+01 1.430000000000000000e+02
1.200000000000000000e+01 7.900000000000000000e+01
1.300000000000000000e+01 4.800000000000000000e+01
1.400000000000000000e+01 2.800000000000000000e+01
1.500000000000000000e+01 1.300000000000000000e+01
1.700000000000000000e+01 6.000000000000000000e+00
1.600000000000000000e+01 3.000000000000000000e+00
2.000000000000000000e+01 1.000000000000000000e+00

1.000000000000000000e+00 3.215315000000000000e+06
2.000000000000000000e+00 8.695000000000000000e+03
3.000000000000000000e+00 6.638000000000000000e+03
4.000000000000000000e+00 4.163000000000000000e+03
5.000000000000000000e+00 2.314000000000000000e+03
6.000000000000000000e+00 1.235000000000000000e+03
7.000000000000000000e+00 6.810000000000000000e+02
8.000000000000000000e+00 3.340000000000000000e+02
9.000000000000000000e+00 1.960000000000000000e+02
1.000000000000000000e+01 1.080000000000000000e+02
1.100000000000000000e+01 5.500000000000000000e+01
1.200000000000000000e+01 3.100000000000000000e+01
1.300000000000000000e+01 2.200000000000000000e+01
1.400000000000000000e+01 9.000000000000000000e+00
1.500000000000000000e+01 3.000000000000000000e+00
1.600000000000000000e+01 2.000000000000000000e+00

1.000000000000000000e+00 3.225085000000000000e+06
2.000000000000000000e+00 8.893000000000000000e+03
3.000000000000000000e+00 6.529000000000000000e+03
4.000000000000000000e+00 3.838000000000000000e+03
5.000000000000000000e+00 2.012000000000000000e+03
6.000000000000000000e+00 8.910000000000000000e+02
7.000000000000000000e+00 4.390000000000000000e+02
8.000000000000000000e+00 2.040000000000000000e+02
9.000000000000000000e+00 1.000000000000000000e+02
1.000000000000000000e+01 5.400000000000000000e+01
1.100000000000000000e+01 2.400000000000000000e+01
1.200000000000000000e+01 2.100000000000000000e+01
1.400000000000000000e+01 4.000000000000000000e+00
1.300000000000000000e+01 4.000000000000000000e+00
1.500000000000000000e+01 1.000000000000000000e+00

1.000000000000000000e+00 3.230910000000000000e+06
2.000000000000000000e+00 8.968000000000000000e+03
3.000000000000000000e+00 6.524000000000000000e+03
4.000000000000000000e+00 3.661000000000000000e+03
5.000000000000000000e+00 1.682000000000000000e+03
6.000000000000000000e+00 7.400000000000000000e+02
7.000000000000000000e+00 3.120000000000000000e+02
8.000000000000000000e+00 1.180000000000000000e+02
9.000000000000000000e+00 4.700000000000000000e+01
1.000000000000000000e+01 3.400000000000000000e+01
1.100000000000000000e+01 1.100000000000000000e+01
1.200000000000000000e+01 3.000000000000000000e+00
1.300000000000000000e+01 2.000000000000000000e+00
1.400000000000000000e+01 1.000000000000000000e+00

1.000000000000000000e+00 3.235650000000000000e+06
2.000000000000000000e+00 9.025000000000000000e+03
3.000000000000000000e+00 6.128000000000000000e+03
4.000000000000000000e+00 3.445000000000000000e+03
5.000000000000000000e+00 1.564000000000000000e+03
6.000000000000000000e+00 6.030000000000000000e+02
7.000000000000000000e+00 2.280000000000000000e+02
8.000000000000000000e+00 8.900000000000000000e+01
9.000000000000000000e+00 1.600000000000000000e+01
1.000000000000000000e+01 1.500000000000000000e+01
1.100000000000000000e+01 5.000000000000000000e+00
1.400000000000000000e+01 2.000000000000000000e+00
1.300000000000000000e+01 1.000000000000000000e+00

1.000000000000000000e+00 3.237655000000000000e+06
2.000000000000000000e+00 9.108000000000000000e+03
3.000000000000000000e+00 6.067000000000000000e+03
4.000000000000000000e+00 3.281000000000000000e+03
5.000000000000000000e+00 1.433000000000000000e+03
6.000000000000000000e+00 5.660000000000000000e+02
7.000000000000000000e+00 1.830000000000000000e+02
8.000000000000000000e+00 7.700000000000000000e+01
9.000000000000000000e+00 2.300000000000000000e+01
1.100000000000000000e+01 7.000000000000000000e+00
1.000000000000000000e+01 5.000000000000000000e+00
1.200000000000000000e+01 1.000000000000000000e+00

1.000000000000000000e+00 3.240472000000000000e+06
2.000000000000000000e+00 9.029000000000000000e+03
3.000000000000000000e+00 6.031000000000000000e+03
4.000000000000000000e+00 3.077000000000000000e+03
5.000000000000000000e+00 1.350000000000000000e+03
6.000000000000000000e+00 4.580000000000000000e+02
7.000000000000000000e+00 1.470000000000000000e+02
8.000000000000000000e+00 4.200000000000000000e+01
9.000000000000000000e+00 1.500000000000000000e+01
1.000000000000000000e+01 6.000000000000000000e+00
1.100000000000000000e+01 1.000000000000000000e+00

1.000000000000000000e+00 2.496502000000000000e+06
1.600000000000000000e+01 4.794000000000000000e+03
1.500000000000000000e+01 4.793000000000000000e+03
1.700000000000000000e+01 4.662000000000000000e+03
1.400000000000000000e+01 4.394000000000000000e+03
1.800000000000000000e+01 3.996000000000000000e+03
1.300000000000000000e+01 3.838000000000000000e+03
1.900000000000000000e+01 3.327000000000000000e+03
1.200000000000000000e+01 3.292000000000000000e+03
2.000000000000000000e+01 2.709000000000000000e+03
1.100000000000000000e+01 2.440000000000000000e+03
2.100000000000000000e+01 2.158000000000000000e+03
1.000000000000000000e+01 1.698000000000000000e+03
2.200000000000000000e+01 1.569000000000000000e+03
9.000000000000000000e+00 1.176000000000000000e+03
2.300000000000000000e+01 1.163000000000000000e+03
2.400000000000000000e+01 8.500000000000000000e+02
8.000000000000000000e+00 6.980000000000000000e+02
2.500000000000000000e+01 5.800000000000000000e+02
2.600000000000000000e+01 3.840000000000000000e+02
7.000000000000000000e+00 3.710000000000000000e+02
2.700000000000000000e+01 2.490000000000000000e+02
6.000000000000000000e+00 1.950000000000000000e+02
2.800000000000000000e+01 1.600000000000000000e+02
2.900000000000000000e+01 1.190000000000000000e+02
5.000000000000000000e+00 9.200000000000000000e+01
3.000000000000000000e+01 6.200000000000000000e+01
4.000000000000000000e+00 3.900000000000000000e+01
3.100000000000000000e+01 3.200000000000000000e+01
3.200000000000000000e+01 2.200000000000000000e+01
3.000000000000000000e+00 2.100000000000000000e+01
3.300000000000000000e+01 1.500000000000000000e+01
2.000000000000000000e+00 1.400000000000000000e+01
3.500000000000000000e+01 1.000000000000000000e+01
3.400000000000000000e+01 7.000000000000000000e+00
3.700000000000000000e+01 3.000000000000000000e+00
3.900000000000000000e+01 1.000000000000000000e+00
3.600000000000000000e+01 1.000000000000000000e+00

1.000000000000000000e+00 2.502437000000000000e+06
1.600000000000000000e+01 4.530000000000000000e+03
1.500000000000000000e+01 4.518000000000000000e+03
1.400000000000000000e+01 4.454000000000000000e+03
1.700000000000000000e+01 4.140000000000000000e+03
1.300000000000000000e+01 3.908000000000000000e+03
1.800000000000000000e+01 3.711000000000000000e+03
1.900000000000000000e+01 3.297000000000000000e+03
1.200000000000000000e+01 3.282000000000000000e+03
2.000000000000000000e+01 2.700000000000000000e+03
1.100000000000000000e+01 2.522000000000000000e+03
2.100000000000000000e+01 2.104000000000000000e+03
1.000000000000000000e+01 1.977000000000000000e+03
2.200000000000000000e+01 1.626000000000000000e+03
9.000000000000000000e+00 1.337000000000000000e+03
2.300000000000000000e+01 1.214000000000000000e+03
8.000000000000000000e+00 8.450000000000000000e+02
2.400000000000000000e+01 8.340000000000000000e+02
2.500000000000000000e+01 6.000000000000000000e+02
7.000000000000000000e+00 5.200000000000000000e+02
2.600000000000000000e+01 4.030000000000000000e+02
2.700000000000000000e+01 2.980000000000000000e+02
6.000000000000000000e+00 2.720000000000000000e+02
2.800000000000000000e+01 2.140000000000000000e+02
2.900000000000000000e+01 1.310000000000000000e+02
5.000000000000000000e+00 1.290000000000000000e+02
3.000000000000000000e+01 8.000000000000000000e+01
4.000000000000000000e+00 6.500000000000000000e+01
3.100000000000000000e+01 5.300000000000000000e+01
3.200000000000000000e+01 3.300000000000000000e+01
3.000000000000000000e+00 3.100000000000000000e+01
2.000000000000000000e+00 2.200000000000000000e+01
3.300000000000000000e+01 2.200000000000000000e+01
3.400000000000000000e+01 1.600000000000000000e+01
3.500000000000000000e+01 7.000000000000000000e+00
3.700000000000000000e+01 5.000000000000000000e+00
3.600000000000000000e+01 3.000000000000000000e+00
4.100000000000000000e+01 2.000000000000000000e+00
5.100000000000000000e+01 1.000000000000000000e+00
3.800000000000000000e+01 1.000000000000000000e+00
4.200000000000000000e+01 1.000000000000000000e+00

1.000000000000000000e+00 2.510485000000000000e+06
1.500000000000000000e+01 4.406000000000000000e+03
1.600000000000000000e+01 4.354000000000000000e+03
1.400000000000000000e+01 4.264000000000000000e+03
1.300000000000000000e+01 3.989000000000000000e+03
1.700000000000000000e+01 3.979000000000000000e+03
1.800000000000000000e+01 3.593000000000000000e+03
1.200000000000000000e+01 3.327000000000000000e+03
1.900000000000000000e+01 3.080000000000000000e+03
1.100000000000000000e+01 2.652000000000000000e+03
2.000000000000000000e+01 2.580000000000000000e+03
1.000000000000000000e+01 2.110000000000000000e+03
2.100000000000000000e+01 2.054000000000000000e+03
2.200000000000000000e+01 1.616000000000000000e+03
9.000000000000000000e+00 1.517000000000000000e+03
2.300000000000000000e+01 1.220000000000000000e+03
8.000000000000000000e+00 9.760000000000000000e+02
2.400000000000000000e+01 9.490000000000000000e+02
7.000000000000000000e+00 6.130000000000000000e+02
2.500000000000000000e+01 5.790000000000000000e+02
2.600000000000000000e+01 4.380000000000000000e+02
6.000000000000000000e+00 3.410000000000000000e+02
2.700000000000000000e+01 3.120000000000000000e+02
5.000000000000000000e+00 1.890000000000000000e+02
2.800000000000000000e+01 1.880000000000000000e+02
2.900000000000000000e+01 1.280000000000000000e+02
4.000000000000000000e+00 1.140000000000000000e+02
3.000000000000000000e+01 8.400000000000000000e+01
3.000000000000000000e+00 6.800000000000000000e+01
3.100000000000000000e+01 5.900000000000000000e+01
3.200000000000000000e+01 3.000000000000000000e+01
2.000000000000000000e+00 2.800000000000000000e+01
3.300000000000000000e+01 2.100000000000000000e+01
3.400000000000000000e+01 1.800000000000000000e+01
3.500000000000000000e+01 7.000000000000000000e+00
3.900000000000000000e+01 3.000000000000000000e+00
4.300000000000000000e+01 2.000000000000000000e+00
3.700000000000000000e+01 2.000000000000000000e+00
3.600000000000000000e+01 2.000000000000000000e+00
4.400000000000000000e+01 1.000000000000000000e+00
3.800000000000000000e+01 1.000000000000000000e+00
4.100000000000000000e+01 1.000000000000000000e+00

1.000000000000000000e+00 2.523929000000000000e+06
1.500000000000000000e+01 4.149000000000000000e+03
1.400000000000000000e+01 4.111000000000000000e+03
1.600000000000000000e+01 4.080000000000000000e+03
1.300000000000000000e+01 3.881000000000000000e+03
1.700000000000000000e+01 3.752000000000000000e+03
1.200000000000000000e+01 3.448000000000000000e+03
1.800000000000000000e+01 3.400000000000000000e+03
1.100000000000000000e+01 2.893000000000000000e+03
1.900000000000000000e+01 2.888000000000000000e+03
2.000000000000000000e+01 2.463000000000000000e+03
1.000000000000000000e+01 2.262000000000000000e+03
2.100000000000000000e+01 1.933000000000000000e+03
9.000000000000000000e+00 1.746000000000000000e+03
2.200000000000000000e+01 1.552000000000000000e+03
8.000000000000000000e+00 1.186000000000000000e+03
2.300000000000000000e+01 1.161000000000000000e+03
2.400000000000000000e+01 8.480000000000000000e+02
7.000000000000000000e+00 8.130000000000000000e+02
2.500000000000000000e+01 6.520000000000000000e+02
6.000000000000000000e+00 5.580000000000000000e+02
2.600000000000000000e+01 4.490000000000000000e+02
2.700000000000000000e+01 3.350000000000000000e+02
5.000000000000000000e+00 2.900000000000000000e+02
2.800000000000000000e+01 2.380000000000000000e+02
4.000000000000000000e+00 1.780000000000000000e+02
2.900000000000000000e+01 1.490000000000000000e+02
3.000000000000000000e+00 8.900000000000000000e+01
3.000000000000000000e+01 8.900000000000000000e+01
3.100000000000000000e+01 6.900000000000000000e+01
2.000000000000000000e+00 6.300000000000000000e+01
3.200000000000000000e+01 3.800000000000000000e+01
3.300000000000000000e+01 2.900000000000000000e+01
3.400000000000000000e+01 2.200000000000000000e+01
3.500000000000000000e+01 1.300000000000000000e+01
3.600000000000000000e+01 7.000000000000000000e+00
3.700000000000000000e+01 6.000000000000000000e+00
3.800000000000000000e+01 2.000000000000000000e+00
4.200000000000000000e+01 2.000000000000000000e+00
3.900000000000000000e+01 2.000000000000000000e+00
4.100000000000000000e+01 2.000000000000000000e+00
4.300000000000000000e+01 1.000000000000000000e+00

1.000000000000000000e+00 2.538078000000000000e+06
1.400000000000000000e+01 4.000000000000000000e+03
1.500000000000000000e+01 3.990000000000000000e+03
1.600000000000000000e+01 3.821000000000000000e+03
1.300000000000000000e+01 3.772000000000000000e+03
1.700000000000000000e+01 3.609000000000000000e+03
1.200000000000000000e+01 3.440000000000000000e+03
1.800000000000000000e+01 3.208000000000000000e+03
1.100000000000000000e+01 2.921000000000000000e+03
1.900000000000000000e+01 2.822000000000000000e+03
1.000000000000000000e+01 2.504000000000000000e+03
2.000000000000000000e+01 2.336000000000000000e+03
9.000000000000000000e+00 1.933000000000000000e+03
2.100000000000000000e+01 1.859000000000000000e+03
2.200000000000000000e+01 1.488000000000000000e+03
8.000000000000000000e+00 1.450000000000000000e+03
2.300000000000000000e+01 1.087000000000000000e+03
7.000000000000000000e+00 1.003000000000000000e+03
2.400000000000000000e+01 8.770000000000000000e+02
6.000000000000000000e+00 6.750000000000000000e+02
2.500000000000000000e+01 5.660000000000000000e+02
2.600000000000000000e+01 4.620000000000000000e+02
5.000000000000000000e+00 4.580000000000000000e+02
2.700000000000000000e+01 3.160000000000000000e+02
2.800000000000000000e+01 2.100000000000000000e+02
4.000000000000000000e+00 2.050000000000000000e+02
3.000000000000000000e+00 1.680000000000000000e+02
2.900000000000000000e+01 1.580000000000000000e+02
3.000000000000000000e+01 1.000000000000000000e+02
3.100000000000000000e+01 9.600000000000000000e+01
2.000000000000000000e+00 7.900000000000000000e+01
3.200000000000000000e+01 4.800000000000000000e+01
3.300000000000000000e+01 4.200000000000000000e+01
3.400000000000000000e+01 1.800000000000000000e+01
3.600000000000000000e+01 1.600000000000000000e+01
3.500000000000000000e+01 1.200000000000000000e+01
3.700000000000000000e+01 8.000000000000000000e+00
3.800000000000000000e+01 4.000000000000000000e+00
4.100000000000000000e+01 2.000000000000000000e+00
4.000000000000000000e+01 2.000000000000000000e+00
3.900000000000000000e+01 2.000000000000000000e+00

1.000000000000000000e+00 2.561268000000000000e+06
1.300000000000000000e+01 3.893000000000000000e+03
1.400000000000000000e+01 3.772000000000000000e+03
1.500000000000000000e+01 3.768000000000000000e+03
1.600000000000000000e+01 3.512000000000000000e+03
1.200000000000000000e+01 3.416000000000000000e+03
1.700000000000000000e+01 3.196000000000000000e+03
1.100000000000000000e+01 3.157000000000000000e+03
1.800000000000000000e+01 2.877000000000000000e+03
1.000000000000000000e+01 2.673000000000000000e+03
1.900000000000000000e+01 2.488000000000000000e+03
9.000000000000000000e+00 2.176000000000000000e+03
2.000000000000000000e+01 2.121000000000000000e+03
8.000000000000000000e+00 1.754000000000000000e+03
2.100000000000000000e+01 1.718000000000000000e+03
2.200000000000000000e+01 1.317000000000000000e+03
7.000000000000000000e+00 1.263000000000000000e+03
2.300000000000000000e+01 1.001000000000000000e+03
6.000000000000000000e+00 9.120000000000000000e+02
2.400000000000000000e+01 8.180000000000000000e+02
5.000000000000000000e+00 6.630000000000000000e+02
2.500000000000000000e+01 6.170000000000000000e+02
2.600000000000000000e+01 4.710000000000000000e+02
4.000000000000000000e+00 4.290000000000000000e+02
2.700000000000000000e+01 3.210000000000000000e+02
3.000000000000000000e+00 2.600000000000000000e+02
2.800000000000000000e+01 2.330000000000000000e+02
2.900000000000000000e+01 1.830000000000000000e+02
2.000000000000000000e+00 1.700000000000000000e+02
3.000000000000000000e+01 1.500000000000000000e+02
3.100000000000000000e+01 8.500000000000000000e+01
3.200000000000000000e+01 5.800000000000000000e+01
3.300000000000000000e+01 4.100000000000000000e+01
3.400000000000000000e+01 3.500000000000000000e+01
3.600000000000000000e+01 2.700000000000000000e+01
3.500000000000000000e+01 2.200000000000000000e+01
3.700000000000000000e+01 1.100000000000000000e+01
3.800000000000000000e+01 7.000000000000000000e+00
3.900000000000000000e+01 6.000000000000000000e+00
4.200000000000000000e+01 2.000000000000000000e+00
4.000000000000000000e+01 2.000000000000000000e+00
4.100000000000000000e+01 1.000000000000000000e+00

1.000000000000000000e+00 2.593046000000000000e+06
1.400000000000000000e+01 3.589000000000000000e+03
1.300000000000000000e+01 3.539000000000000000e+03
1.200000000000000000e+01 3.447000000000000000e+03
1.500000000000000000e+01 3.249000000000000000e+03
1.100000000000000000e+01 3.234000000000000000e+03
1.600000000000000000e+01 3.196000000000000000e+03
1.700000000000000000e+01 2.840000000000000000e+03
1.000000000000000000e+01 2.812000000000000000e+03
1.800000000000000000e+01 2.571000000000000000e+03
9.000000000000000000e+00 2.383000000000000000e+03
1.900000000000000000e+01 2.240000000000000000e+03
8.000000000000000000e+00 1.993000000000000000e+03
2.000000000000000000e+01 1.909000000000000000e+03
7.000000000000000000e+00 1.587000000000000000e+03
2.100000000000000000e+01 1.438000000000000000e+03
6.000000000000000000e+00 1.346000000000000000e+03
2.200000000000000000e+01 1.212000000000000000e+03
2.300000000000000000e+01 1.023000000000000000e+03
5.000000000000000000e+00 9.870000000000000000e+02
2.400000000000000000e+01 7.080000000000000000e+02
4.000000000000000000e+00 6.830000000000000000e+02
2.500000000000000000e+01 5.750000000000000000e+02
3.000000000000000000e+00 4.710000000000000000e+02
2.600000000000000000e+01 4.510000000000000000e+02
2.700000000000000000e+01 3.480000000000000000e+02
2.000000000000000000e+00 3.330000000000000000e+02
2.800000000000000000e+01 2.820000000000000000e+02
2.900000000000000000e+01 1.920000000000000000e+02
3.000000000000000000e+01 1.740000000000000000e+02
3.100000000000000000e+01 9.800000000000000000e+01
3.200000000000000000e+01 8.300000000000000000e+01
3.300000000000000000e+01 6.400000000000000000e+01
3.400000000000000000e+01 4.100000000000000000e+01
3.500000000000000000e+01 3.300000000000000000e+01
3.600000000000000000e+01 3.000000000000000000e+01
3.700000000000000000e+01 1.200000000000000000e+01
3.900000000000000000e+01 6.000000000000000000e+00
3.800000000000000000e+01 6.000000000000000000e+00
4.100000000000000000e+01 3.000000000000000000e+00
4.000000000000000000e+01 2.000000000000000000e+00
4.400000000000000000e+01 1.000000000000000000e+00

1.000000000000000000e+00 2.635720000000000000e+06
1.300000000000000000e+01 3.183000000000000000e+03
1.200000000000000000e+01 3.134000000000000000e+03
1.100000000000000000e+01 3.116000000000000000e+03
1.400000000000000000e+01 3.080000000000000000e+03
1.500000000000000000e+01 2.927000000000000000e+03
1.000000000000000000e+01 2.917000000000000000e+03
9.000000000000000000e+00 2.665000000000000000e+03
1.600000000000000000e+01 2.643000000000000000e+03
1.700000000000000000e+01 2.418000000000000000e+03
8.000000000000000000e+00 2.257000000000000000e+03
1.800000000000000000e+01 2.199000000000000000e+03
7.000000000000000000e+00 1.996000000000000000e+03
1.900000000000000000e+01 1.901000000000000000e+03
6.000000000000000000e+00 1.596000000000000000e+03
2.000000000000000000e+01 1.551000000000000000e+03
2.100000000000000000e+01 1.373000000000000000e+03
5.000000000000000000e+00 1.344000000000000000e+03
2.200000000000000000e+01 1.105000000000000000e+03
4.000000000000000000e+00 1.099000000000000000e+03
2.300000000000000000e+01 8.770000000000000000e+02
3.000000000000000000e+00 8.440000000000000000e+02
2.400000000000000000e+01 7.140000000000000000e+02
2.000000000000000000e+00 7.070000000000000000e+02
2.500000000000000000e+01 5.840000000000000000e+02
2.600000000000000000e+01 5.160000000000000000e+02
2.700000000000000000e+01 3.530000000000000000e+02
2.800000000000000000e+01 2.750000000000000000e+02
2.900000000000000000e+01 2.260000000000000000e+02
3.000000000000000000e+01 1.770000000000000000e+02
3.100000000000000000e+01 1.500000000000000000e+02
3.200000000000000000e+01 1.020000000000000000e+02
3.300000000000000000e+01 8.700000000000000000e+01
3.400000000000000000e+01 6.100000000000000000e+01
3.500000000000000000e+01 3.600000000000000000e+01
3.600000000000000000e+01 2.400000000000000000e+01
3.700000000000000000e+01 2.300000000000000000e+01
3.800000000000000000e+01 8.000000000000000000e+00
3.900000000000000000e+01 5.000000000000000000e+00
4.000000000000000000e+01 2.000000000000000000e+00
4.100000000000000000e+01 2.000000000000000000e+00

1.000000000000000000e+00 2.699986000000000000e+06
1.200000000000000000e+01 2.940000000000000000e+03
1.100000000000000000e+01 2.879000000000000000e+03
1.000000000000000000e+01 2.804000000000000000e+03
1.300000000000000000e+01 2.707000000000000000e+03
9.000000000000000000e+00 2.663000000000000000e+03
8.000000000000000000e+00 2.644000000000000000e+03
1.400000000000000000e+01 2.521000000000000000e+03
1.500000000000000000e+01 2.375000000000000000e+03
7.000000000000000000e+00 2.331000000000000000e+03
1.600000000000000000e+01 2.228000000000000000e+03
6.000000000000000000e+00 2.191000000000000000e+03
1.700000000000000000e+01 1.963000000000000000e+03
5.000000000000000000e+00 1.901000000000000000e+03
1.800000000000000000e+01 1.698000000000000000e+03
4.000000000000000000e+00 1.647000000000000000e+03
1.900000000000000000e+01 1.548000000000000000e+03
3.000000000000000000e+00 1.443000000000000000e+03
2.000000000000000000e+01 1.333000000000000000e+03
2.000000000000000000e+00 1.242000000000000000e+03
2.100000000000000000e+01 1.162000000000000000e+03
2.200000000000000000e+01 9.500000000000000000e+02
2.300000000000000000e+01 7.750000000000000000e+02
2.400000000000000000e+01 6.550000000000000000e+02
2.500000000000000000e+01 5.610000000000000000e+02
2.600000000000000000e+01 4.420000000000000000e+02
2.700000000000000000e+01 3.330000000000000000e+02
2.800000000000000000e+01 2.830000000000000000e+02
2.900000000000000000e+01 1.970000000000000000e+02
3.000000000000000000e+01 1.660000000000000000e+02
3.100000000000000000e+01 1.300000000000000000e+02
3.200000000000000000e+01 9.600000000000000000e+01
3.300000000000000000e+01 6.600000000000000000e+01
3.500000000000000000e+01 4.400000000000000000e+01
3.400000000000000000e+01 4.400000000000000000e+01
3.600000000000000000e+01 1.600000000000000000e+01
3.700000000000000000e+01 1.400000000000000000e+01
3.900000000000000000e+01 4.000000000000000000e+00
3.800000000000000000e+01 3.000000000000000000e+00
4.000000000000000000e+01 3.000000000000000000e+00

1.000000000000000000e+00 2.778933000000000000e+06
9.000000000000000000e+00 2.573000000000000000e+03
7.000000000000000000e+00 2.547000000000000000e+03
1.000000000000000000e+01 2.547000000000000000e+03
8.000000000000000000e+00 2.502000000000000000e+03
6.000000000000000000e+00 2.470000000000000000e+03
4.000000000000000000e+00 2.426000000000000000e+03
5.000000000000000000e+00 2.419000000000000000e+03
1.100000000000000000e+01 2.392000000000000000e+03
1.200000000000000000e+01 2.339000000000000000e+03
3.000000000000000000e+00 2.283000000000000000e+03
1.300000000000000000e+01 2.222000000000000000e+03
1.400000000000000000e+01 2.160000000000000000e+03
2.000000000000000000e+00 1.929000000000000000e+03
1.500000000000000000e+01 1.860000000000000000e+03
1.600000000000000000e+01 1.761000000000000000e+03
1.700000000000000000e+01 1.540000000000000000e+03
1.800000000000000000e+01 1.398000000000000000e+03
1.900000000000000000e+01 1.218000000000000000e+03
2.000000000000000000e+01 1.035000000000000000e+03
2.100000000000000000e+01 9.450000000000000000e+02
2.200000000000000000e+01 7.670000000000000000e+02
2.300000000000000000e+01 6.720000000000000000e+02
2.400000000000000000e+01 5.960000000000000000e+02
2.500000000000000000e+01 4.510000000000000000e+02
2.600000000000000000e+01 3.640000000000000000e+02
2.700000000000000000e+01 3.000000000000000000e+02
2.800000000000000000e+01 2.650000000000000000e+02
2.900000000000000000e+01 1.940000000000000000e+02
3.000000000000000000e+01 1.610000000000000000e+02
3.100000000000000000e+01 1.050000000000000000e+02
3.200000000000000000e+01 6.900000000000000000e+01
3.300000000000000000e+01 5.200000000000000000e+01
3.400000000000000000e+01 3.500000000000000000e+01
3.500000000000000000e+01 1.300000000000000000e+01
3.600000000000000000e+01 7.000000000000000000e+00
3.700000000000000000e+01 3.000000000000000000e+00
3.800000000000000000e+01 1.000000000000000000e+00
4.000000000000000000e+01 1.000000000000000000e+00
4.200000000000000000e+01 1.000000000000000000e+00

1.000000000000000000e+00 2.879436000000000000e+06
3.000000000000000000e+00 3.232000000000000000e+03
4.000000000000000000e+00 3.047000000000000000e+03
2.000000000000000000e+00 3.046000000000000000e+03
5.000000000000000000e+00 2.724000000000000000e+03
6.000000000000000000e+00 2.716000000000000000e+03
7.000000000000000000e+00 2.537000000000000000e+03
8.000000000000000000e+00 2.361000000000000000e+03
9.000000000000000000e+00 2.260000000000000000e+03
1.000000000000000000e+01 2.177000000000000000e+03
1.100000000000000000e+01 1.946000000000000000e+03
1.200000000000000000e+01 1.853000000000000000e+03
1.300000000000000000e+01 1.734000000000000000e+03
1.400000000000000000e+01 1.621000000000000000e+03
1.500000000000000000e+01 1.431000000000000000e+03
1.600000000000000000e+01 1.223000000000000000e+03
1.700000000000000000e+01 1.203000000000000000e+03
1.800000000000000000e+01 9.670000000000000000e+02
1.900000000000000000e+01 9.110000000000000000e+02
2.000000000000000000e+01 7.890000000000000000e+02
2.100000000000000000e+01 7.050000000000000000e+02
2.200000000000000000e+01 5.750000000000000000e+02
2.300000000000000000e+01 4.930000000000000000e+02
2.400000000000000000e+01 3.940000000000000000e+02
2.500000000000000000e+01 3.210000000000000000e+02
2.600000000000000000e+01 2.510000000000000000e+02
2.700000000000000000e+01 2.020000000000000000e+02
2.800000000000000000e+01 1.500000000000000000e+02
2.900000000000000000e+01 1.190000000000000000e+02
3.000000000000000000e+01 9.600000000000000000e+01
3.100000000000000000e+01 5.700000000000000000e+01
3.200000000000000000e+01 3.400000000000000000e+01
3.300000000000000000e+01 2.500000000000000000e+01
3.400000000000000000e+01 8.000000000000000000e+00
3.600000000000000000e+01 5.000000000000000000e+00
3.500000000000000000e+01 4.000000000000000000e+00

1.000000000000000000e+00 2.992553000000000000e+06
2.000000000000000000e+00 4.154000000000000000e+03
3.000000000000000000e+00 4.077000000000000000e+03
4.000000000000000000e+00 3.600000000000000000e+03
5.000000000000000000e+00 3.124000000000000000e+03
6.000000000000000000e+00 2.731000000000000000e+03
7.000000000000000000e+00 2.364000000000000000e+03
8.000000000000000000e+00 1.992000000000000000e+03
9.000000000000000000e+00 1.828000000000000000e+03
1.000000000000000000e+01 1.653000000000000000e+03
1.100000000000000000e+01 1.513000000000000000e+03
1.200000000000000000e+01 1.345000000000000000e+03
1.300000000000000000e+01 1.219000000000000000e+03
1.400000000000000000e+01 1.083000000000000000e+03
1.500000000000000000e+01 9.180000000000000000e+02
1.600000000000000000e+01 8.230000000000000000e+02
1.700000000000000000e+01 7.620000000000000000e+02
1.800000000000000000e+01 6.390000000000000000e+02
1.900000000000000000e+01 5.650000000000000000e+02
2.000000000000000000e+01 4.400000000000000000e+02
2.100000000000000000e+01 3.730000000000000000e+02
2.200000000000000000e+01 3.110000000000000000e+02
2.300000000000000000e+01 2.520000000000000000e+02
2.400000000000000000e+01 2.150000000000000000e+02
2.500000000000000000e+01 1.570000000000000000e+02
2.600000000000000000e+01 1.290000000000000000e+02
2.700000000000000000e+01 8.800000000000000000e+01
2.900000000000000000e+01 5.400000000000000000e+01
2.800000000000000000e+01 5.000000000000000000e+01
3.000000000000000000e+01 2.400000000000000000e+01
3.100000000000000000e+01 1.700000000000000000e+01
3.300000000000000000e+01 7.000000000000000000e+00
3.400000000000000000e+01 6.000000000000000000e+00
3.200000000000000000e+01 4.000000000000000000e+00
3.500000000000000000e+01 3.000000000000000000e+00
3.700000000000000000e+01 2.000000000000000000e+00
3.600000000000000000e+01 1.000000000000000000e+00
3.800000000000000000e+01 1.000000000000000000e+00

1.000000000000000000e+00 3.097060000000000000e+06
2.000000000000000000e+00 5.519000000000000000e+03
3.000000000000000000e+00 4.934000000000000000e+03
4.000000000000000000e+00 3.980000000000000000e+03
5.000000000000000000e+00 2.959000000000000000e+03
6.000000000000000000e+00 2.423000000000000000e+03
7.000000000000000000e+00 1.952000000000000000e+03
8.000000000000000000e+00 1.534000000000000000e+03
9.000000000000000000e+00 1.280000000000000000e+03
1.000000000000000000e+01 1.040000000000000000e+03
1.100000000000000000e+01 8.660000000000000000e+02
1.200000000000000000e+01 7.620000000000000000e+02
1.300000000000000000e+01 6.330000000000000000e+02
1.400000000000000000e+01 5.980000000000000000e+02
1.500000000000000000e+01 5.300000000000000000e+02
1.600000000000000000e+01 4.480000000000000000e+02
1.700000000000000000e+01 3.670000000000000000e+02
1.800000000000000000e+01 2.860000000000000000e+02
1.900000000000000000e+01 2.430000000000000000e+02
2.000000000000000000e+01 2.310000000000000000e+02
2.100000000000000000e+01 1.600000000000000000e+02
2.200000000000000000e+01 9.900000000000000000e+01
2.300000000000000000e+01 9.100000000000000000e+01
2.400000000000000000e+01 5.700000000000000000e+01
2.500000000000000000e+01 5.000000000000000000e+01
2.600000000000000000e+01 2.900000000000000000e+01
2.700000000000000000e+01 2.100000000000000000e+01
2.800000000000000000e+01 2.000000000000000000e+01
2.900000000000000000e+01 1.200000000000000000e+01
3.000000000000000000e+01 8.000000000000000000e+00
3.300000000000000000e+01 4.000000000000000000e+00
3.100000000000000000e+01 2.000000000000000000e+00
3.400000000000000000e+01 1.000000000000000000e+00
3.200000000000000000e+01 1.000000000000000000e+00

1.000000000000000000e+00 3.168601000000000000e+06
2.000000000000000000e+00 6.614000000000000000e+03
3.000000000000000000e+00 5.625000000000000000e+03
4.000000000000000000e+00 4.085000000000000000e+03
5.000000000000000000e+00 2.708000000000000000e+03
6.000000000000000000e+00 1.905000000000000000e+03
7.000000000000000000e+00 1.289000000000000000e+03
8.000000000000000000e+00 9.650000000000000000e+02
9.000000000000000000e+00 7.610000000000000000e+02
1.000000000000000000e+01 5.250000000000000000e+02
1.100000000000000000e+01 4.120000000000000000e+02
1.200000000000000000e+01 3.410000000000000000e+02
1.300000000000000000e+01 2.730000000000000000e+02
1.400000000000000000e+01 2.390000000000000000e+02
1.500000000000000000e+01 1.830000000000000000e+02
1.600000000000000000e+01 1.460000000000000000e+02
1.700000000000000000e+01 1.240000000000000000e+02
1.800000000000000000e+01 9.200000000000000000e+01
1.900000000000000000e+01 7.700000000000000000e+01
2.000000000000000000e+01 5.400000000000000000e+01
2.100000000000000000e+01 4.800000000000000000e+01
2.200000000000000000e+01 3.900000000000000000e+01
2.300000000000000000e+01 2.700000000000000000e+01
2.400000000000000000e+01 2.500000000000000000e+01
2.500000000000000000e+01 1.500000000000000000e+01
2.600000000000000000e+01 9.000000000000000000e+00
2.700000000000000000e+01 7.000000000000000000e+00
2.800000000000000000e+01 5.000000000000000000e+00
2.900000000000000000e+01 4.000000000000000000e+00
3.000000000000000000e+01 1.000000000000000000e+00
3.400000000000000000e+01 1.000000000000000000e+00
3.200000000000000000e+01 1.000000000000000000e+00

1.000000000000000000e+00 3.200295000000000000e+06
2.000000000000000000e+00 7.192000000000000000e+03
3.000000000000000000e+00 5.754000000000000000e+03
4.000000000000000000e+00 3.947000000000000000e+03
5.000000000000000000e+00 2.470000000000000000e+03
6.000000000000000000e+00 1.520000000000000000e+03
7.000000000000000000e+00 1.033000000000000000e+03
8.000000000000000000e+00 6.550000000000000000e+02
9.000000000000000000e+00 4.310000000000000000e+02
1.000000000000000000e+01 3.010000000000000000e+02
1.100000000000000000e+01 2.290000000000000000e+02
1.200000000000000000e+01 1.330000000000000000e+02
1.300000000000000000e+01 1.040000000000000000e+02
1.400000000000000000e+01 9.200000000000000000e+01
1.500000000000000000e+01 5.900000000000000000e+01
1.600000000000000000e+01 5.200000000000000000e+01
1.700000000000000000e+01 4.500000000000000000e+01
1.800000000000000000e+01 2.500000000000000000e+01
1.900000000000000000e+01 1.600000000000000000e+01
2.100000000000000000e+01 1.500000000000000000e+01
2.300000000000000000e+01 1.100000000000000000e+01
2.000000000000000000e+01 1.000000000000000000e+01
2.500000000000000000e+01 1.000000000000000000e+01
2.200000000000000000e+01 8.000000000000000000e+00
2.400000000000000000e+01 6.000000000000000000e+00
2.800000000000000000e+01 1.000000000000000000e+00
3.100000000000000000e+01 1.000000000000000000e+00
2.700000000000000000e+01 1.000000000000000000e+00
2.600000000000000000e+01 1.000000000000000000e+00

1.000000000000000000e+00 3.215401000000000000e+06
2.000000000000000000e+00 7.351000000000000000e+03
3.000000000000000000e+00 5.679000000000000000e+03
4.000000000000000000e+00 3.820000000000000000e+03
5.000000000000000000e+00 2.198000000000000000e+03
6.000000000000000000e+00 1.325000000000000000e+03
7.000000000000000000e+00 7.920000000000000000e+02
8.000000000000000000e+00 4.930000000000000000e+02
9.000000000000000000e+00 3.000000000000000000e+02
1.000000000000000000e+01 1.760000000000000000e+02
1.100000000000000000e+01 9.700000000000000000e+01
1.200000000000000000e+01 6.100000000000000000e+01
1.300000000000000000e+01 5.100000000000000000e+01
1.500000000000000000e+01 3.800000000000000000e+01
1.400000000000000000e+01 3.500000000000000000e+01
1.600000000000000000e+01 1.400000000000000000e+01
1.700000000000000000e+01 1.300000000000000000e+01
2.100000000000000000e+01 7.000000000000000000e+00
2.200000000000000000e+01 6.000000000000000000e+00
2.000000000000000000e+01 6.000000000000000000e+00
2.800000000000000000e+01 3.000000000000000000e+00
1.800000000000000000e+01 3.000000000000000000e+00
2.400000000000000000e+01 2.000000000000000000e+00
1.900000000000000000e+01 2.000000000000000000e+00
2.300000000000000000e+01 2.000000000000000000e+00
2.500000000000000000e+01 1.000000000000000000e+00
3.100000000000000000e+01 1.000000000000000000e+00

1.000000000000000000e+00 3.223611000000000000e+06
2.000000000000000000e+00 7.561000000000000000e+03
3.000000000000000000e+00 5.753000000000000000e+03
4.000000000000000000e+00 3.618000000000000000e+03
5.000000000000000000e+00 2.046000000000000000e+03
6.000000000000000000e+00 1.114000000000000000e+03
7.000000000000000000e+00 6.730000000000000000e+02
8.000000000000000000e+00 3.240000000000000000e+02
9.000000000000000000e+00 1.930000000000000000e+02
1.000000000000000000e+01 1.190000000000000000e+02
1.100000000000000000e+01 6.400000000000000000e+01
1.200000000000000000e+01 4.100000000000000000e+01
1.300000000000000000e+01 3.500000000000000000e+01
1.400000000000000000e+01 1.000000000000000000e+01
1.500000000000000000e+01 1.000000000000000000e+01
1.600000000000000000e+01 5.000000000000000000e+00
1.800000000000000000e+01 4.000000000000000000e+00
1.700000000000000000e+01 4.000000000000000000e+00
2.200000000000000000e+01 3.000000000000000000e+00
2.100000000000000000e+01 3.000000000000000000e+00
1.900000000000000000e+01 2.000000000000000000e+00
2.000000000000000000e+01 2.000000000000000000e+00
2.400000000000000000e+01 1.000000000000000000e+00

1.000000000000000000e+00 3.229104000000000000e+06
2.000000000000000000e+00 7.745000000000000000e+03
3.000000000000000000e+00 5.697000000000000000e+03
4.000000000000000000e+00 3.365000000000000000e+03
5.000000000000000000e+00 1.971000000000000000e+03
6.000000000000000000e+00 9.990000000000000000e+02
7.000000000000000000e+00 4.910000000000000000e+02
8.000000000000000000e+00 2.640000000000000000e+02
9.000000000000000000e+00 1.620000000000000000e+02
1.000000000000000000e+01 6.500000000000000000e+01
1.100000000000000000e+01 4.400000000000000000e+01
1.200000000000000000e+01 2.000000000000000000e+01
1.300000000000000000e+01 1.400000000000000000e+01
1.400000000000000000e+01 1.300000000000000000e+01
1.500000000000000000e+01 1.000000000000000000e+01
2.000000000000000000e+01 2.000000000000000000e+00
1.700000000000000000e+01 2.000000000000000000e+00
1.900000000000000000e+01 1.000000000000000000e+00
1.800000000000000000e+01 1.000000000000000000e+00

1.000000000000000000e+00 3.231845000000000000e+06
2.000000000000000000e+00 7.680000000000000000e+03
3.000000000000000000e+00 5.724000000000000000e+03
4.000000000000000000e+00 3.401000000000000000e+03
5.000000000000000000e+00 1.892000000000000000e+03
6.000000000000000000e+00 9.120000000000000000e+02
7.000000000000000000e+00 4.540000000000000000e+02
8.000000000000000000e+00 2.160000000000000000e+02
9.000000000000000000e+00 1.160000000000000000e+02
1.000000000000000000e+01 4.200000000000000000e+01
1.100000000000000000e+01 2.300000000000000000e+01
1.200000000000000000e+01 1.700000000000000000e+01
1.300000000000000000e+01 7.000000000000000000e+00
1.400000000000000000e+01 7.000000000000000000e+00
2.000000000000000000e+01 2.000000000000000000e+00
1.500000000000000000e+01 1.000000000000000000e+00
1.600000000000000000e+01 1.000000000000000000e+00

1.000000000000000000e+00 3.235443000000000000e+06
2.000000000000000000e+00 7.655000000000000000e+03
3.000000000000000000e+00 5.712000000000000000e+03
4.000000000000000000e+00 3.358000000000000000e+03
5.000000000000000000e+00 1.730000000000000000e+03
6.000000000000000000e+00 7.830000000000000000e+02
7.000000000000000000e+00 3.510000000000000000e+02
8.000000000000000000e+00 1.900000000000000000e+02
9.000000000000000000e+00 7.000000000000000000e+01
1.000000000000000000e+01 3.200000000000000000e+01
1.100000000000000000e+01 1.700000000000000000e+01
1.200000000000000000e+01 8.000000000000000000e+00
1.300000000000000000e+01 5.000000000000000000e+00
1.400000000000000000e+01 4.000000000000000000e+00

1.000000000000000000e+00 3.237136000000000000e+06
2.000000000000000000e+00 7.743000000000000000e+03
3.000000000000000000e+00 5.623000000000000000e+03
4.000000000000000000e+00 3.264000000000000000e+03
5.000000000000000000e+00 1.624000000000000000e+03
6.000000000000000000e+00 7.520000000000000000e+02
7.000000000000000000e+00 3.600000000000000000e+02
8.000000000000000000e+00 1.610000000000000000e+02
9.000000000000000000e+00 6.300000000000000000e+01
1.000000000000000000e+01 1.800000000000000000e+01
1.100000000000000000e+01 9.000000000000000000e+00
1.200000000000000000e+01 6.000000000000000000e+00
1.300000000000000000e+01 5.000000000000000000e+00
1.400000000000000000e+01 1.000000000000000000e+00
1.600000000000000000e+01 1.000000000000000000e+00

1.000000000000000000e+00 3.238777000000000000e+06
2.000000000000000000e+00 7.872000000000000000e+03
3.000000000000000000e+00 5.654000000000000000e+03
4.000000000000000000e+00 3.240000000000000000e+03
5.000000000000000000e+00 1.605000000000000000e+03
6.000000000000000000e+00 7.080000000000000000e+02
7.000000000000000000e+00 2.550000000000000000e+02
8.000000000000000000e+00 1.030000000000000000e+02
9.000000000000000000e+00 3.400000000000000000e+01
1.000000000000000000e+01 2.000000000000000000e+01
1.100000000000000000e+01 7.000000000000000000e+00
1.200000000000000000e+01 3.000000000000000000e+00
1.400000000000000000e+01 2.000000000000000000e+00
1.500000000000000000e+01 1.000000000000000000e+00
1.300000000000000000e+01 1.000000000000000000e+00

1.000000000000000000e+00 3.240909000000000000e+06
2.000000000000000000e+00 8.206000000000000000e+03
3.000000000000000000e+00 5.558000000000000000e+03
4.000000000000000000e+00 3.105000000000000000e+03
5.000000000000000000e+00 1.423000000000000000e+03
6.000000000000000000e+00 6.420000000000000000e+02
7.000000000000000000e+00 2.120000000000000000e+02
8.000000000000000000e+00 7.600000000000000000e+01
9.000000000000000000e+00 2.800000000000000000e+01
1.000000000000000000e+01 1.300000000000000000e+01
1.100000000000000000e+01 5.000000000000000000e+00
1.200000000000000000e+01 5.000000000000000000e+00
1.400000000000000000e+01 1.000000000000000000e+00
1.500000000000000000e+01 1.000000000000000000e+00

1.000000000000000000e+00 3.242015000000000000e+06
2.000000000000000000e+00 8.131000000000000000e+03
3.000000000000000000e+00 5.658000000000000000e+03
4.000000000000000000e+00 3.054000000000000000e+03
5.000000000000000000e+00 1.369000000000000000e+03
6.000000000000000000e+00 5.350000000000000000e+02
7.000000000000000000e+00 2.000000000000000000e+02
8.000000000000000000e+00 7.600000000000000000e+01
9.000000000000000000e+00 3.600000000000000000e+01
1.000000000000000000e+01 8.000000000000000000e+00
1.100000000000000000e+01 6.000000000000000000e+00

1.000000000000000000e+00 3.241859000000000000e+06
2.000000000000000000e+00 8.178000000000000000e+03
3.000000000000000000e+00 5.598000000000000000e+03
4.000000000000000000e+00 3.034000000000000000e+03
5.000000000000000000e+00 1.414000000000000000e+03
6.000000000000000000e+00 5.170000000000000000e+02
7.000000000000000000e+00 2.420000000000000000e+02
8.000000000000000000e+00 7.000000000000000000e+01
9.000000000000000000e+00 3.200000000000000000e+01
1.000000000000000000e+01 6.000000000000000000e+00
1.100000000000000000e+01 4.000000000000000000e+00
1.200000000000000000e+01 2.000000000000000000e+00
1.300000000000000000e+01 1.000000000000000000e+00

1.000000000000000000e+00 3.244053000000000000e+06
2.000000000000000000e+00 8.105000000000000000e+03
3.000000000000000000e+00 5.592000000000000000e+03
4.000000000000000000e+00 3.031000000000000000e+03
5.000000000000000000e+00 1.248000000000000000e+03
6.000000000000000000e+00 4.640000000000000000e+02
7.000000000000000000e+00 1.630000000000000000e+02
8.000000000000000000e+00 5.000000000000000000e+01
9.000000000000000000e+00 2.200000000000000000e+01
1.000000000000000000e+01 5.000000000000000000e+00
1.300000000000000000e+01 1.000000000000000000e+00
1.100000000000000000e+01 1.000000000000000000e+00

1.000000000000000000e+00 3.245269000000000000e+06
2.000000000000000000e+00 8.256000000000000000e+03
3.000000000000000000e+00 5.549000000000000000e+03
4.000000000000000000e+00 2.801000000000000000e+03
5.000000000000000000e+00 1.264000000000000000e+03
6.000000000000000000e+00 4.350000000000000000e+02
7.000000000000000000e+00 1.450000000000000000e+02
8.000000000000000000e+00 3.500000000000000000e+01
9.000000000000000000e+00 1.100000000000000000e+01
1.000000000000000000e+01 2.000000000000000000e+00
1.300000000000000000e+01 1.000000000000000000e+00
1.100000000000000000e+01 1.000000000000000000e+00

