1.000000000000000000e+00 2.522886000000000000e+06
1.600000000000000000e+01 5.049000000000000000e+03
1.500000000000000000e+01 5.038000000000000000e+03
1.400000000000000000e+01 4.813000000000000000e+03
1.700000000000000000e+01 4.493000000000000000e+03
1.300000000000000000e+01 4.308000000000000000e+03
1.800000000000000000e+01 3.959000000000000000e+03
1.200000000000000000e+01 3.577000000000000000e+03
1.900000000000000000e+01 3.207000000000000000e+03
1.100000000000000000e+01 2.771000000000000000e+03
2.000000000000000000e+01 2.487000000000000000e+03
1.000000000000000000e+01 1.912000000000000000e+03
2.100000000000000000e+01 1.874000000000000000e+03
2.200000000000000000e+01 1.309000000000000000e+03
9.000000000000000000e+00 1.244000000000000000e+03
2.300000000000000000e+01 9.190000000000000000e+02
8.000000000000000000e+00 7.530000000000000000e+02
2.400000000000000000e+01 5.610000000000000000e+02
7.000000000000000000e+00 3.980000000000000000e+02
2.500000000000000000e+01 3.290000000000000000e+02
2.000000000000000000e+00 2.690000000000000000e+02
6.000000000000000000e+00 2.150000000000000000e+02
2.600000000000000000e+01 1.940000000000000000e+02
5.000000000000000000e+00 1.310000000000000000e+02
2.700000000000000000e+01 1.240000000000000000e+02
4.000000000000000000e+00 8.500000000000000000e+01
3.000000000000000000e+00 8.100000000000000000e+01
2.800000000000000000e+01 6.500000000000000000e+01
2.900000000000000000e+01 3.500000000000000000e+01
3.000000000000000000e+01 1.700000000000000000e+01
3.100000000000000000e+01 1.000000000000000000e+01
3.200000000000000000e+01 6.000000000000000000e+00
3.400000000000000000e+01 3.000000000000000000e+00
3.300000000000000000e+01 2.000000000000000000e+00
3.700000000000000000e+01 1.000000000000000000e+00
3.900000000000000000e+01 1.000000000000000000e+00

1.000000000000000000e+00 2.537773000000000000e+06
1.500000000000000000e+01 4.967000000000000000e+03
1.400000000000000000e+01 4.863000000000000000e+03
1.600000000000000000e+01 4.858000000000000000e+03
1.700000000000000000e+01 4.398000000000000000e+03
1.300000000000000000e+01 4.354000000000000000e+03
1.200000000000000000e+01 3.709000000000000000e+03
1.800000000000000000e+01 3.646000000000000000e+03
1.100000000000000000e+01 3.011000000000000000e+03
1.900000000000000000e+01 2.972000000000000000e+03
2.000000000000000000e+01 2.300000000000000000e+03
1.000000000000000000e+01 2.224000000000000000e+03
2.100000000000000000e+01 1.658000000000000000e+03
9.000000000000000000e+00 1.503000000000000000e+03
2.200000000000000000e+01 1.223000000000000000e+03
8.000000000000000000e+00 9.320000000000000000e+02
2.300000000000000000e+01 8.880000000000000000e+02
7.000000000000000000e+00 5.440000000000000000e+02
2.400000000000000000e+01 5.150000000000000000e+02
2.500000000000000000e+01 3.160000000000000000e+02
6.000000000000000000e+00 2.880000000000000000e+02
2.000000000000000000e+00 2.810000000000000000e+02
2.600000000000000000e+01 1.860000000000000000e+02
5.000000000000000000e+00 1.660000000000000000e+02
4.000000000000000000e+00 1.230000000000000000e+02
3.000000000000000000e+00 1.160000000000000000e+02
2.700000000000000000e+01 9.600000000000000000e+01
2.800000000000000000e+01 6.500000000000000000e+01
2.900000000000000000e+01 3.400000000000000000e+01
3.000000000000000000e+01 1.700000000000000000e+01
3.100000000000000000e+01 1.000000000000000000e+01
3.300000000000000000e+01 4.000000000000000000e+00
3.200000000000000000e+01 3.000000000000000000e+00
3.400000000000000000e+01 3.000000000000000000e+00
3.600000000000000000e+01 1.000000000000000000e+00

1.000000000000000000e+00 2.553228000000000000e+06
1.500000000000000000e+01 4.945000000000000000e+03
1.400000000000000000e+01 4.940000000000000000e+03
1.600000000000000000e+01 4.600000000000000000e+03
1.300000000000000000e+01 4.518000000000000000e+03
1.700000000000000000e+01 4.171000000000000000e+03
1.200000000000000000e+01 3.967000000000000000e+03
1.800000000000000000e+01 3.443000000000000000e+03
1.100000000000000000e+01 3.170000000000000000e+03
1.900000000000000000e+01 2.789000000000000000e+03
1.000000000000000000e+01 2.456000000000000000e+03
2.000000000000000000e+01 2.175000000000000000e+03
9.000000000000000000e+00 1.725000000000000000e+03
2.100000000000000000e+01 1.539000000000000000e+03
2.200000000000000000e+01 1.048000000000000000e+03
8.000000000000000000e+00 1.043000000000000000e+03
2.300000000000000000e+01 7.600000000000000000e+02
7.000000000000000000e+00 6.660000000000000000e+02
2.400000000000000000e+01 4.510000000000000000e+02
6.000000000000000000e+00 4.160000000000000000e+02
2.000000000000000000e+00 3.260000000000000000e+02
2.500000000000000000e+01 2.960000000000000000e+02
5.000000000000000000e+00 2.180000000000000000e+02
3.000000000000000000e+00 1.630000000000000000e+02
2.600000000000000000e+01 1.410000000000000000e+02
4.000000000000000000e+00 1.200000000000000000e+02
2.700000000000000000e+01 9.200000000000000000e+01
2.800000000000000000e+01 5.900000000000000000e+01
2.900000000000000000e+01 3.400000000000000000e+01
3.000000000000000000e+01 1.600000000000000000e+01
3.100000000000000000e+01 8.000000000000000000e+00
3.300000000000000000e+01 4.000000000000000000e+00
3.200000000000000000e+01 4.000000000000000000e+00
3.500000000000000000e+01 2.000000000000000000e+00
3.400000000000000000e+01 1.000000000000000000e+00

1.000000000000000000e+00 2.574723000000000000e+06
1.500000000000000000e+01 4.811000000000000000e+03
1.400000000000000000e+01 4.806000000000000000e+03
1.300000000000000000e+01 4.680000000000000000e+03
1.600000000000000000e+01 4.370000000000000000e+03
1.200000000000000000e+01 4.259000000000000000e+03
1.700000000000000000e+01 3.875000000000000000e+03
1.100000000000000000e+01 3.475000000000000000e+03
1.800000000000000000e+01 3.197000000000000000e+03
1.000000000000000000e+01 2.806000000000000000e+03
1.900000000000000000e+01 2.517000000000000000e+03
9.000000000000000000e+00 1.996000000000000000e+03
2.000000000000000000e+01 1.875000000000000000e+03
8.000000000000000000e+00 1.329000000000000000e+03
2.100000000000000000e+01 1.323000000000000000e+03
2.200000000000000000e+01 9.610000000000000000e+02
7.000000000000000000e+00 8.700000000000000000e+02
2.300000000000000000e+01 6.070000000000000000e+02
6.000000000000000000e+00 5.410000000000000000e+02
2.400000000000000000e+01 3.860000000000000000e+02
2.000000000000000000e+00 3.710000000000000000e+02
5.000000000000000000e+00 3.130000000000000000e+02
2.500000000000000000e+01 2.480000000000000000e+02
4.000000000000000000e+00 1.940000000000000000e+02
3.000000000000000000e+00 1.680000000000000000e+02
2.600000000000000000e+01 1.570000000000000000e+02
2.700000000000000000e+01 9.100000000000000000e+01
2.800000000000000000e+01 4.200000000000000000e+01
2.900000000000000000e+01 2.400000000000000000e+01
3.000000000000000000e+01 1.200000000000000000e+01
3.100000000000000000e+01 4.000000000000000000e+00
3.300000000000000000e+01 2.000000000000000000e+00
3.200000000000000000e+01 2.000000000000000000e+00
3.700000000000000000e+01 1.000000000000000000e+00

1.000000000000000000e+00 2.593253000000000000e+06
1.400000000000000000e+01 4.847000000000000000e+03
1.300000000000000000e+01 4.790000000000000000e+03
1.500000000000000000e+01 4.755000000000000000e+03
1.200000000000000000e+01 4.433000000000000000e+03
1.600000000000000000e+01 4.267000000000000000e+03
1.100000000000000000e+01 3.691000000000000000e+03
1.700000000000000000e+01 3.601000000000000000e+03
1.000000000000000000e+01 2.996000000000000000e+03
1.800000000000000000e+01 2.951000000000000000e+03
1.900000000000000000e+01 2.347000000000000000e+03
9.000000000000000000e+00 2.202000000000000000e+03
2.000000000000000000e+01 1.698000000000000000e+03
8.000000000000000000e+00 1.553000000000000000e+03
2.100000000000000000e+01 1.284000000000000000e+03
7.000000000000000000e+00 1.066000000000000000e+03
2.200000000000000000e+01 7.590000000000000000e+02
6.000000000000000000e+00 6.430000000000000000e+02
2.300000000000000000e+01 4.760000000000000000e+02
2.000000000000000000e+00 4.610000000000000000e+02
5.000000000000000000e+00 3.690000000000000000e+02
2.400000000000000000e+01 2.780000000000000000e+02
4.000000000000000000e+00 2.630000000000000000e+02
3.000000000000000000e+00 2.160000000000000000e+02
2.500000000000000000e+01 1.760000000000000000e+02
2.600000000000000000e+01 1.140000000000000000e+02
2.700000000000000000e+01 5.900000000000000000e+01
2.800000000000000000e+01 3.800000000000000000e+01
2.900000000000000000e+01 1.900000000000000000e+01
3.100000000000000000e+01 8.000000000000000000e+00
3.000000000000000000e+01 5.000000000000000000e+00
3.200000000000000000e+01 3.000000000000000000e+00

1.000000000000000000e+00 2.616859000000000000e+06
1.300000000000000000e+01 4.997000000000000000e+03
1.400000000000000000e+01 4.799000000000000000e+03
1.200000000000000000e+01 4.501000000000000000e+03
1.500000000000000000e+01 4.498000000000000000e+03
1.600000000000000000e+01 3.928000000000000000e+03
1.100000000000000000e+01 3.877000000000000000e+03
1.000000000000000000e+01 3.404000000000000000e+03
1.700000000000000000e+01 3.324000000000000000e+03
1.800000000000000000e+01 2.666000000000000000e+03
9.000000000000000000e+00 2.525000000000000000e+03
1.900000000000000000e+01 2.047000000000000000e+03
8.000000000000000000e+00 1.905000000000000000e+03
2.000000000000000000e+01 1.405000000000000000e+03
7.000000000000000000e+00 1.236000000000000000e+03
2.100000000000000000e+01 1.070000000000000000e+03
6.000000000000000000e+00 8.220000000000000000e+02
2.200000000000000000e+01 6.750000000000000000e+02
2.000000000000000000e+00 5.450000000000000000e+02
5.000000000000000000e+00 5.430000000000000000e+02
2.300000000000000000e+01 4.140000000000000000e+02
4.000000000000000000e+00 3.600000000000000000e+02
3.000000000000000000e+00 3.110000000000000000e+02
2.400000000000000000e+01 2.390000000000000000e+02
2.500000000000000000e+01 1.380000000000000000e+02
2.600000000000000000e+01 7.800000000000000000e+01
2.700000000000000000e+01 4.700000000000000000e+01
2.800000000000000000e+01 2.100000000000000000e+01
2.900000000000000000e+01 1.200000000000000000e+01
3.000000000000000000e+01 7.000000000000000000e+00
3.300000000000000000e+01 3.000000000000000000e+00
3.100000000000000000e+01 3.000000000000000000e+00
3.200000000000000000e+01 2.000000000000000000e+00
3.400000000000000000e+01 1.000000000000000000e+00

1.000000000000000000e+00 2.637868000000000000e+06
1.300000000000000000e+01 4.862000000000000000e+03
1.400000000000000000e+01 4.595000000000000000e+03
1.200000000000000000e+01 4.550000000000000000e+03
1.500000000000000000e+01 4.329000000000000000e+03
1.100000000000000000e+01 4.286000000000000000e+03
1.600000000000000000e+01 3.679000000000000000e+03
1.000000000000000000e+01 3.626000000000000000e+03
1.700000000000000000e+01 3.068000000000000000e+03
9.000000000000000000e+00 2.980000000000000000e+03
1.800000000000000000e+01 2.399000000000000000e+03
8.000000000000000000e+00 2.134000000000000000e+03
1.900000000000000000e+01 1.814000000000000000e+03
7.000000000000000000e+00 1.432000000000000000e+03
2.000000000000000000e+01 1.261000000000000000e+03
6.000000000000000000e+00 1.002000000000000000e+03
2.100000000000000000e+01 8.470000000000000000e+02
5.000000000000000000e+00 6.840000000000000000e+02
2.000000000000000000e+00 6.410000000000000000e+02
2.200000000000000000e+01 5.520000000000000000e+02
4.000000000000000000e+00 4.520000000000000000e+02
3.000000000000000000e+00 3.600000000000000000e+02
2.300000000000000000e+01 3.600000000000000000e+02
2.400000000000000000e+01 2.210000000000000000e+02
2.500000000000000000e+01 1.080000000000000000e+02
2.600000000000000000e+01 6.100000000000000000e+01
2.700000000000000000e+01 4.700000000000000000e+01
2.800000000000000000e+01 2.700000000000000000e+01
2.900000000000000000e+01 7.000000000000000000e+00
3.000000000000000000e+01 4.000000000000000000e+00
3.500000000000000000e+01 1.000000000000000000e+00
3.300000000000000000e+01 1.000000000000000000e+00
3.200000000000000000e+01 1.000000000000000000e+00

1.000000000000000000e+00 2.663202000000000000e+06
1.300000000000000000e+01 4.707000000000000000e+03
1.200000000000000000e+01 4.660000000000000000e+03
1.400000000000000000e+01 4.510000000000000000e+03
1.100000000000000000e+01 4.448000000000000000e+03
1.500000000000000000e+01 3.970000000000000000e+03
1.000000000000000000e+01 3.914000000000000000e+03
1.600000000000000000e+01 3.356000000000000000e+03
9.000000000000000000e+00 3.174000000000000000e+03
1.700000000000000000e+01 2.822000000000000000e+03
8.000000000000000000e+00 2.480000000000000000e+03
1.800000000000000000e+01 2.117000000000000000e+03
7.000000000000000000e+00 1.820000000000000000e+03
1.900000000000000000e+01 1.522000000000000000e+03
6.000000000000000000e+00 1.310000000000000000e+03
2.000000000000000000e+01 1.110000000000000000e+03
5.000000000000000000e+00 8.670000000000000000e+02
2.000000000000000000e+00 8.330000000000000000e+02
2.100000000000000000e+01 6.590000000000000000e+02
4.000000000000000000e+00 6.060000000000000000e+02
3.000000000000000000e+00 4.980000000000000000e+02
2.200000000000000000e+01 4.360000000000000000e+02
2.300000000000000000e+01 2.750000000000000000e+02
2.400000000000000000e+01 1.760000000000000000e+02
2.500000000000000000e+01 8.600000000000000000e+01
2.600000000000000000e+01 6.000000000000000000e+01
2.700000000000000000e+01 2.900000000000000000e+01
2.800000000000000000e+01 1.000000000000000000e+01
2.900000000000000000e+01 6.000000000000000000e+00
3.000000000000000000e+01 4.000000000000000000e+00
3.100000000000000000e+01 1.000000000000000000e+00
3.200000000000000000e+01 1.000000000000000000e+00

1.000000000000000000e+00 2.690833000000000000e+06
1.200000000000000000e+01 4.665000000000000000e+03
1.100000000000000000e+01 4.661000000000000000e+03
1.300000000000000000e+01 4.606000000000000000e+03
1.000000000000000000e+01 4.157000000000000000e+03
1.400000000000000000e+01 4.141000000000000000e+03
1.500000000000000000e+01 3.653000000000000000e+03
9.000000000000000000e+00 3.603000000000000000e+03
1.600000000000000000e+01 3.067000000000000000e+03
8.000000000000000000e+00 2.898000000000000000e+03
1.700000000000000000e+01 2.348000000000000000e+03
7.000000000000000000e+00 2.126000000000000000e+03
1.800000000000000000e+01 1.784000000000000000e+03
6.000000000000000000e+00 1.584000000000000000e+03
1.900000000000000000e+01 1.302000000000000000e+03
2.000000000000000000e+00 1.112000000000000000e+03
5.000000000000000000e+00 1.056000000000000000e+03
2.000000000000000000e+01 8.710000000000000000e+02
4.000000000000000000e+00 7.850000000000000000e+02
3.000000000000000000e+00 6.250000000000000000e+02
2.100000000000000000e+01 5.830000000000000000e+02
2.200000000000000000e+01 3.720000000000000000e+02
2.300000000000000000e+01 2.020000000000000000e+02
2.400000000000000000e+01 1.260000000000000000e+02
2.500000000000000000e+01 7.000000000000000000e+01
2.600000000000000000e+01 3.700000000000000000e+01
2.800000000000000000e+01 1.700000000000000000e+01
2.700000000000000000e+01 1.600000000000000000e+01
2.900000000000000000e+01 4.000000000000000000e+00
3.000000000000000000e+01 2.000000000000000000e+00
3.200000000000000000e+01 1.000000000000000000e+00

1.000000000000000000e+00 2.720203000000000000e+06
1.100000000000000000e+01 4.596000000000000000e+03
1.200000000000000000e+01 4.592000000000000000e+03
1.300000000000000000e+01 4.416000000000000000e+03
1.000000000000000000e+01 4.302000000000000000e+03
9.000000000000000000e+00 3.920000000000000000e+03
1.400000000000000000e+01 3.913000000000000000e+03
1.500000000000000000e+01 3.366000000000000000e+03
8.000000000000000000e+00 3.248000000000000000e+03
1.600000000000000000e+01 2.676000000000000000e+03
7.000000000000000000e+00 2.483000000000000000e+03
1.700000000000000000e+01 2.032000000000000000e+03
6.000000000000000000e+00 1.881000000000000000e+03
1.800000000000000000e+01 1.477000000000000000e+03
2.000000000000000000e+00 1.418000000000000000e+03
5.000000000000000000e+00 1.366000000000000000e+03
1.900000000000000000e+01 1.049000000000000000e+03
4.000000000000000000e+00 1.004000000000000000e+03
3.000000000000000000e+00 9.140000000000000000e+02
2.000000000000000000e+01 7.000000000000000000e+02
2.100000000000000000e+01 4.320000000000000000e+02
2.200000000000000000e+01 2.760000000000000000e+02
2.300000000000000000e+01 1.620000000000000000e+02
2.400000000000000000e+01 1.030000000000000000e+02
2.500000000000000000e+01 5.300000000000000000e+01
2.600000000000000000e+01 3.600000000000000000e+01
2.700000000000000000e+01 1.600000000000000000e+01
2.800000000000000000e+01 4.000000000000000000e+00
2.900000000000000000e+01 2.000000000000000000e+00

1.000000000000000000e+00 2.756120000000000000e+06
1.100000000000000000e+01 4.496000000000000000e+03
1.200000000000000000e+01 4.401000000000000000e+03
1.000000000000000000e+01 4.383000000000000000e+03
9.000000000000000000e+00 4.150000000000000000e+03
1.300000000000000000e+01 4.067000000000000000e+03
8.000000000000000000e+00 3.583000000000000000e+03
1.400000000000000000e+01 3.393000000000000000e+03
7.000000000000000000e+00 2.961000000000000000e+03
1.500000000000000000e+01 2.855000000000000000e+03
1.600000000000000000e+01 2.350000000000000000e+03
6.000000000000000000e+00 2.307000000000000000e+03
5.000000000000000000e+00 1.861000000000000000e+03
2.000000000000000000e+00 1.796000000000000000e+03
1.700000000000000000e+01 1.717000000000000000e+03
4.000000000000000000e+00 1.421000000000000000e+03
1.800000000000000000e+01 1.247000000000000000e+03
3.000000000000000000e+00 1.230000000000000000e+03
1.900000000000000000e+01 8.040000000000000000e+02
2.000000000000000000e+01 5.570000000000000000e+02
2.100000000000000000e+01 3.120000000000000000e+02
2.200000000000000000e+01 1.860000000000000000e+02
2.300000000000000000e+01 1.260000000000000000e+02
2.400000000000000000e+01 6.300000000000000000e+01
2.500000000000000000e+01 2.200000000000000000e+01
2.600000000000000000e+01 1.300000000000000000e+01
2.700000000000000000e+01 3.000000000000000000e+00
2.800000000000000000e+01 2.000000000000000000e+00

1.000000000000000000e+00 2.793036000000000000e+06
1.000000000000000000e+01 4.402000000000000000e+03
1.100000000000000000e+01 4.402000000000000000e+03
9.000000000000000000e+00 4.302000000000000000e+03
1.200000000000000000e+01 4.164000000000000000e+03
8.000000000000000000e+00 3.922000000000000000e+03
1.300000000000000000e+01 3.619000000000000000e+03
7.000000000000000000e+00 3.242000000000000000e+03
1.400000000000000000e+01 3.042000000000000000e+03
6.000000000000000000e+00 2.680000000000000000e+03
2.000000000000000000e+00 2.546000000000000000e+03
1.500000000000000000e+01 2.453000000000000000e+03
5.000000000000000000e+00 2.301000000000000000e+03
4.000000000000000000e+00 1.882000000000000000e+03
1.600000000000000000e+01 1.840000000000000000e+03
3.000000000000000000e+00 1.636000000000000000e+03
1.700000000000000000e+01 1.380000000000000000e+03
1.800000000000000000e+01 9.630000000000000000e+02
1.900000000000000000e+01 6.350000000000000000e+02
2.000000000000000000e+01 3.920000000000000000e+02
2.100000000000000000e+01 2.290000000000000000e+02
2.200000000000000000e+01 1.180000000000000000e+02
2.300000000000000000e+01 6.400000000000000000e+01
2.400000000000000000e+01 2.600000000000000000e+01
2.500000000000000000e+01 1.600000000000000000e+01
2.600000000000000000e+01 6.000000000000000000e+00
2.700000000000000000e+01 1.000000000000000000e+00

1.000000000000000000e+00 2.838462000000000000e+06
9.000000000000000000e+00 4.374000000000000000e+03
1.000000000000000000e+01 4.285000000000000000e+03
8.000000000000000000e+00 4.153000000000000000e+03
1.100000000000000000e+01 4.075000000000000000e+03
7.000000000000000000e+00 3.672000000000000000e+03
1.200000000000000000e+01 3.598000000000000000e+03
6.000000000000000000e+00 3.236000000000000000e+03
2.000000000000000000e+00 3.162000000000000000e+03
1.300000000000000000e+01 2.996000000000000000e+03
5.000000000000000000e+00 2.834000000000000000e+03
1.400000000000000000e+01 2.530000000000000000e+03
4.000000000000000000e+00 2.333000000000000000e+03
3.000000000000000000e+00 2.289000000000000000e+03
1.500000000000000000e+01 1.956000000000000000e+03
1.600000000000000000e+01 1.494000000000000000e+03
1.700000000000000000e+01 9.860000000000000000e+02
1.800000000000000000e+01 6.690000000000000000e+02
1.900000000000000000e+01 4.520000000000000000e+02
2.000000000000000000e+01 2.510000000000000000e+02
2.100000000000000000e+01 1.450000000000000000e+02
2.200000000000000000e+01 7.600000000000000000e+01
2.300000000000000000e+01 3.900000000000000000e+01
2.400000000000000000e+01 1.100000000000000000e+01
2.500000000000000000e+01 1.000000000000000000e+01
2.600000000000000000e+01 3.000000000000000000e+00
2.700000000000000000e+01 2.000000000000000000e+00

1.000000000000000000e+00 2.881541000000000000e+06
9.000000000000000000e+00 4.288000000000000000e+03
8.000000000000000000e+00 4.193000000000000000e+03
7.000000000000000000e+00 4.133000000000000000e+03
1.000000000000000000e+01 4.080000000000000000e+03
2.000000000000000000e+00 3.950000000000000000e+03
6.000000000000000000e+00 3.795000000000000000e+03
1.100000000000000000e+01 3.644000000000000000e+03
5.000000000000000000e+00 3.192000000000000000e+03
1.200000000000000000e+01 3.149000000000000000e+03
4.000000000000000000e+00 2.924000000000000000e+03
3.000000000000000000e+00 2.895000000000000000e+03
1.300000000000000000e+01 2.562000000000000000e+03
1.400000000000000000e+01 2.090000000000000000e+03
1.500000000000000000e+01 1.425000000000000000e+03
1.600000000000000000e+01 1.071000000000000000e+03
1.700000000000000000e+01 6.910000000000000000e+02
1.800000000000000000e+01 4.390000000000000000e+02
1.900000000000000000e+01 2.510000000000000000e+02
2.000000000000000000e+01 1.570000000000000000e+02
2.100000000000000000e+01 8.900000000000000000e+01
2.200000000000000000e+01 2.800000000000000000e+01
2.300000000000000000e+01 1.400000000000000000e+01
2.400000000000000000e+01 8.000000000000000000e+00
2.500000000000000000e+01 3.000000000000000000e+00

1.000000000000000000e+00 2.930014000000000000e+06
2.000000000000000000e+00 5.119000000000000000e+03
7.000000000000000000e+00 4.369000000000000000e+03
8.000000000000000000e+00 4.281000000000000000e+03
6.000000000000000000e+00 4.141000000000000000e+03
9.000000000000000000e+00 4.075000000000000000e+03
5.000000000000000000e+00 3.903000000000000000e+03
1.000000000000000000e+01 3.742000000000000000e+03
3.000000000000000000e+00 3.591000000000000000e+03
4.000000000000000000e+00 3.506000000000000000e+03
1.100000000000000000e+01 3.190000000000000000e+03
1.200000000000000000e+01 2.568000000000000000e+03
1.300000000000000000e+01 2.001000000000000000e+03
1.400000000000000000e+01 1.424000000000000000e+03
1.500000000000000000e+01 9.700000000000000000e+02
1.600000000000000000e+01 6.280000000000000000e+02
1.700000000000000000e+01 3.930000000000000000e+02
1.800000000000000000e+01 2.190000000000000000e+02
1.900000000000000000e+01 1.310000000000000000e+02
2.000000000000000000e+01 5.500000000000000000e+01
2.100000000000000000e+01 2.700000000000000000e+01
2.200000000000000000e+01 1.000000000000000000e+01
2.300000000000000000e+01 6.000000000000000000e+00
2.400000000000000000e+01 2.000000000000000000e+00
2.600000000000000000e+01 1.000000000000000000e+00

1.000000000000000000e+00 2.981031000000000000e+06
2.000000000000000000e+00 6.248000000000000000e+03
6.000000000000000000e+00 4.511000000000000000e+03
7.000000000000000000e+00 4.467000000000000000e+03
3.000000000000000000e+00 4.382000000000000000e+03
5.000000000000000000e+00 4.353000000000000000e+03
4.000000000000000000e+00 4.184000000000000000e+03
8.000000000000000000e+00 4.131000000000000000e+03
9.000000000000000000e+00 3.637000000000000000e+03
1.000000000000000000e+01 3.081000000000000000e+03
1.100000000000000000e+01 2.510000000000000000e+03
1.200000000000000000e+01 1.787000000000000000e+03
1.300000000000000000e+01 1.307000000000000000e+03
1.400000000000000000e+01 9.140000000000000000e+02
1.500000000000000000e+01 5.610000000000000000e+02
1.600000000000000000e+01 3.480000000000000000e+02
1.700000000000000000e+01 1.960000000000000000e+02
1.800000000000000000e+01 1.010000000000000000e+02
1.900000000000000000e+01 5.600000000000000000e+01
2.000000000000000000e+01 2.600000000000000000e+01
2.100000000000000000e+01 1.200000000000000000e+01
2.300000000000000000e+01 2.000000000000000000e+00
2.200000000000000000e+01 2.000000000000000000e+00

1.000000000000000000e+00 3.034965000000000000e+06
2.000000000000000000e+00 7.989000000000000000e+03
3.000000000000000000e+00 5.205000000000000000e+03
4.000000000000000000e+00 4.824000000000000000e+03
5.000000000000000000e+00 4.641000000000000000e+03
6.000000000000000000e+00 4.549000000000000000e+03
7.000000000000000000e+00 4.033000000000000000e+03
8.000000000000000000e+00 3.531000000000000000e+03
9.000000000000000000e+00 2.923000000000000000e+03
1.000000000000000000e+01 2.217000000000000000e+03
1.100000000000000000e+01 1.683000000000000000e+03
1.200000000000000000e+01 1.194000000000000000e+03
1.300000000000000000e+01 7.820000000000000000e+02
1.400000000000000000e+01 4.610000000000000000e+02
1.500000000000000000e+01 3.030000000000000000e+02
1.600000000000000000e+01 1.430000000000000000e+02
1.700000000000000000e+01 7.900000000000000000e+01
1.800000000000000000e+01 3.100000000000000000e+01
1.900000000000000000e+01 1.200000000000000000e+01
2.000000000000000000e+01 7.000000000000000000e+00
2.100000000000000000e+01 4.000000000000000000e+00
2.200000000000000000e+01 2.000000000000000000e+00

1.000000000000000000e+00 3.081987000000000000e+06
2.000000000000000000e+00 9.012000000000000000e+03
3.000000000000000000e+00 6.088000000000000000e+03
4.000000000000000000e+00 5.395000000000000000e+03
5.000000000000000000e+00 4.813000000000000000e+03
6.000000000000000000e+00 4.316000000000000000e+03
7.000000000000000000e+00 3.500000000000000000e+03
8.000000000000000000e+00 2.767000000000000000e+03
9.000000000000000000e+00 2.010000000000000000e+03
1.000000000000000000e+01 1.483000000000000000e+03
1.100000000000000000e+01 1.045000000000000000e+03
1.200000000000000000e+01 6.360000000000000000e+02
1.300000000000000000e+01 3.690000000000000000e+02
1.400000000000000000e+01 2.240000000000000000e+02
1.500000000000000000e+01 1.260000000000000000e+02
1.600000000000000000e+01 6.100000000000000000e+01
1.700000000000000000e+01 2.300000000000000000e+01
1.800000000000000000e+01 1.200000000000000000e+01
1.900000000000000000e+01 5.000000000000000000e+00

1.000000000000000000e+00 3.113165000000000000e+06
2.000000000000000000e+00 1.016300000000000000e+04
3.000000000000000000e+00 6.675000000000000000e+03
4.000000000000000000e+00 5.496000000000000000e+03
5.000000000000000000e+00 4.837000000000000000e+03
6.000000000000000000e+00 3.828000000000000000e+03
7.000000000000000000e+00 3.023000000000000000e+03
8.000000000000000000e+00 2.127000000000000000e+03
9.000000000000000000e+00 1.527000000000000000e+03
1.000000000000000000e+01 9.560000000000000000e+02
1.100000000000000000e+01 6.180000000000000000e+02
1.200000000000000000e+01 3.560000000000000000e+02
1.300000000000000000e+01 1.690000000000000000e+02
1.400000000000000000e+01 1.000000000000000000e+02
1.500000000000000000e+01 4.200000000000000000e+01
1.600000000000000000e+01 1.900000000000000000e+01
1.700000000000000000e+01 7.000000000000000000e+00
1.800000000000000000e+01 5.000000000000000000e+00
1.900000000000000000e+01 3.000000000000000000e+00

1.000000000000000000e+00 3.133489000000000000e+06
2.000000000000000000e+00 1.074000000000000000e+04
3.000000000000000000e+00 7.079000000000000000e+03
4.000000000000000000e+00 5.640000000000000000e+03
5.000000000000000000e+00 4.615000000000000000e+03
6.000000000000000000e+00 3.605000000000000000e+03
7.000000000000000000e+00 2.606000000000000000e+03
8.000000000000000000e+00 1.799000000000000000e+03
9.000000000000000000e+00 1.040000000000000000e+03
1.000000000000000000e+01 6.320000000000000000e+02
1.100000000000000000e+01 3.500000000000000000e+02
1.200000000000000000e+01 1.780000000000000000e+02
1.300000000000000000e+01 9.600000000000000000e+01
1.400000000000000000e+01 4.000000000000000000e+01
1.500000000000000000e+01 1.600000000000000000e+01
1.600000000000000000e+01 7.000000000000000000e+00
1.700000000000000000e+01 3.000000000000000000e+00
1.800000000000000000e+01 1.000000000000000000e+00

1.000000000000000000e+00 3.157052000000000000e+06
2.000000000000000000e+00 1.124100000000000000e+04
3.000000000000000000e+00 7.177000000000000000e+03
4.000000000000000000e+00 5.450000000000000000e+03
5.000000000000000000e+00 4.309000000000000000e+03
6.000000000000000000e+00 3.051000000000000000e+03
7.000000000000000000e+00 1.978000000000000000e+03
8.000000000000000000e+00 1.211000000000000000e+03
9.000000000000000000e+00 6.670000000000000000e+02
1.000000000000000000e+01 4.050000000000000000e+02
1.100000000000000000e+01 1.770000000000000000e+02
1.200000000000000000e+01 7.500000000000000000e+01
1.300000000000000000e+01 3.500000000000000000e+01
1.400000000000000000e+01 1.400000000000000000e+01
1.500000000000000000e+01 1.100000000000000000e+01
1.600000000000000000e+01 1.000000000000000000e+00
1.800000000000000000e+01 1.000000000000000000e+00

1.000000000000000000e+00 3.173589000000000000e+06
2.000000000000000000e+00 1.143000000000000000e+04
3.000000000000000000e+00 7.033000000000000000e+03
4.000000000000000000e+00 5.314000000000000000e+03
5.000000000000000000e+00 3.742000000000000000e+03
6.000000000000000000e+00 2.518000000000000000e+03
7.000000000000000000e+00 1.647000000000000000e+03
8.000000000000000000e+00 9.040000000000000000e+02
9.000000000000000000e+00 4.480000000000000000e+02
1.000000000000000000e+01 2.510000000000000000e+02
1.100000000000000000e+01 1.170000000000000000e+02
1.200000000000000000e+01 4.400000000000000000e+01
1.300000000000000000e+01 1.400000000000000000e+01
1.600000000000000000e+01 2.000000000000000000e+00
1.700000000000000000e+01 1.000000000000000000e+00
1.500000000000000000e+01 1.000000000000000000e+00
1.400000000000000000e+01 1.000000000000000000e+00

1.000000000000000000e+00 3.190453000000000000e+06
2.000000000000000000e+00 1.165300000000000000e+04
3.000000000000000000e+00 6.955000000000000000e+03
4.000000000000000000e+00 4.885000000000000000e+03
5.000000000000000000e+00 3.259000000000000000e+03
6.000000000000000000e+00 2.003000000000000000e+03
7.000000000000000000e+00 1.120000000000000000e+03
8.000000000000000000e+00 6.370000000000000000e+02
9.000000000000000000e+00 2.560000000000000000e+02
1.000000000000000000e+01 1.280000000000000000e+02
1.100000000000000000e+01 5.500000000000000000e+01
1.200000000000000000e+01 2.500000000000000000e+01
1.400000000000000000e+01 5.000000000000000000e+00
1.300000000000000000e+01 1.000000000000000000e+00
1.500000000000000000e+01 1.000000000000000000e+00

1.000000000000000000e+00 3.200699000000000000e+06
2.000000000000000000e+00 1.148700000000000000e+04
3.000000000000000000e+00 6.943000000000000000e+03
4.000000000000000000e+00 4.535000000000000000e+03
5.000000000000000000e+00 2.807000000000000000e+03
6.000000000000000000e+00 1.726000000000000000e+03
7.000000000000000000e+00 9.290000000000000000e+02
8.000000000000000000e+00 4.520000000000000000e+02
9.000000000000000000e+00 1.680000000000000000e+02
1.000000000000000000e+01 8.800000000000000000e+01
1.100000000000000000e+01 2.000000000000000000e+01
1.200000000000000000e+01 1.300000000000000000e+01
1.300000000000000000e+01 4.000000000000000000e+00
1.400000000000000000e+01 2.000000000000000000e+00

1.000000000000000000e+00 3.212454000000000000e+06
2.000000000000000000e+00 1.173000000000000000e+04
3.000000000000000000e+00 6.514000000000000000e+03
4.000000000000000000e+00 4.054000000000000000e+03
5.000000000000000000e+00 2.392000000000000000e+03
6.000000000000000000e+00 1.296000000000000000e+03
7.000000000000000000e+00 6.670000000000000000e+02
8.000000000000000000e+00 2.710000000000000000e+02
9.000000000000000000e+00 1.110000000000000000e+02
1.000000000000000000e+01 5.000000000000000000e+01
1.100000000000000000e+01 1.300000000000000000e+01
1.200000000000000000e+01 6.000000000000000000e+00
1.300000000000000000e+01 2.000000000000000000e+00
1.500000000000000000e+01 1.000000000000000000e+00

1.000000000000000000e+00 3.227429000000000000e+06
2.000000000000000000e+00 1.127800000000000000e+04
3.000000000000000000e+00 5.937000000000000000e+03
4.000000000000000000e+00 3.475000000000000000e+03
5.000000000000000000e+00 1.752000000000000000e+03
6.000000000000000000e+00 8.550000000000000000e+02
7.000000000000000000e+00 3.820000000000000000e+02
8.000000000000000000e+00 1.330000000000000000e+02
9.000000000000000000e+00 3.800000000000000000e+01
1.000000000000000000e+01 2.400000000000000000e+01
1.100000000000000000e+01 4.000000000000000000e+00
1.300000000000000000e+01 2.000000000000000000e+00
1.200000000000000000e+01 2.000000000000000000e+00

1.000000000000000000e+00 3.234027000000000000e+06
2.000000000000000000e+00 1.117400000000000000e+04
3.000000000000000000e+00 5.506000000000000000e+03
4.000000000000000000e+00 3.083000000000000000e+03
5.000000000000000000e+00 1.582000000000000000e+03
6.000000000000000000e+00 6.330000000000000000e+02
7.000000000000000000e+00 2.720000000000000000e+02
8.000000000000000000e+00 9.700000000000000000e+01
9.000000000000000000e+00 2.900000000000000000e+01
1.000000000000000000e+01 8.000000000000000000e+00
1.100000000000000000e+01 2.000000000000000000e+00
1.200000000000000000e+01 2.000000000000000000e+00

1.000000000000000000e+00 2.508583000000000000e+06
1.500000000000000000e+01 5.046000000000000000e+03
1.600000000000000000e+01 4.961000000000000000e+03
1.700000000000000000e+01 4.755000000000000000e+03
1.400000000000000000e+01 4.693000000000000000e+03
1.800000000000000000e+01 4.180000000000000000e+03
1.300000000000000000e+01 4.016000000000000000e+03
1.900000000000000000e+01 3.420000000000000000e+03
1.200000000000000000e+01 3.402000000000000000e+03
2.000000000000000000e+01 2.724000000000000000e+03
1.100000000000000000e+01 2.558000000000000000e+03
2.100000000000000000e+01 1.986000000000000000e+03
1.000000000000000000e+01 1.625000000000000000e+03
2.200000000000000000e+01 1.441000000000000000e+03
9.000000000000000000e+00 1.062000000000000000e+03
2.300000000000000000e+01 1.029000000000000000e+03
8.000000000000000000e+00 6.620000000000000000e+02
2.400000000000000000e+01 6.480000000000000000e+02
2.500000000000000000e+01 3.810000000000000000e+02
7.000000000000000000e+00 3.390000000000000000e+02
2.000000000000000000e+00 2.570000000000000000e+02
2.600000000000000000e+01 2.360000000000000000e+02
6.000000000000000000e+00 2.020000000000000000e+02
2.700000000000000000e+01 1.340000000000000000e+02
5.000000000000000000e+00 1.210000000000000000e+02
2.800000000000000000e+01 9.900000000000000000e+01
3.000000000000000000e+00 9.300000000000000000e+01
4.000000000000000000e+00 8.900000000000000000e+01
2.900000000000000000e+01 4.600000000000000000e+01
3.000000000000000000e+01 2.500000000000000000e+01
3.100000000000000000e+01 9.000000000000000000e+00
3.200000000000000000e+01 8.000000000000000000e+00
3.500000000000000000e+01 2.000000000000000000e+00
3.400000000000000000e+01 2.000000000000000000e+00
3.300000000000000000e+01 2.000000000000000000e+00

1.000000000000000000e+00 2.518975000000000000e+06
1.500000000000000000e+01 4.864000000000000000e+03
1.600000000000000000e+01 4.851000000000000000e+03
1.400000000000000000e+01 4.683000000000000000e+03
1.700000000000000000e+01 4.386000000000000000e+03
1.300000000000000000e+01 4.135000000000000000e+03
1.800000000000000000e+01 3.850000000000000000e+03
1.200000000000000000e+01 3.502000000000000000e+03
1.900000000000000000e+01 3.241000000000000000e+03
1.100000000000000000e+01 2.753000000000000000e+03
2.000000000000000000e+01 2.602000000000000000e+03
2.100000000000000000e+01 1.982000000000000000e+03
1.000000000000000000e+01 1.901000000000000000e+03
2.200000000000000000e+01 1.421000000000000000e+03
9.000000000000000000e+00 1.271000000000000000e+03
2.300000000000000000e+01 9.070000000000000000e+02
8.000000000000000000e+00 8.250000000000000000e+02
2.400000000000000000e+01 6.570000000000000000e+02
7.000000000000000000e+00 4.460000000000000000e+02
2.500000000000000000e+01 4.290000000000000000e+02
2.000000000000000000e+00 2.960000000000000000e+02
6.000000000000000000e+00 2.680000000000000000e+02
2.600000000000000000e+01 2.580000000000000000e+02
2.700000000000000000e+01 1.650000000000000000e+02
5.000000000000000000e+00 1.480000000000000000e+02
3.000000000000000000e+00 1.250000000000000000e+02
4.000000000000000000e+00 1.160000000000000000e+02
2.800000000000000000e+01 1.040000000000000000e+02
2.900000000000000000e+01 4.000000000000000000e+01
3.000000000000000000e+01 3.700000000000000000e+01
3.100000000000000000e+01 1.100000000000000000e+01
3.200000000000000000e+01 5.000000000000000000e+00
3.300000000000000000e+01 4.000000000000000000e+00
3.600000000000000000e+01 2.000000000000000000e+00
3.400000000000000000e+01 2.000000000000000000e+00
3.800000000000000000e+01 1.000000000000000000e+00

1.000000000000000000e+00 2.533176000000000000e+06
1.500000000000000000e+01 4.703000000000000000e+03
1.600000000000000000e+01 4.629000000000000000e+03
1.400000000000000000e+01 4.578000000000000000e+03
1.700000000000000000e+01 4.197000000000000000e+03
1.300000000000000000e+01 4.115000000000000000e+03
1.800000000000000000e+01 3.637000000000000000e+03
1.200000000000000000e+01 3.632000000000000000e+03
1.900000000000000000e+01 3.063000000000000000e+03
1.100000000000000000e+01 2.982000000000000000e+03
2.000000000000000000e+01 2.454000000000000000e+03
1.000000000000000000e+01 2.191000000000000000e+03
2.100000000000000000e+01 1.713000000000000000e+03
9.000000000000000000e+00 1.565000000000000000e+03
2.200000000000000000e+01 1.302000000000000000e+03
8.000000000000000000e+00 1.009000000000000000e+03
2.300000000000000000e+01 9.120000000000000000e+02
2.400000000000000000e+01 6.390000000000000000e+02
7.000000000000000000e+00 5.540000000000000000e+02
2.500000000000000000e+01 4.420000000000000000e+02
2.000000000000000000e+00 3.940000000000000000e+02
6.000000000000000000e+00 3.690000000000000000e+02
2.600000000000000000e+01 2.840000000000000000e+02
5.000000000000000000e+00 2.520000000000000000e+02
3.000000000000000000e+00 1.720000000000000000e+02
4.000000000000000000e+00 1.640000000000000000e+02
2.700000000000000000e+01 1.420000000000000000e+02
2.800000000000000000e+01 9.800000000000000000e+01
2.900000000000000000e+01 6.800000000000000000e+01
3.000000000000000000e+01 3.700000000000000000e+01
3.100000000000000000e+01 2.400000000000000000e+01
3.200000000000000000e+01 1.400000000000000000e+01
3.500000000000000000e+01 5.000000000000000000e+00
3.300000000000000000e+01 4.000000000000000000e+00
3.400000000000000000e+01 4.000000000000000000e+00
3.800000000000000000e+01 2.000000000000000000e+00
3.700000000000000000e+01 1.000000000000000000e+00

1.000000000000000000e+00 2.546360000000000000e+06
1.500000000000000000e+01 4.731000000000000000e+03
1.400000000000000000e+01 4.436000000000000000e+03
1.600000000000000000e+01 4.348000000000000000e+03
1.300000000000000000e+01 4.134000000000000000e+03
1.700000000000000000e+01 4.033000000000000000e+03
1.200000000000000000e+01 3.660000000000000000e+03
1.800000000000000000e+01 3.470000000000000000e+03
1.100000000000000000e+01 3.097000000000000000e+03
1.900000000000000000e+01 2.897000000000000000e+03
1.000000000000000000e+01 2.395000000000000000e+03
2.000000000000000000e+01 2.253000000000000000e+03
9.000000000000000000e+00 1.735000000000000000e+03
2.100000000000000000e+01 1.715000000000000000e+03
2.200000000000000000e+01 1.215000000000000000e+03
8.000000000000000000e+00 1.150000000000000000e+03
2.300000000000000000e+01 8.940000000000000000e+02
7.000000000000000000e+00 7.780000000000000000e+02
2.400000000000000000e+01 6.090000000000000000e+02
2.000000000000000000e+00 5.230000000000000000e+02
6.000000000000000000e+00 4.430000000000000000e+02
2.500000000000000000e+01 4.370000000000000000e+02
5.000000000000000000e+00 3.280000000000000000e+02
4.000000000000000000e+00 2.530000000000000000e+02
2.600000000000000000e+01 2.530000000000000000e+02
3.000000000000000000e+00 2.280000000000000000e+02
2.700000000000000000e+01 1.840000000000000000e+02
2.800000000000000000e+01 9.800000000000000000e+01
2.900000000000000000e+01 5.900000000000000000e+01
3.000000000000000000e+01 3.300000000000000000e+01
3.100000000000000000e+01 1.400000000000000000e+01
3.200000000000000000e+01 1.000000000000000000e+01
3.300000000000000000e+01 4.000000000000000000e+00
3.400000000000000000e+01 3.000000000000000000e+00
3.500000000000000000e+01 1.000000000000000000e+00
3.700000000000000000e+01 1.000000000000000000e+00

1.000000000000000000e+00 2.566101000000000000e+06
1.400000000000000000e+01 4.432000000000000000e+03
1.500000000000000000e+01 4.212000000000000000e+03
1.300000000000000000e+01 4.211000000000000000e+03
1.600000000000000000e+01 4.195000000000000000e+03
1.200000000000000000e+01 3.885000000000000000e+03
1.700000000000000000e+01 3.691000000000000000e+03
1.100000000000000000e+01 3.277000000000000000e+03
1.800000000000000000e+01 3.227000000000000000e+03
1.000000000000000000e+01 2.623000000000000000e+03
1.900000000000000000e+01 2.514000000000000000e+03
2.000000000000000000e+01 2.050000000000000000e+03
9.000000000000000000e+00 1.986000000000000000e+03
2.100000000000000000e+01 1.546000000000000000e+03
8.000000000000000000e+00 1.495000000000000000e+03
2.200000000000000000e+01 1.174000000000000000e+03
7.000000000000000000e+00 9.870000000000000000e+02
2.300000000000000000e+01 8.570000000000000000e+02
6.000000000000000000e+00 7.160000000000000000e+02
2.000000000000000000e+00 6.600000000000000000e+02
2.400000000000000000e+01 6.100000000000000000e+02
5.000000000000000000e+00 4.300000000000000000e+02
2.500000000000000000e+01 3.850000000000000000e+02
4.000000000000000000e+00 3.360000000000000000e+02
3.000000000000000000e+00 3.340000000000000000e+02
2.600000000000000000e+01 2.470000000000000000e+02
2.700000000000000000e+01 2.060000000000000000e+02
2.800000000000000000e+01 8.500000000000000000e+01
2.900000000000000000e+01 6.800000000000000000e+01
3.000000000000000000e+01 4.800000000000000000e+01
3.100000000000000000e+01 2.100000000000000000e+01
3.200000000000000000e+01 1.100000000000000000e+01
3.300000000000000000e+01 7.000000000000000000e+00
3.500000000000000000e+01 2.000000000000000000e+00
3.600000000000000000e+01 1.000000000000000000e+00
3.700000000000000000e+01 1.000000000000000000e+00
3.400000000000000000e+01 1.000000000000000000e+00

1.000000000000000000e+00 2.590733000000000000e+06
1.400000000000000000e+01 4.212000000000000000e+03
1.300000000000000000e+01 4.110000000000000000e+03
1.500000000000000000e+01 4.097000000000000000e+03
1.200000000000000000e+01 3.990000000000000000e+03
1.600000000000000000e+01 3.898000000000000000e+03
1.100000000000000000e+01 3.467000000000000000e+03
1.700000000000000000e+01 3.255000000000000000e+03
1.000000000000000000e+01 2.973000000000000000e+03
1.800000000000000000e+01 2.870000000000000000e+03
1.900000000000000000e+01 2.367000000000000000e+03
9.000000000000000000e+00 2.313000000000000000e+03
2.000000000000000000e+01 1.849000000000000000e+03
8.000000000000000000e+00 1.785000000000000000e+03
2.100000000000000000e+01 1.426000000000000000e+03
7.000000000000000000e+00 1.284000000000000000e+03
2.200000000000000000e+01 1.100000000000000000e+03
6.000000000000000000e+00 9.180000000000000000e+02
2.000000000000000000e+00 8.890000000000000000e+02
2.300000000000000000e+01 7.290000000000000000e+02
5.000000000000000000e+00 5.830000000000000000e+02
2.400000000000000000e+01 5.210000000000000000e+02
4.000000000000000000e+00 4.730000000000000000e+02
3.000000000000000000e+00 4.600000000000000000e+02
2.500000000000000000e+01 3.800000000000000000e+02
2.600000000000000000e+01 2.400000000000000000e+02
2.700000000000000000e+01 1.760000000000000000e+02
2.800000000000000000e+01 8.600000000000000000e+01
2.900000000000000000e+01 6.200000000000000000e+01
3.000000000000000000e+01 3.500000000000000000e+01
3.100000000000000000e+01 2.500000000000000000e+01
3.200000000000000000e+01 1.400000000000000000e+01
3.300000000000000000e+01 7.000000000000000000e+00
3.400000000000000000e+01 3.000000000000000000e+00
3.700000000000000000e+01 1.000000000000000000e+00
3.500000000000000000e+01 1.000000000000000000e+00

1.000000000000000000e+00 2.615343000000000000e+06
1.300000000000000000e+01 4.152000000000000000e+03
1.400000000000000000e+01 4.084000000000000000e+03
1.200000000000000000e+01 3.982000000000000000e+03
1.500000000000000000e+01 3.942000000000000000e+03
1.100000000000000000e+01 3.554000000000000000e+03
1.600000000000000000e+01 3.466000000000000000e+03
1.000000000000000000e+01 3.122000000000000000e+03
1.700000000000000000e+01 3.098000000000000000e+03
1.800000000000000000e+01 2.660000000000000000e+03
9.000000000000000000e+00 2.457000000000000000e+03
1.900000000000000000e+01 2.112000000000000000e+03
8.000000000000000000e+00 2.068000000000000000e+03
2.000000000000000000e+01 1.675000000000000000e+03
7.000000000000000000e+00 1.575000000000000000e+03
2.100000000000000000e+01 1.271000000000000000e+03
2.000000000000000000e+00 1.199000000000000000e+03
6.000000000000000000e+00 1.118000000000000000e+03
2.200000000000000000e+01 9.400000000000000000e+02
5.000000000000000000e+00 8.420000000000000000e+02
2.300000000000000000e+01 6.700000000000000000e+02
3.000000000000000000e+00 6.500000000000000000e+02
4.000000000000000000e+00 6.310000000000000000e+02
2.400000000000000000e+01 5.060000000000000000e+02
2.500000000000000000e+01 3.450000000000000000e+02
2.600000000000000000e+01 2.420000000000000000e+02
2.700000000000000000e+01 1.240000000000000000e+02
2.800000000000000000e+01 8.400000000000000000e+01
2.900000000000000000e+01 5.000000000000000000e+01
3.000000000000000000e+01 2.600000000000000000e+01
3.100000000000000000e+01 2.500000000000000000e+01
3.200000000000000000e+01 8.000000000000000000e+00
3.300000000000000000e+01 6.000000000000000000e+00
3.400000000000000000e+01 3.000000000000000000e+00
3.700000000000000000e+01 1.000000000000000000e+00
3.500000000000000000e+01 1.000000000000000000e+00

1.000000000000000000e+00 2.652058000000000000e+06
1.300000000000000000e+01 3.980000000000000000e+03
1.200000000000000000e+01 3.809000000000000000e+03
1.400000000000000000e+01 3.760000000000000000e+03
1.100000000000000000e+01 3.608000000000000000e+03
1.500000000000000000e+01 3.482000000000000000e+03
1.000000000000000000e+01 3.381000000000000000e+03
1.600000000000000000e+01 3.075000000000000000e+03
9.000000000000000000e+00 2.854000000000000000e+03
1.700000000000000000e+01 2.790000000000000000e+03
8.000000000000000000e+00 2.431000000000000000e+03
1.800000000000000000e+01 2.260000000000000000e+03
7.000000000000000000e+00 1.950000000000000000e+03
1.900000000000000000e+01 1.812000000000000000e+03
2.000000000000000000e+00 1.696000000000000000e+03
6.000000000000000000e+00 1.502000000000000000e+03
2.000000000000000000e+01 1.465000000000000000e+03
5.000000000000000000e+00 1.215000000000000000e+03
2.100000000000000000e+01 1.127000000000000000e+03
3.000000000000000000e+00 9.500000000000000000e+02
4.000000000000000000e+00 9.220000000000000000e+02
2.200000000000000000e+01 8.440000000000000000e+02
2.300000000000000000e+01 6.110000000000000000e+02
2.400000000000000000e+01 4.600000000000000000e+02
2.500000000000000000e+01 2.840000000000000000e+02
2.600000000000000000e+01 1.960000000000000000e+02
2.700000000000000000e+01 1.050000000000000000e+02
2.800000000000000000e+01 7.100000000000000000e+01
2.900000000000000000e+01 4.500000000000000000e+01
3.000000000000000000e+01 1.700000000000000000e+01
3.100000000000000000e+01 1.500000000000000000e+01
3.300000000000000000e+01 8.000000000000000000e+00
3.200000000000000000e+01 8.000000000000000000e+00
3.400000000000000000e+01 2.000000000000000000e+00
3.600000000000000000e+01 2.000000000000000000e+00

1.000000000000000000e+00 2.691925000000000000e+06
1.100000000000000000e+01 3.712000000000000000e+03
1.200000000000000000e+01 3.650000000000000000e+03
1.300000000000000000e+01 3.613000000000000000e+03
1.400000000000000000e+01 3.515000000000000000e+03
1.000000000000000000e+01 3.513000000000000000e+03
1.500000000000000000e+01 3.189000000000000000e+03
9.000000000000000000e+00 3.079000000000000000e+03
1.600000000000000000e+01 2.806000000000000000e+03
8.000000000000000000e+00 2.791000000000000000e+03
1.700000000000000000e+01 2.478000000000000000e+03
7.000000000000000000e+00 2.316000000000000000e+03
2.000000000000000000e+00 2.261000000000000000e+03
1.800000000000000000e+01 2.000000000000000000e+03
6.000000000000000000e+00 1.806000000000000000e+03
1.900000000000000000e+01 1.477000000000000000e+03
5.000000000000000000e+00 1.472000000000000000e+03
3.000000000000000000e+00 1.379000000000000000e+03
4.000000000000000000e+00 1.355000000000000000e+03
2.000000000000000000e+01 1.183000000000000000e+03
2.100000000000000000e+01 9.690000000000000000e+02
2.200000000000000000e+01 7.220000000000000000e+02
2.300000000000000000e+01 5.010000000000000000e+02
2.400000000000000000e+01 3.300000000000000000e+02
2.500000000000000000e+01 2.100000000000000000e+02
2.600000000000000000e+01 1.440000000000000000e+02
2.700000000000000000e+01 9.000000000000000000e+01
2.800000000000000000e+01 6.000000000000000000e+01
2.900000000000000000e+01 3.500000000000000000e+01
3.000000000000000000e+01 2.200000000000000000e+01
3.100000000000000000e+01 9.000000000000000000e+00
3.200000000000000000e+01 6.000000000000000000e+00
3.300000000000000000e+01 2.000000000000000000e+00
3.600000000000000000e+01 1.000000000000000000e+00

1.000000000000000000e+00 2.744119000000000000e+06
1.100000000000000000e+01 3.557000000000000000e+03
1.200000000000000000e+01 3.470000000000000000e+03
1.000000000000000000e+01 3.419000000000000000e+03
1.300000000000000000e+01 3.312000000000000000e+03
9.000000000000000000e+00 3.306000000000000000e+03
2.000000000000000000e+00 3.281000000000000000e+03
1.400000000000000000e+01 3.125000000000000000e+03
8.000000000000000000e+00 3.066000000000000000e+03
1.500000000000000000e+01 2.757000000000000000e+03
7.000000000000000000e+00 2.643000000000000000e+03
1.600000000000000000e+01 2.322000000000000000e+03
6.000000000000000000e+00 2.245000000000000000e+03
3.000000000000000000e+00 2.026000000000000000e+03
1.700000000000000000e+01 1.969000000000000000e+03
5.000000000000000000e+00 1.966000000000000000e+03
4.000000000000000000e+00 1.757000000000000000e+03
1.800000000000000000e+01 1.618000000000000000e+03
1.900000000000000000e+01 1.275000000000000000e+03
2.000000000000000000e+01 9.730000000000000000e+02
2.100000000000000000e+01 7.520000000000000000e+02
2.200000000000000000e+01 5.610000000000000000e+02
2.300000000000000000e+01 3.460000000000000000e+02
2.400000000000000000e+01 2.720000000000000000e+02
2.500000000000000000e+01 1.700000000000000000e+02
2.600000000000000000e+01 1.080000000000000000e+02
2.700000000000000000e+01 6.300000000000000000e+01
2.800000000000000000e+01 3.300000000000000000e+01
2.900000000000000000e+01 2.400000000000000000e+01
3.000000000000000000e+01 1.600000000000000000e+01
3.100000000000000000e+01 1.000000000000000000e+00
3.300000000000000000e+01 1.000000000000000000e+00
3.500000000000000000e+01 1.000000000000000000e+00

1.000000000000000000e+00 2.807531000000000000e+06
2.000000000000000000e+00 4.467000000000000000e+03
9.000000000000000000e+00 3.389000000000000000e+03
1.100000000000000000e+01 3.324000000000000000e+03
1.000000000000000000e+01 3.288000000000000000e+03
8.000000000000000000e+00 3.241000000000000000e+03
1.200000000000000000e+01 3.170000000000000000e+03
7.000000000000000000e+00 3.045000000000000000e+03
1.300000000000000000e+01 2.785000000000000000e+03
3.000000000000000000e+00 2.732000000000000000e+03
6.000000000000000000e+00 2.683000000000000000e+03
5.000000000000000000e+00 2.545000000000000000e+03
1.400000000000000000e+01 2.516000000000000000e+03
4.000000000000000000e+00 2.448000000000000000e+03
1.500000000000000000e+01 2.178000000000000000e+03
1.600000000000000000e+01 1.846000000000000000e+03
1.700000000000000000e+01 1.541000000000000000e+03
1.800000000000000000e+01 1.310000000000000000e+03
1.900000000000000000e+01 9.580000000000000000e+02
2.000000000000000000e+01 7.540000000000000000e+02
2.100000000000000000e+01 5.200000000000000000e+02
2.200000000000000000e+01 3.710000000000000000e+02
2.300000000000000000e+01 2.360000000000000000e+02
2.400000000000000000e+01 1.610000000000000000e+02
2.500000000000000000e+01 1.130000000000000000e+02
2.600000000000000000e+01 7.000000000000000000e+01
2.700000000000000000e+01 3.000000000000000000e+01
2.800000000000000000e+01 1.900000000000000000e+01
2.900000000000000000e+01 1.100000000000000000e+01
3.100000000000000000e+01 2.000000000000000000e+00
3.000000000000000000e+01 2.000000000000000000e+00

1.000000000000000000e+00 2.875965000000000000e+06
2.000000000000000000e+00 6.112000000000000000e+03
3.000000000000000000e+00 3.593000000000000000e+03
9.000000000000000000e+00 3.297000000000000000e+03
7.000000000000000000e+00 3.297000000000000000e+03
8.000000000000000000e+00 3.233000000000000000e+03
6.000000000000000000e+00 3.151000000000000000e+03
5.000000000000000000e+00 3.118000000000000000e+03
4.000000000000000000e+00 3.099000000000000000e+03
1.000000000000000000e+01 3.071000000000000000e+03
1.100000000000000000e+01 2.886000000000000000e+03
1.200000000000000000e+01 2.599000000000000000e+03
1.300000000000000000e+01 2.399000000000000000e+03
1.400000000000000000e+01 1.979000000000000000e+03
1.500000000000000000e+01 1.711000000000000000e+03
1.600000000000000000e+01 1.411000000000000000e+03
1.700000000000000000e+01 1.089000000000000000e+03
1.800000000000000000e+01 8.360000000000000000e+02
1.900000000000000000e+01 6.280000000000000000e+02
2.000000000000000000e+01 4.780000000000000000e+02
2.100000000000000000e+01 3.390000000000000000e+02
2.200000000000000000e+01 2.110000000000000000e+02
2.300000000000000000e+01 1.270000000000000000e+02
2.400000000000000000e+01 8.500000000000000000e+01
2.500000000000000000e+01 5.800000000000000000e+01
2.600000000000000000e+01 2.000000000000000000e+01
2.800000000000000000e+01 1.900000000000000000e+01
2.700000000000000000e+01 1.300000000000000000e+01
2.900000000000000000e+01 3.000000000000000000e+00
3.100000000000000000e+01 1.000000000000000000e+00

1.000000000000000000e+00 2.944969000000000000e+06
2.000000000000000000e+00 7.726000000000000000e+03
3.000000000000000000e+00 4.562000000000000000e+03
4.000000000000000000e+00 3.824000000000000000e+03
5.000000000000000000e+00 3.529000000000000000e+03
6.000000000000000000e+00 3.407000000000000000e+03
7.000000000000000000e+00 3.295000000000000000e+03
8.000000000000000000e+00 3.190000000000000000e+03
9.000000000000000000e+00 3.083000000000000000e+03
1.000000000000000000e+01 2.823000000000000000e+03
1.100000000000000000e+01 2.363000000000000000e+03
1.200000000000000000e+01 2.182000000000000000e+03
1.300000000000000000e+01 1.791000000000000000e+03
1.400000000000000000e+01 1.466000000000000000e+03
1.500000000000000000e+01 1.134000000000000000e+03
1.600000000000000000e+01 8.750000000000000000e+02
1.700000000000000000e+01 6.900000000000000000e+02
1.800000000000000000e+01 4.890000000000000000e+02
1.900000000000000000e+01 3.570000000000000000e+02
2.000000000000000000e+01 2.390000000000000000e+02
2.100000000000000000e+01 1.630000000000000000e+02
2.200000000000000000e+01 9.700000000000000000e+01
2.300000000000000000e+01 6.700000000000000000e+01
2.400000000000000000e+01 4.100000000000000000e+01
2.500000000000000000e+01 1.600000000000000000e+01
2.600000000000000000e+01 6.000000000000000000e+00
2.700000000000000000e+01 5.000000000000000000e+00
2.900000000000000000e+01 2.000000000000000000e+00
2.800000000000000000e+01 1.000000000000000000e+00

1.000000000000000000e+00 3.030531000000000000e+06
2.000000000000000000e+00 9.932000000000000000e+03
3.000000000000000000e+00 5.879000000000000000e+03
4.000000000000000000e+00 4.354000000000000000e+03
5.000000000000000000e+00 4.013000000000000000e+03
6.000000000000000000e+00 3.522000000000000000e+03
7.000000000000000000e+00 3.108000000000000000e+03
8.000000000000000000e+00 2.717000000000000000e+03
9.000000000000000000e+00 2.371000000000000000e+03
1.000000000000000000e+01 1.928000000000000000e+03
1.100000000000000000e+01 1.680000000000000000e+03
1.200000000000000000e+01 1.330000000000000000e+03
1.300000000000000000e+01 1.064000000000000000e+03
1.400000000000000000e+01 7.050000000000000000e+02
1.500000000000000000e+01 5.610000000000000000e+02
1.600000000000000000e+01 4.480000000000000000e+02
1.700000000000000000e+01 2.710000000000000000e+02
1.800000000000000000e+01 1.930000000000000000e+02
1.900000000000000000e+01 1.290000000000000000e+02
2.000000000000000000e+01 1.020000000000000000e+02
2.100000000000000000e+01 6.100000000000000000e+01
2.200000000000000000e+01 2.700000000000000000e+01
2.300000000000000000e+01 1.700000000000000000e+01
2.400000000000000000e+01 1.200000000000000000e+01
2.500000000000000000e+01 8.000000000000000000e+00
2.600000000000000000e+01 3.000000000000000000e+00
3.000000000000000000e+01 2.000000000000000000e+00
2.800000000000000000e+01 1.000000000000000000e+00
2.700000000000000000e+01 1.000000000000000000e+00

1.000000000000000000e+00 3.095297000000000000e+06
2.000000000000000000e+00 1.154300000000000000e+04
3.000000000000000000e+00 6.543000000000000000e+03
4.000000000000000000e+00 4.880000000000000000e+03
5.000000000000000000e+00 3.917000000000000000e+03
6.000000000000000000e+00 3.265000000000000000e+03
7.000000000000000000e+00 2.668000000000000000e+03
8.000000000000000000e+00 2.079000000000000000e+03
9.000000000000000000e+00 1.578000000000000000e+03
1.000000000000000000e+01 1.253000000000000000e+03
1.100000000000000000e+01 9.660000000000000000e+02
1.200000000000000000e+01 6.930000000000000000e+02
1.300000000000000000e+01 5.220000000000000000e+02
1.400000000000000000e+01 3.290000000000000000e+02
1.500000000000000000e+01 2.400000000000000000e+02
1.600000000000000000e+01 1.650000000000000000e+02
1.700000000000000000e+01 1.090000000000000000e+02
1.800000000000000000e+01 5.800000000000000000e+01
1.900000000000000000e+01 3.700000000000000000e+01
2.000000000000000000e+01 2.500000000000000000e+01
2.100000000000000000e+01 1.000000000000000000e+01
2.200000000000000000e+01 8.000000000000000000e+00
2.300000000000000000e+01 4.000000000000000000e+00
2.400000000000000000e+01 2.000000000000000000e+00
2.500000000000000000e+01 1.000000000000000000e+00
2.800000000000000000e+01 1.000000000000000000e+00

1.000000000000000000e+00 3.145198000000000000e+06
2.000000000000000000e+00 1.269400000000000000e+04
3.000000000000000000e+00 7.002000000000000000e+03
4.000000000000000000e+00 4.833000000000000000e+03
5.000000000000000000e+00 3.529000000000000000e+03
6.000000000000000000e+00 2.732000000000000000e+03
7.000000000000000000e+00 1.906000000000000000e+03
8.000000000000000000e+00 1.377000000000000000e+03
9.000000000000000000e+00 9.800000000000000000e+02
1.000000000000000000e+01 6.520000000000000000e+02
1.100000000000000000e+01 4.710000000000000000e+02
1.200000000000000000e+01 2.960000000000000000e+02
1.300000000000000000e+01 1.820000000000000000e+02
1.400000000000000000e+01 1.060000000000000000e+02
1.500000000000000000e+01 6.600000000000000000e+01
1.600000000000000000e+01 4.500000000000000000e+01
1.700000000000000000e+01 3.100000000000000000e+01
1.800000000000000000e+01 1.800000000000000000e+01
1.900000000000000000e+01 5.000000000000000000e+00
2.000000000000000000e+01 3.000000000000000000e+00
2.100000000000000000e+01 2.000000000000000000e+00

1.000000000000000000e+00 3.176620000000000000e+06
2.000000000000000000e+00 1.297600000000000000e+04
3.000000000000000000e+00 6.808000000000000000e+03
4.000000000000000000e+00 4.553000000000000000e+03
5.000000000000000000e+00 3.162000000000000000e+03
6.000000000000000000e+00 2.066000000000000000e+03
7.000000000000000000e+00 1.324000000000000000e+03
8.000000000000000000e+00 8.830000000000000000e+02
9.000000000000000000e+00 5.270000000000000000e+02
1.000000000000000000e+01 3.590000000000000000e+02
1.100000000000000000e+01 1.890000000000000000e+02
1.200000000000000000e+01 1.250000000000000000e+02
1.300000000000000000e+01 7.400000000000000000e+01
1.400000000000000000e+01 4.200000000000000000e+01
1.500000000000000000e+01 3.200000000000000000e+01
1.600000000000000000e+01 9.000000000000000000e+00
1.700000000000000000e+01 5.000000000000000000e+00
2.200000000000000000e+01 2.000000000000000000e+00
2.100000000000000000e+01 1.000000000000000000e+00
1.800000000000000000e+01 1.000000000000000000e+00

1.000000000000000000e+00 3.197350000000000000e+06
2.000000000000000000e+00 1.296200000000000000e+04
3.000000000000000000e+00 6.497000000000000000e+03
4.000000000000000000e+00 4.067000000000000000e+03
5.000000000000000000e+00 2.571000000000000000e+03
6.000000000000000000e+00 1.664000000000000000e+03
7.000000000000000000e+00 9.390000000000000000e+02
8.000000000000000000e+00 5.610000000000000000e+02
9.000000000000000000e+00 2.880000000000000000e+02
1.000000000000000000e+01 1.950000000000000000e+02
1.100000000000000000e+01 9.000000000000000000e+01
1.200000000000000000e+01 5.400000000000000000e+01
1.300000000000000000e+01 3.100000000000000000e+01
1.400000000000000000e+01 2.200000000000000000e+01
1.500000000000000000e+01 6.000000000000000000e+00
1.600000000000000000e+01 2.000000000000000000e+00
1.700000000000000000e+01 1.000000000000000000e+00
1.900000000000000000e+01 1.000000000000000000e+00
1.800000000000000000e+01 1.000000000000000000e+00

1.000000000000000000e+00 3.210770000000000000e+06
2.000000000000000000e+00 1.253900000000000000e+04
3.000000000000000000e+00 6.285000000000000000e+03
4.000000000000000000e+00 3.768000000000000000e+03
5.000000000000000000e+00 2.236000000000000000e+03
6.000000000000000000e+00 1.236000000000000000e+03
7.000000000000000000e+00 6.980000000000000000e+02
8.000000000000000000e+00 3.920000000000000000e+02
9.000000000000000000e+00 1.810000000000000000e+02
1.000000000000000000e+01 8.700000000000000000e+01
1.100000000000000000e+01 5.500000000000000000e+01
1.200000000000000000e+01 2.000000000000000000e+01
1.300000000000000000e+01 1.200000000000000000e+01
1.400000000000000000e+01 3.000000000000000000e+00
1.700000000000000000e+01 2.000000000000000000e+00
1.600000000000000000e+01 1.000000000000000000e+00
1.500000000000000000e+01 1.000000000000000000e+00

1.000000000000000000e+00 3.218549000000000000e+06
2.000000000000000000e+00 1.276600000000000000e+04
3.000000000000000000e+00 6.098000000000000000e+03
4.000000000000000000e+00 3.468000000000000000e+03
5.000000000000000000e+00 1.920000000000000000e+03
6.000000000000000000e+00 1.061000000000000000e+03
7.000000000000000000e+00 5.310000000000000000e+02
8.000000000000000000e+00 2.490000000000000000e+02
9.000000000000000000e+00 1.220000000000000000e+02
1.000000000000000000e+01 5.500000000000000000e+01
1.100000000000000000e+01 2.300000000000000000e+01
1.200000000000000000e+01 1.100000000000000000e+01
1.500000000000000000e+01 1.000000000000000000e+00
1.700000000000000000e+01 1.000000000000000000e+00
1.300000000000000000e+01 1.000000000000000000e+00

1.000000000000000000e+00 3.222978000000000000e+06
2.000000000000000000e+00 1.247800000000000000e+04
3.000000000000000000e+00 5.960000000000000000e+03
4.000000000000000000e+00 3.265000000000000000e+03
5.000000000000000000e+00 1.835000000000000000e+03
6.000000000000000000e+00 9.450000000000000000e+02
7.000000000000000000e+00 4.800000000000000000e+02
8.000000000000000000e+00 1.760000000000000000e+02
9.000000000000000000e+00 9.900000000000000000e+01
1.000000000000000000e+01 2.800000000000000000e+01
1.100000000000000000e+01 2.200000000000000000e+01
1.200000000000000000e+01 6.000000000000000000e+00
1.500000000000000000e+01 1.000000000000000000e+00
1.300000000000000000e+01 1.000000000000000000e+00

1.000000000000000000e+00 3.230160000000000000e+06
2.000000000000000000e+00 1.200700000000000000e+04
3.000000000000000000e+00 5.553000000000000000e+03
4.000000000000000000e+00 3.004000000000000000e+03
5.000000000000000000e+00 1.595000000000000000e+03
6.000000000000000000e+00 7.400000000000000000e+02
7.000000000000000000e+00 3.710000000000000000e+02
8.000000000000000000e+00 1.490000000000000000e+02
9.000000000000000000e+00 6.000000000000000000e+01
1.000000000000000000e+01 2.200000000000000000e+01
1.100000000000000000e+01 8.000000000000000000e+00
1.200000000000000000e+01 5.000000000000000000e+00
1.300000000000000000e+01 3.000000000000000000e+00

1.000000000000000000e+00 3.233627000000000000e+06
2.000000000000000000e+00 1.211800000000000000e+04
3.000000000000000000e+00 5.493000000000000000e+03
4.000000000000000000e+00 2.847000000000000000e+03
5.000000000000000000e+00 1.404000000000000000e+03
6.000000000000000000e+00 6.780000000000000000e+02
7.000000000000000000e+00 2.460000000000000000e+02
8.000000000000000000e+00 1.000000000000000000e+02
9.000000000000000000e+00 4.800000000000000000e+01
1.000000000000000000e+01 1.500000000000000000e+01
1.100000000000000000e+01 6.000000000000000000e+00
1.200000000000000000e+01 1.000000000000000000e+00

1.000000000000000000e+00 3.237018000000000000e+06
2.000000000000000000e+00 1.193800000000000000e+04
3.000000000000000000e+00 5.383000000000000000e+03
4.000000000000000000e+00 2.585000000000000000e+03
5.000000000000000000e+00 1.300000000000000000e+03
6.000000000000000000e+00 5.630000000000000000e+02
7.000000000000000000e+00 2.180000000000000000e+02
8.000000000000000000e+00 9.500000000000000000e+01
9.000000000000000000e+00 2.900000000000000000e+01
1.000000000000000000e+01 9.000000000000000000e+00
1.100000000000000000e+01 7.000000000000000000e+00
1.200000000000000000e+01 1.000000000000000000e+00
1.300000000000000000e+01 1.000000000000000000e+00

1.000000000000000000e+00 3.238982000000000000e+06
2.000000000000000000e+00 1.155300000000000000e+04
3.000000000000000000e+00 5.254000000000000000e+03
4.000000000000000000e+00 2.637000000000000000e+03
5.000000000000000000e+00 1.233000000000000000e+03
6.000000000000000000e+00 5.220000000000000000e+02
7.000000000000000000e+00 2.070000000000000000e+02
8.000000000000000000e+00 7.000000000000000000e+01
9.000000000000000000e+00 2.500000000000000000e+01
1.000000000000000000e+01 6.000000000000000000e+00
1.100000000000000000e+01 1.000000000000000000e+00

1.000000000000000000e+00 3.243285000000000000e+06
2.000000000000000000e+00 1.119100000000000000e+04
3.000000000000000000e+00 4.923000000000000000e+03
4.000000000000000000e+00 2.488000000000000000e+03
5.000000000000000000e+00 1.074000000000000000e+03
6.000000000000000000e+00 4.350000000000000000e+02
7.000000000000000000e+00 1.410000000000000000e+02
8.000000000000000000e+00 5.000000000000000000e+01
9.000000000000000000e+00 1.800000000000000000e+01
1.000000000000000000e+01 5.000000000000000000e+00
1.100000000000000000e+01 3.000000000000000000e+00

1.000000000000000000e+00 3.245850000000000000e+06
2.000000000000000000e+00 1.103500000000000000e+04
3.000000000000000000e+00 4.742000000000000000e+03
4.000000000000000000e+00 2.339000000000000000e+03
5.000000000000000000e+00 9.850000000000000000e+02
6.000000000000000000e+00 3.860000000000000000e+02
7.000000000000000000e+00 1.240000000000000000e+02
8.000000000000000000e+00 3.500000000000000000e+01
9.000000000000000000e+00 1.100000000000000000e+01
1.000000000000000000e+01 1.000000000000000000e+00

