1.000000000000000000e+00 2.504618000000000000e+06
1.500000000000000000e+01 5.089000000000000000e+03
1.600000000000000000e+01 5.034000000000000000e+03
1.700000000000000000e+01 4.754000000000000000e+03
1.400000000000000000e+01 4.708000000000000000e+03
1.800000000000000000e+01 4.187000000000000000e+03
1.300000000000000000e+01 4.053000000000000000e+03
1.900000000000000000e+01 3.450000000000000000e+03
1.200000000000000000e+01 3.346000000000000000e+03
2.000000000000000000e+01 2.731000000000000000e+03
1.100000000000000000e+01 2.558000000000000000e+03
2.100000000000000000e+01 2.012000000000000000e+03
1.000000000000000000e+01 1.663000000000000000e+03
2.200000000000000000e+01 1.443000000000000000e+03
9.000000000000000000e+00 1.014000000000000000e+03
2.300000000000000000e+01 1.011000000000000000e+03
2.400000000000000000e+01 6.590000000000000000e+02
8.000000000000000000e+00 5.970000000000000000e+02
2.500000000000000000e+01 3.980000000000000000e+02
7.000000000000000000e+00 3.050000000000000000e+02
2.600000000000000000e+01 2.700000000000000000e+02
2.700000000000000000e+01 1.880000000000000000e+02
6.000000000000000000e+00 1.430000000000000000e+02
2.800000000000000000e+01 9.100000000000000000e+01
2.000000000000000000e+00 7.400000000000000000e+01
5.000000000000000000e+00 6.200000000000000000e+01
2.900000000000000000e+01 4.900000000000000000e+01
4.000000000000000000e+00 4.400000000000000000e+01
3.000000000000000000e+00 4.400000000000000000e+01
3.000000000000000000e+01 2.600000000000000000e+01
3.100000000000000000e+01 1.400000000000000000e+01
3.200000000000000000e+01 9.000000000000000000e+00
3.400000000000000000e+01 5.000000000000000000e+00
3.600000000000000000e+01 3.000000000000000000e+00
3.300000000000000000e+01 1.000000000000000000e+00
3.500000000000000000e+01 1.000000000000000000e+00
3.700000000000000000e+01 1.000000000000000000e+00

1.000000000000000000e+00 2.516373000000000000e+06
1.500000000000000000e+01 4.957000000000000000e+03
1.600000000000000000e+01 4.899000000000000000e+03
1.400000000000000000e+01 4.607000000000000000e+03
1.700000000000000000e+01 4.491000000000000000e+03
1.300000000000000000e+01 4.316000000000000000e+03
1.800000000000000000e+01 3.873000000000000000e+03
1.200000000000000000e+01 3.510000000000000000e+03
1.900000000000000000e+01 3.192000000000000000e+03
1.100000000000000000e+01 2.698000000000000000e+03
2.000000000000000000e+01 2.586000000000000000e+03
2.100000000000000000e+01 1.953000000000000000e+03
1.000000000000000000e+01 1.920000000000000000e+03
2.200000000000000000e+01 1.443000000000000000e+03
9.000000000000000000e+00 1.254000000000000000e+03
2.300000000000000000e+01 9.850000000000000000e+02
8.000000000000000000e+00 7.650000000000000000e+02
2.400000000000000000e+01 6.490000000000000000e+02
2.500000000000000000e+01 4.050000000000000000e+02
7.000000000000000000e+00 3.950000000000000000e+02
2.600000000000000000e+01 2.610000000000000000e+02
6.000000000000000000e+00 2.050000000000000000e+02
2.700000000000000000e+01 1.510000000000000000e+02
5.000000000000000000e+00 1.350000000000000000e+02
2.800000000000000000e+01 9.300000000000000000e+01
2.000000000000000000e+00 8.400000000000000000e+01
2.900000000000000000e+01 5.300000000000000000e+01
4.000000000000000000e+00 3.900000000000000000e+01
3.000000000000000000e+01 3.800000000000000000e+01
3.000000000000000000e+00 3.600000000000000000e+01
3.100000000000000000e+01 1.300000000000000000e+01
3.200000000000000000e+01 1.100000000000000000e+01
3.300000000000000000e+01 8.000000000000000000e+00
3.500000000000000000e+01 1.000000000000000000e+00
3.400000000000000000e+01 1.000000000000000000e+00

1.000000000000000000e+00 2.529632000000000000e+06
1.500000000000000000e+01 4.864000000000000000e+03
1.400000000000000000e+01 4.846000000000000000e+03
1.600000000000000000e+01 4.683000000000000000e+03
1.700000000000000000e+01 4.245000000000000000e+03
1.300000000000000000e+01 4.147000000000000000e+03
1.800000000000000000e+01 3.727000000000000000e+03
1.200000000000000000e+01 3.689000000000000000e+03
1.900000000000000000e+01 3.072000000000000000e+03
1.100000000000000000e+01 3.046000000000000000e+03
2.000000000000000000e+01 2.476000000000000000e+03
1.000000000000000000e+01 2.108000000000000000e+03
2.100000000000000000e+01 1.790000000000000000e+03
9.000000000000000000e+00 1.503000000000000000e+03
2.200000000000000000e+01 1.307000000000000000e+03
8.000000000000000000e+00 9.370000000000000000e+02
2.300000000000000000e+01 8.670000000000000000e+02
2.400000000000000000e+01 6.340000000000000000e+02
7.000000000000000000e+00 4.820000000000000000e+02
2.500000000000000000e+01 3.930000000000000000e+02
6.000000000000000000e+00 2.730000000000000000e+02
2.600000000000000000e+01 2.380000000000000000e+02
2.700000000000000000e+01 1.570000000000000000e+02
5.000000000000000000e+00 1.420000000000000000e+02
2.000000000000000000e+00 8.300000000000000000e+01
2.800000000000000000e+01 8.300000000000000000e+01
4.000000000000000000e+00 7.200000000000000000e+01
3.000000000000000000e+00 5.300000000000000000e+01
2.900000000000000000e+01 4.500000000000000000e+01
3.000000000000000000e+01 2.700000000000000000e+01
3.100000000000000000e+01 1.800000000000000000e+01
3.200000000000000000e+01 1.200000000000000000e+01
3.400000000000000000e+01 4.000000000000000000e+00
3.300000000000000000e+01 2.000000000000000000e+00
3.800000000000000000e+01 1.000000000000000000e+00

1.000000000000000000e+00 2.545743000000000000e+06
1.500000000000000000e+01 4.746000000000000000e+03
1.400000000000000000e+01 4.675000000000000000e+03
1.600000000000000000e+01 4.454000000000000000e+03
1.300000000000000000e+01 4.419000000000000000e+03
1.700000000000000000e+01 4.032000000000000000e+03
1.200000000000000000e+01 3.889000000000000000e+03
1.800000000000000000e+01 3.568000000000000000e+03
1.100000000000000000e+01 3.171000000000000000e+03
1.900000000000000000e+01 2.873000000000000000e+03
1.000000000000000000e+01 2.428000000000000000e+03
2.000000000000000000e+01 2.221000000000000000e+03
9.000000000000000000e+00 1.758000000000000000e+03
2.100000000000000000e+01 1.648000000000000000e+03
2.200000000000000000e+01 1.250000000000000000e+03
8.000000000000000000e+00 1.159000000000000000e+03
2.300000000000000000e+01 8.040000000000000000e+02
7.000000000000000000e+00 6.150000000000000000e+02
2.400000000000000000e+01 5.560000000000000000e+02
2.500000000000000000e+01 3.770000000000000000e+02
6.000000000000000000e+00 3.640000000000000000e+02
5.000000000000000000e+00 2.150000000000000000e+02
2.600000000000000000e+01 1.960000000000000000e+02
2.700000000000000000e+01 1.350000000000000000e+02
2.000000000000000000e+00 1.280000000000000000e+02
4.000000000000000000e+00 1.070000000000000000e+02
2.800000000000000000e+01 8.200000000000000000e+01
3.000000000000000000e+00 6.300000000000000000e+01
2.900000000000000000e+01 6.000000000000000000e+01
3.000000000000000000e+01 1.900000000000000000e+01
3.100000000000000000e+01 9.000000000000000000e+00
3.300000000000000000e+01 7.000000000000000000e+00
3.200000000000000000e+01 6.000000000000000000e+00
3.400000000000000000e+01 4.000000000000000000e+00
3.500000000000000000e+01 3.000000000000000000e+00
3.700000000000000000e+01 2.000000000000000000e+00
3.800000000000000000e+01 1.000000000000000000e+00

1.000000000000000000e+00 2.565540000000000000e+06
1.400000000000000000e+01 4.851000000000000000e+03
1.500000000000000000e+01 4.584000000000000000e+03
1.300000000000000000e+01 4.581000000000000000e+03
1.600000000000000000e+01 4.370000000000000000e+03
1.200000000000000000e+01 3.847000000000000000e+03
1.700000000000000000e+01 3.825000000000000000e+03
1.100000000000000000e+01 3.369000000000000000e+03
1.800000000000000000e+01 3.269000000000000000e+03
1.000000000000000000e+01 2.678000000000000000e+03
1.900000000000000000e+01 2.590000000000000000e+03
9.000000000000000000e+00 2.060000000000000000e+03
2.000000000000000000e+01 2.018000000000000000e+03
2.100000000000000000e+01 1.495000000000000000e+03
8.000000000000000000e+00 1.330000000000000000e+03
2.200000000000000000e+01 1.039000000000000000e+03
7.000000000000000000e+00 8.570000000000000000e+02
2.300000000000000000e+01 7.710000000000000000e+02
6.000000000000000000e+00 5.140000000000000000e+02
2.400000000000000000e+01 4.650000000000000000e+02
2.500000000000000000e+01 3.210000000000000000e+02
5.000000000000000000e+00 3.100000000000000000e+02
2.600000000000000000e+01 1.880000000000000000e+02
4.000000000000000000e+00 1.720000000000000000e+02
2.000000000000000000e+00 1.660000000000000000e+02
3.000000000000000000e+00 1.110000000000000000e+02
2.700000000000000000e+01 9.900000000000000000e+01
2.800000000000000000e+01 7.700000000000000000e+01
2.900000000000000000e+01 4.400000000000000000e+01
3.000000000000000000e+01 2.200000000000000000e+01
3.200000000000000000e+01 1.300000000000000000e+01
3.100000000000000000e+01 7.000000000000000000e+00
3.900000000000000000e+01 2.000000000000000000e+00
3.300000000000000000e+01 2.000000000000000000e+00
3.400000000000000000e+01 1.000000000000000000e+00
3.700000000000000000e+01 1.000000000000000000e+00
3.500000000000000000e+01 1.000000000000000000e+00

1.000000000000000000e+00 2.586297000000000000e+06
1.300000000000000000e+01 4.690000000000000000e+03
1.400000000000000000e+01 4.660000000000000000e+03
1.500000000000000000e+01 4.499000000000000000e+03
1.200000000000000000e+01 4.202000000000000000e+03
1.600000000000000000e+01 4.025000000000000000e+03
1.100000000000000000e+01 3.724000000000000000e+03
1.700000000000000000e+01 3.572000000000000000e+03
1.000000000000000000e+01 3.017000000000000000e+03
1.800000000000000000e+01 2.991000000000000000e+03
1.900000000000000000e+01 2.440000000000000000e+03
9.000000000000000000e+00 2.259000000000000000e+03
2.000000000000000000e+01 1.823000000000000000e+03
8.000000000000000000e+00 1.610000000000000000e+03
2.100000000000000000e+01 1.268000000000000000e+03
7.000000000000000000e+00 1.041000000000000000e+03
2.200000000000000000e+01 9.330000000000000000e+02
6.000000000000000000e+00 6.800000000000000000e+02
2.300000000000000000e+01 5.960000000000000000e+02
2.400000000000000000e+01 4.200000000000000000e+02
5.000000000000000000e+00 3.810000000000000000e+02
2.500000000000000000e+01 2.650000000000000000e+02
4.000000000000000000e+00 2.190000000000000000e+02
2.000000000000000000e+00 2.080000000000000000e+02
2.600000000000000000e+01 1.460000000000000000e+02
3.000000000000000000e+00 1.260000000000000000e+02
2.700000000000000000e+01 1.010000000000000000e+02
2.800000000000000000e+01 6.600000000000000000e+01
2.900000000000000000e+01 3.600000000000000000e+01
3.000000000000000000e+01 2.000000000000000000e+01
3.100000000000000000e+01 1.300000000000000000e+01
3.200000000000000000e+01 7.000000000000000000e+00
3.300000000000000000e+01 5.000000000000000000e+00
3.500000000000000000e+01 2.000000000000000000e+00
3.700000000000000000e+01 1.000000000000000000e+00
3.400000000000000000e+01 1.000000000000000000e+00

1.000000000000000000e+00 2.614623000000000000e+06
1.300000000000000000e+01 4.679000000000000000e+03
1.400000000000000000e+01 4.544000000000000000e+03
1.200000000000000000e+01 4.414000000000000000e+03
1.500000000000000000e+01 4.259000000000000000e+03
1.100000000000000000e+01 4.044000000000000000e+03
1.600000000000000000e+01 3.882000000000000000e+03
1.000000000000000000e+01 3.475000000000000000e+03
1.700000000000000000e+01 3.210000000000000000e+03
9.000000000000000000e+00 2.685000000000000000e+03
1.800000000000000000e+01 2.633000000000000000e+03
1.900000000000000000e+01 2.034000000000000000e+03
8.000000000000000000e+00 1.947000000000000000e+03
2.000000000000000000e+01 1.528000000000000000e+03
7.000000000000000000e+00 1.290000000000000000e+03
2.100000000000000000e+01 1.151000000000000000e+03
6.000000000000000000e+00 8.410000000000000000e+02
2.200000000000000000e+01 7.410000000000000000e+02
5.000000000000000000e+00 5.360000000000000000e+02
2.300000000000000000e+01 5.200000000000000000e+02
4.000000000000000000e+00 3.360000000000000000e+02
2.400000000000000000e+01 2.970000000000000000e+02
2.000000000000000000e+00 2.740000000000000000e+02
3.000000000000000000e+00 2.170000000000000000e+02
2.500000000000000000e+01 1.970000000000000000e+02
2.600000000000000000e+01 1.270000000000000000e+02
2.700000000000000000e+01 7.400000000000000000e+01
2.800000000000000000e+01 5.500000000000000000e+01
2.900000000000000000e+01 2.400000000000000000e+01
3.000000000000000000e+01 8.000000000000000000e+00
3.300000000000000000e+01 4.000000000000000000e+00
3.400000000000000000e+01 2.000000000000000000e+00
3.100000000000000000e+01 1.000000000000000000e+00
3.200000000000000000e+01 1.000000000000000000e+00

1.000000000000000000e+00 2.643057000000000000e+06
1.300000000000000000e+01 4.714000000000000000e+03
1.200000000000000000e+01 4.586000000000000000e+03
1.400000000000000000e+01 4.427000000000000000e+03
1.100000000000000000e+01 4.276000000000000000e+03
1.500000000000000000e+01 4.139000000000000000e+03
1.000000000000000000e+01 3.615000000000000000e+03
1.600000000000000000e+01 3.444000000000000000e+03
9.000000000000000000e+00 3.022000000000000000e+03
1.700000000000000000e+01 2.907000000000000000e+03
8.000000000000000000e+00 2.396000000000000000e+03
1.800000000000000000e+01 2.331000000000000000e+03
1.900000000000000000e+01 1.724000000000000000e+03
7.000000000000000000e+00 1.637000000000000000e+03
2.000000000000000000e+01 1.308000000000000000e+03
6.000000000000000000e+00 1.089000000000000000e+03
2.100000000000000000e+01 8.760000000000000000e+02
5.000000000000000000e+00 7.360000000000000000e+02
2.200000000000000000e+01 5.950000000000000000e+02
4.000000000000000000e+00 4.680000000000000000e+02
2.000000000000000000e+00 4.070000000000000000e+02
2.300000000000000000e+01 4.030000000000000000e+02
3.000000000000000000e+00 3.050000000000000000e+02
2.400000000000000000e+01 2.660000000000000000e+02
2.500000000000000000e+01 1.440000000000000000e+02
2.600000000000000000e+01 8.400000000000000000e+01
2.700000000000000000e+01 5.600000000000000000e+01
2.800000000000000000e+01 3.400000000000000000e+01
2.900000000000000000e+01 1.700000000000000000e+01
3.100000000000000000e+01 7.000000000000000000e+00
3.000000000000000000e+01 6.000000000000000000e+00
3.400000000000000000e+01 1.000000000000000000e+00
3.200000000000000000e+01 1.000000000000000000e+00

1.000000000000000000e+00 2.676631000000000000e+06
1.200000000000000000e+01 4.588000000000000000e+03
1.300000000000000000e+01 4.481000000000000000e+03
1.100000000000000000e+01 4.468000000000000000e+03
1.400000000000000000e+01 4.336000000000000000e+03
1.000000000000000000e+01 3.908000000000000000e+03
1.500000000000000000e+01 3.712000000000000000e+03
9.000000000000000000e+00 3.448000000000000000e+03
1.600000000000000000e+01 3.176000000000000000e+03
8.000000000000000000e+00 2.802000000000000000e+03
1.700000000000000000e+01 2.432000000000000000e+03
7.000000000000000000e+00 2.089000000000000000e+03
1.800000000000000000e+01 1.990000000000000000e+03
6.000000000000000000e+00 1.555000000000000000e+03
1.900000000000000000e+01 1.393000000000000000e+03
5.000000000000000000e+00 9.860000000000000000e+02
2.000000000000000000e+01 9.640000000000000000e+02
2.100000000000000000e+01 7.070000000000000000e+02
4.000000000000000000e+00 6.290000000000000000e+02
2.000000000000000000e+00 6.000000000000000000e+02
3.000000000000000000e+00 4.770000000000000000e+02
2.200000000000000000e+01 4.680000000000000000e+02
2.300000000000000000e+01 3.010000000000000000e+02
2.400000000000000000e+01 1.910000000000000000e+02
2.500000000000000000e+01 1.350000000000000000e+02
2.600000000000000000e+01 6.500000000000000000e+01
2.700000000000000000e+01 4.500000000000000000e+01
2.800000000000000000e+01 2.300000000000000000e+01
2.900000000000000000e+01 8.000000000000000000e+00
3.100000000000000000e+01 5.000000000000000000e+00
3.000000000000000000e+01 4.000000000000000000e+00
3.200000000000000000e+01 3.000000000000000000e+00
3.300000000000000000e+01 2.000000000000000000e+00

1.000000000000000000e+00 2.716040000000000000e+06
1.100000000000000000e+01 4.529000000000000000e+03
1.200000000000000000e+01 4.483000000000000000e+03
1.000000000000000000e+01 4.320000000000000000e+03
1.300000000000000000e+01 4.247000000000000000e+03
9.000000000000000000e+00 3.915000000000000000e+03
1.400000000000000000e+01 3.817000000000000000e+03
8.000000000000000000e+00 3.319000000000000000e+03
1.500000000000000000e+01 3.203000000000000000e+03
1.600000000000000000e+01 2.659000000000000000e+03
7.000000000000000000e+00 2.649000000000000000e+03
1.700000000000000000e+01 2.107000000000000000e+03
6.000000000000000000e+00 1.970000000000000000e+03
1.800000000000000000e+01 1.614000000000000000e+03
5.000000000000000000e+00 1.393000000000000000e+03
1.900000000000000000e+01 1.109000000000000000e+03
4.000000000000000000e+00 9.830000000000000000e+02
2.000000000000000000e+00 8.180000000000000000e+02
2.000000000000000000e+01 7.780000000000000000e+02
3.000000000000000000e+00 6.780000000000000000e+02
2.100000000000000000e+01 5.390000000000000000e+02
2.200000000000000000e+01 3.160000000000000000e+02
2.300000000000000000e+01 1.950000000000000000e+02
2.400000000000000000e+01 1.110000000000000000e+02
2.500000000000000000e+01 8.600000000000000000e+01
2.600000000000000000e+01 3.500000000000000000e+01
2.700000000000000000e+01 1.900000000000000000e+01
2.800000000000000000e+01 1.000000000000000000e+01
3.000000000000000000e+01 7.000000000000000000e+00
2.900000000000000000e+01 6.000000000000000000e+00
3.100000000000000000e+01 1.000000000000000000e+00

1.000000000000000000e+00 2.756415000000000000e+06
1.000000000000000000e+01 4.603000000000000000e+03
1.100000000000000000e+01 4.477000000000000000e+03
1.200000000000000000e+01 4.361000000000000000e+03
9.000000000000000000e+00 4.156000000000000000e+03
1.300000000000000000e+01 4.010000000000000000e+03
8.000000000000000000e+00 3.762000000000000000e+03
1.400000000000000000e+01 3.491000000000000000e+03
7.000000000000000000e+00 3.088000000000000000e+03
1.500000000000000000e+01 2.792000000000000000e+03
6.000000000000000000e+00 2.490000000000000000e+03
1.600000000000000000e+01 2.260000000000000000e+03
5.000000000000000000e+00 1.783000000000000000e+03
1.700000000000000000e+01 1.660000000000000000e+03
4.000000000000000000e+00 1.310000000000000000e+03
1.800000000000000000e+01 1.184000000000000000e+03
2.000000000000000000e+00 1.131000000000000000e+03
3.000000000000000000e+00 9.860000000000000000e+02
1.900000000000000000e+01 8.040000000000000000e+02
2.000000000000000000e+01 5.230000000000000000e+02
2.100000000000000000e+01 3.530000000000000000e+02
2.200000000000000000e+01 2.040000000000000000e+02
2.300000000000000000e+01 1.100000000000000000e+02
2.400000000000000000e+01 8.200000000000000000e+01
2.500000000000000000e+01 3.000000000000000000e+01
2.600000000000000000e+01 1.700000000000000000e+01
2.700000000000000000e+01 1.200000000000000000e+01
2.900000000000000000e+01 5.000000000000000000e+00
2.800000000000000000e+01 4.000000000000000000e+00
3.100000000000000000e+01 1.000000000000000000e+00
3.000000000000000000e+01 1.000000000000000000e+00

1.000000000000000000e+00 2.802837000000000000e+06
1.000000000000000000e+01 4.682000000000000000e+03
9.000000000000000000e+00 4.518000000000000000e+03
1.100000000000000000e+01 4.347000000000000000e+03
8.000000000000000000e+00 4.145000000000000000e+03
1.200000000000000000e+01 3.980000000000000000e+03
7.000000000000000000e+00 3.686000000000000000e+03
1.300000000000000000e+01 3.428000000000000000e+03
6.000000000000000000e+00 3.092000000000000000e+03
1.400000000000000000e+01 2.819000000000000000e+03
5.000000000000000000e+00 2.382000000000000000e+03
1.500000000000000000e+01 2.298000000000000000e+03
4.000000000000000000e+00 1.853000000000000000e+03
1.600000000000000000e+01 1.694000000000000000e+03
2.000000000000000000e+00 1.645000000000000000e+03
3.000000000000000000e+00 1.448000000000000000e+03
1.700000000000000000e+01 1.157000000000000000e+03
1.800000000000000000e+01 8.450000000000000000e+02
1.900000000000000000e+01 5.480000000000000000e+02
2.000000000000000000e+01 3.790000000000000000e+02
2.100000000000000000e+01 2.190000000000000000e+02
2.200000000000000000e+01 1.440000000000000000e+02
2.300000000000000000e+01 7.000000000000000000e+01
2.400000000000000000e+01 4.100000000000000000e+01
2.500000000000000000e+01 1.600000000000000000e+01
2.600000000000000000e+01 1.100000000000000000e+01
2.800000000000000000e+01 2.000000000000000000e+00
2.900000000000000000e+01 1.000000000000000000e+00
2.700000000000000000e+01 1.000000000000000000e+00

1.000000000000000000e+00 2.850627000000000000e+06
9.000000000000000000e+00 4.727000000000000000e+03
1.000000000000000000e+01 4.525000000000000000e+03
8.000000000000000000e+00 4.453000000000000000e+03
7.000000000000000000e+00 4.159000000000000000e+03
1.100000000000000000e+01 4.051000000000000000e+03
6.000000000000000000e+00 3.681000000000000000e+03
1.200000000000000000e+01 3.425000000000000000e+03
5.000000000000000000e+00 2.993000000000000000e+03
1.300000000000000000e+01 2.904000000000000000e+03
2.000000000000000000e+00 2.373000000000000000e+03
4.000000000000000000e+00 2.367000000000000000e+03
1.400000000000000000e+01 2.273000000000000000e+03
3.000000000000000000e+00 1.940000000000000000e+03
1.500000000000000000e+01 1.614000000000000000e+03
1.600000000000000000e+01 1.264000000000000000e+03
1.700000000000000000e+01 8.460000000000000000e+02
1.800000000000000000e+01 5.540000000000000000e+02
1.900000000000000000e+01 3.550000000000000000e+02
2.000000000000000000e+01 1.970000000000000000e+02
2.100000000000000000e+01 1.170000000000000000e+02
2.200000000000000000e+01 5.900000000000000000e+01
2.300000000000000000e+01 2.700000000000000000e+01
2.400000000000000000e+01 1.500000000000000000e+01
2.600000000000000000e+01 7.000000000000000000e+00
2.500000000000000000e+01 3.000000000000000000e+00
2.900000000000000000e+01 1.000000000000000000e+00
2.800000000000000000e+01 1.000000000000000000e+00

1.000000000000000000e+00 2.900878000000000000e+06
8.000000000000000000e+00 4.707000000000000000e+03
9.000000000000000000e+00 4.506000000000000000e+03
7.000000000000000000e+00 4.435000000000000000e+03
1.000000000000000000e+01 4.113000000000000000e+03
6.000000000000000000e+00 4.011000000000000000e+03
5.000000000000000000e+00 3.684000000000000000e+03
1.100000000000000000e+01 3.480000000000000000e+03
2.000000000000000000e+00 3.146000000000000000e+03
4.000000000000000000e+00 3.064000000000000000e+03
1.200000000000000000e+01 2.923000000000000000e+03
3.000000000000000000e+00 2.691000000000000000e+03
1.300000000000000000e+01 2.259000000000000000e+03
1.400000000000000000e+01 1.735000000000000000e+03
1.500000000000000000e+01 1.217000000000000000e+03
1.600000000000000000e+01 7.830000000000000000e+02
1.700000000000000000e+01 4.970000000000000000e+02
1.800000000000000000e+01 3.010000000000000000e+02
1.900000000000000000e+01 1.710000000000000000e+02
2.000000000000000000e+01 1.100000000000000000e+02
2.100000000000000000e+01 6.100000000000000000e+01
2.200000000000000000e+01 2.900000000000000000e+01
2.300000000000000000e+01 1.100000000000000000e+01
2.400000000000000000e+01 7.000000000000000000e+00
2.500000000000000000e+01 4.000000000000000000e+00
2.600000000000000000e+01 3.000000000000000000e+00

1.000000000000000000e+00 2.955657000000000000e+06
7.000000000000000000e+00 4.716000000000000000e+03
6.000000000000000000e+00 4.570000000000000000e+03
8.000000000000000000e+00 4.387000000000000000e+03
5.000000000000000000e+00 4.335000000000000000e+03
2.000000000000000000e+00 4.234000000000000000e+03
9.000000000000000000e+00 4.044000000000000000e+03
4.000000000000000000e+00 3.767000000000000000e+03
3.000000000000000000e+00 3.523000000000000000e+03
1.000000000000000000e+01 3.406000000000000000e+03
1.100000000000000000e+01 2.802000000000000000e+03
1.200000000000000000e+01 2.246000000000000000e+03
1.300000000000000000e+01 1.578000000000000000e+03
1.400000000000000000e+01 1.075000000000000000e+03
1.500000000000000000e+01 7.350000000000000000e+02
1.600000000000000000e+01 4.650000000000000000e+02
1.700000000000000000e+01 2.950000000000000000e+02
1.800000000000000000e+01 1.490000000000000000e+02
1.900000000000000000e+01 8.200000000000000000e+01
2.000000000000000000e+01 3.800000000000000000e+01
2.100000000000000000e+01 1.900000000000000000e+01
2.300000000000000000e+01 8.000000000000000000e+00
2.200000000000000000e+01 7.000000000000000000e+00
2.400000000000000000e+01 1.000000000000000000e+00

1.000000000000000000e+00 3.008456000000000000e+06
2.000000000000000000e+00 5.390000000000000000e+03
5.000000000000000000e+00 4.791000000000000000e+03
6.000000000000000000e+00 4.776000000000000000e+03
3.000000000000000000e+00 4.506000000000000000e+03
4.000000000000000000e+00 4.468000000000000000e+03
7.000000000000000000e+00 4.433000000000000000e+03
8.000000000000000000e+00 4.071000000000000000e+03
9.000000000000000000e+00 3.345000000000000000e+03
1.000000000000000000e+01 2.770000000000000000e+03
1.100000000000000000e+01 2.043000000000000000e+03
1.200000000000000000e+01 1.445000000000000000e+03
1.300000000000000000e+01 9.610000000000000000e+02
1.400000000000000000e+01 6.430000000000000000e+02
1.500000000000000000e+01 4.220000000000000000e+02
1.600000000000000000e+01 2.190000000000000000e+02
1.700000000000000000e+01 1.300000000000000000e+02
1.800000000000000000e+01 5.500000000000000000e+01
1.900000000000000000e+01 2.900000000000000000e+01
2.000000000000000000e+01 1.900000000000000000e+01
2.200000000000000000e+01 2.000000000000000000e+00
2.100000000000000000e+01 2.000000000000000000e+00

1.000000000000000000e+00 3.054009000000000000e+06
2.000000000000000000e+00 6.388000000000000000e+03
4.000000000000000000e+00 5.222000000000000000e+03
3.000000000000000000e+00 5.152000000000000000e+03
5.000000000000000000e+00 5.064000000000000000e+03
6.000000000000000000e+00 4.666000000000000000e+03
7.000000000000000000e+00 4.047000000000000000e+03
8.000000000000000000e+00 3.394000000000000000e+03
9.000000000000000000e+00 2.630000000000000000e+03
1.000000000000000000e+01 1.944000000000000000e+03
1.100000000000000000e+01 1.392000000000000000e+03
1.200000000000000000e+01 9.000000000000000000e+02
1.300000000000000000e+01 5.780000000000000000e+02
1.400000000000000000e+01 3.690000000000000000e+02
1.500000000000000000e+01 1.830000000000000000e+02
1.600000000000000000e+01 1.190000000000000000e+02
1.700000000000000000e+01 3.800000000000000000e+01
1.800000000000000000e+01 2.800000000000000000e+01
1.900000000000000000e+01 1.200000000000000000e+01
2.100000000000000000e+01 5.000000000000000000e+00
2.000000000000000000e+01 2.000000000000000000e+00

1.000000000000000000e+00 3.094984000000000000e+06
2.000000000000000000e+00 7.753000000000000000e+03
3.000000000000000000e+00 5.791000000000000000e+03
4.000000000000000000e+00 5.460000000000000000e+03
5.000000000000000000e+00 5.049000000000000000e+03
6.000000000000000000e+00 4.295000000000000000e+03
7.000000000000000000e+00 3.481000000000000000e+03
8.000000000000000000e+00 2.648000000000000000e+03
9.000000000000000000e+00 1.825000000000000000e+03
1.000000000000000000e+01 1.352000000000000000e+03
1.100000000000000000e+01 8.160000000000000000e+02
1.200000000000000000e+01 5.180000000000000000e+02
1.300000000000000000e+01 2.980000000000000000e+02
1.400000000000000000e+01 1.650000000000000000e+02
1.500000000000000000e+01 8.500000000000000000e+01
1.600000000000000000e+01 3.700000000000000000e+01
1.700000000000000000e+01 2.000000000000000000e+01
1.800000000000000000e+01 8.000000000000000000e+00
2.000000000000000000e+01 2.000000000000000000e+00
1.900000000000000000e+01 1.000000000000000000e+00

1.000000000000000000e+00 3.124111000000000000e+06
2.000000000000000000e+00 8.374000000000000000e+03
3.000000000000000000e+00 6.340000000000000000e+03
4.000000000000000000e+00 5.565000000000000000e+03
5.000000000000000000e+00 4.891000000000000000e+03
6.000000000000000000e+00 3.902000000000000000e+03
7.000000000000000000e+00 2.919000000000000000e+03
8.000000000000000000e+00 2.042000000000000000e+03
9.000000000000000000e+00 1.361000000000000000e+03
1.000000000000000000e+01 8.440000000000000000e+02
1.100000000000000000e+01 4.920000000000000000e+02
1.200000000000000000e+01 2.760000000000000000e+02
1.300000000000000000e+01 1.500000000000000000e+02
1.400000000000000000e+01 6.800000000000000000e+01
1.500000000000000000e+01 3.800000000000000000e+01
1.600000000000000000e+01 1.700000000000000000e+01
1.700000000000000000e+01 4.000000000000000000e+00

1.000000000000000000e+00 3.149341000000000000e+06
2.000000000000000000e+00 9.117000000000000000e+03
3.000000000000000000e+00 6.672000000000000000e+03
4.000000000000000000e+00 5.584000000000000000e+03
5.000000000000000000e+00 4.533000000000000000e+03
6.000000000000000000e+00 3.477000000000000000e+03
7.000000000000000000e+00 2.237000000000000000e+03
8.000000000000000000e+00 1.480000000000000000e+03
9.000000000000000000e+00 8.760000000000000000e+02
1.000000000000000000e+01 4.910000000000000000e+02
1.100000000000000000e+01 2.580000000000000000e+02
1.200000000000000000e+01 1.470000000000000000e+02
1.300000000000000000e+01 7.300000000000000000e+01
1.400000000000000000e+01 2.900000000000000000e+01
1.500000000000000000e+01 1.100000000000000000e+01
1.600000000000000000e+01 5.000000000000000000e+00
1.700000000000000000e+01 3.000000000000000000e+00

1.000000000000000000e+00 3.166606000000000000e+06
2.000000000000000000e+00 9.701000000000000000e+03
3.000000000000000000e+00 6.855000000000000000e+03
4.000000000000000000e+00 5.485000000000000000e+03
5.000000000000000000e+00 4.183000000000000000e+03
6.000000000000000000e+00 2.937000000000000000e+03
7.000000000000000000e+00 1.839000000000000000e+03
8.000000000000000000e+00 1.107000000000000000e+03
9.000000000000000000e+00 5.900000000000000000e+02
1.000000000000000000e+01 3.070000000000000000e+02
1.100000000000000000e+01 1.500000000000000000e+02
1.200000000000000000e+01 5.500000000000000000e+01
1.300000000000000000e+01 2.300000000000000000e+01
1.400000000000000000e+01 1.000000000000000000e+01
1.500000000000000000e+01 4.000000000000000000e+00
1.600000000000000000e+01 2.000000000000000000e+00

1.000000000000000000e+00 3.184938000000000000e+06
2.000000000000000000e+00 1.004300000000000000e+04
3.000000000000000000e+00 6.989000000000000000e+03
4.000000000000000000e+00 5.239000000000000000e+03
5.000000000000000000e+00 3.721000000000000000e+03
6.000000000000000000e+00 2.329000000000000000e+03
7.000000000000000000e+00 1.353000000000000000e+03
8.000000000000000000e+00 6.430000000000000000e+02
9.000000000000000000e+00 3.390000000000000000e+02
1.000000000000000000e+01 1.700000000000000000e+02
1.100000000000000000e+01 5.800000000000000000e+01
1.200000000000000000e+01 1.800000000000000000e+01
1.300000000000000000e+01 1.300000000000000000e+01
1.400000000000000000e+01 5.000000000000000000e+00
1.500000000000000000e+01 1.000000000000000000e+00

1.000000000000000000e+00 3.198967000000000000e+06
2.000000000000000000e+00 1.058700000000000000e+04
3.000000000000000000e+00 6.783000000000000000e+03
4.000000000000000000e+00 4.824000000000000000e+03
5.000000000000000000e+00 3.265000000000000000e+03
6.000000000000000000e+00 1.765000000000000000e+03
7.000000000000000000e+00 9.400000000000000000e+02
8.000000000000000000e+00 4.620000000000000000e+02
9.000000000000000000e+00 2.000000000000000000e+02
1.000000000000000000e+01 7.000000000000000000e+01
1.100000000000000000e+01 2.800000000000000000e+01
1.200000000000000000e+01 9.000000000000000000e+00
1.300000000000000000e+01 6.000000000000000000e+00
1.400000000000000000e+01 1.000000000000000000e+00
1.500000000000000000e+01 1.000000000000000000e+00

1.000000000000000000e+00 3.212056000000000000e+06
2.000000000000000000e+00 1.087600000000000000e+04
3.000000000000000000e+00 6.612000000000000000e+03
4.000000000000000000e+00 4.347000000000000000e+03
5.000000000000000000e+00 2.648000000000000000e+03
6.000000000000000000e+00 1.361000000000000000e+03
7.000000000000000000e+00 5.800000000000000000e+02
8.000000000000000000e+00 2.560000000000000000e+02
9.000000000000000000e+00 9.200000000000000000e+01
1.000000000000000000e+01 4.100000000000000000e+01
1.100000000000000000e+01 1.300000000000000000e+01
1.200000000000000000e+01 5.000000000000000000e+00
1.300000000000000000e+01 1.000000000000000000e+00

1.000000000000000000e+00 3.226065000000000000e+06
2.000000000000000000e+00 1.085800000000000000e+04
3.000000000000000000e+00 6.165000000000000000e+03
4.000000000000000000e+00 3.597000000000000000e+03
5.000000000000000000e+00 1.938000000000000000e+03
6.000000000000000000e+00 8.850000000000000000e+02
7.000000000000000000e+00 3.470000000000000000e+02
8.000000000000000000e+00 1.540000000000000000e+02
9.000000000000000000e+00 4.500000000000000000e+01
1.000000000000000000e+01 1.900000000000000000e+01
1.100000000000000000e+01 5.000000000000000000e+00
1.300000000000000000e+01 1.000000000000000000e+00
1.200000000000000000e+01 1.000000000000000000e+00

1.000000000000000000e+00 3.234659000000000000e+06
2.000000000000000000e+00 1.083200000000000000e+04
3.000000000000000000e+00 5.662000000000000000e+03
4.000000000000000000e+00 3.113000000000000000e+03
5.000000000000000000e+00 1.561000000000000000e+03
6.000000000000000000e+00 6.230000000000000000e+02
7.000000000000000000e+00 2.530000000000000000e+02
8.000000000000000000e+00 7.000000000000000000e+01
9.000000000000000000e+00 2.600000000000000000e+01
1.000000000000000000e+01 1.200000000000000000e+01
1.100000000000000000e+01 1.000000000000000000e+00

1.000000000000000000e+00 3.240720000000000000e+06
2.000000000000000000e+00 1.047200000000000000e+04
3.000000000000000000e+00 5.414000000000000000e+03
4.000000000000000000e+00 2.854000000000000000e+03
5.000000000000000000e+00 1.173000000000000000e+03
6.000000000000000000e+00 4.770000000000000000e+02
7.000000000000000000e+00 1.850000000000000000e+02
8.000000000000000000e+00 5.100000000000000000e+01
9.000000000000000000e+00 2.200000000000000000e+01
1.000000000000000000e+01 5.000000000000000000e+00

1.000000000000000000e+00 2.495624000000000000e+06
1.500000000000000000e+01 5.256000000000000000e+03
1.600000000000000000e+01 5.252000000000000000e+03
1.400000000000000000e+01 4.890000000000000000e+03
1.700000000000000000e+01 4.876000000000000000e+03
1.800000000000000000e+01 4.259000000000000000e+03
1.300000000000000000e+01 4.122000000000000000e+03
1.900000000000000000e+01 3.630000000000000000e+03
1.200000000000000000e+01 2.941000000000000000e+03
2.000000000000000000e+01 2.785000000000000000e+03
1.100000000000000000e+01 2.290000000000000000e+03
2.100000000000000000e+01 2.136000000000000000e+03
2.200000000000000000e+01 1.457000000000000000e+03
1.000000000000000000e+01 1.445000000000000000e+03
2.300000000000000000e+01 1.059000000000000000e+03
9.000000000000000000e+00 8.950000000000000000e+02
2.400000000000000000e+01 6.860000000000000000e+02
8.000000000000000000e+00 4.730000000000000000e+02
2.500000000000000000e+01 4.280000000000000000e+02
2.600000000000000000e+01 2.640000000000000000e+02
7.000000000000000000e+00 2.300000000000000000e+02
2.700000000000000000e+01 1.730000000000000000e+02
6.000000000000000000e+00 1.100000000000000000e+02
2.800000000000000000e+01 8.500000000000000000e+01
2.000000000000000000e+00 7.000000000000000000e+01
2.900000000000000000e+01 4.400000000000000000e+01
5.000000000000000000e+00 4.400000000000000000e+01
3.000000000000000000e+00 3.600000000000000000e+01
4.000000000000000000e+00 3.100000000000000000e+01
3.000000000000000000e+01 2.100000000000000000e+01
3.100000000000000000e+01 1.700000000000000000e+01
3.200000000000000000e+01 1.200000000000000000e+01
3.300000000000000000e+01 8.000000000000000000e+00
3.400000000000000000e+01 3.000000000000000000e+00
3.600000000000000000e+01 2.000000000000000000e+00

1.000000000000000000e+00 2.504866000000000000e+06
1.600000000000000000e+01 4.966000000000000000e+03
1.500000000000000000e+01 4.965000000000000000e+03
1.700000000000000000e+01 4.740000000000000000e+03
1.400000000000000000e+01 4.719000000000000000e+03
1.800000000000000000e+01 4.128000000000000000e+03
1.300000000000000000e+01 4.103000000000000000e+03
1.900000000000000000e+01 3.371000000000000000e+03
1.200000000000000000e+01 3.250000000000000000e+03
2.000000000000000000e+01 2.786000000000000000e+03
1.100000000000000000e+01 2.458000000000000000e+03
2.100000000000000000e+01 1.981000000000000000e+03
1.000000000000000000e+01 1.713000000000000000e+03
2.200000000000000000e+01 1.482000000000000000e+03
9.000000000000000000e+00 1.066000000000000000e+03
2.300000000000000000e+01 1.060000000000000000e+03
2.400000000000000000e+01 6.980000000000000000e+02
8.000000000000000000e+00 5.970000000000000000e+02
2.500000000000000000e+01 4.390000000000000000e+02
7.000000000000000000e+00 3.360000000000000000e+02
2.600000000000000000e+01 2.890000000000000000e+02
6.000000000000000000e+00 2.000000000000000000e+02
2.700000000000000000e+01 1.420000000000000000e+02
2.800000000000000000e+01 1.100000000000000000e+02
2.000000000000000000e+00 9.300000000000000000e+01
5.000000000000000000e+00 9.000000000000000000e+01
4.000000000000000000e+00 6.800000000000000000e+01
2.900000000000000000e+01 6.000000000000000000e+01
3.000000000000000000e+00 3.800000000000000000e+01
3.000000000000000000e+01 3.600000000000000000e+01
3.100000000000000000e+01 2.800000000000000000e+01
3.200000000000000000e+01 9.000000000000000000e+00
3.300000000000000000e+01 4.000000000000000000e+00
3.500000000000000000e+01 2.000000000000000000e+00
4.200000000000000000e+01 1.000000000000000000e+00
3.400000000000000000e+01 1.000000000000000000e+00
3.900000000000000000e+01 1.000000000000000000e+00

1.000000000000000000e+00 2.514549000000000000e+06
1.500000000000000000e+01 4.793000000000000000e+03
1.600000000000000000e+01 4.773000000000000000e+03
1.400000000000000000e+01 4.565000000000000000e+03
1.700000000000000000e+01 4.549000000000000000e+03
1.300000000000000000e+01 4.066000000000000000e+03
1.800000000000000000e+01 3.902000000000000000e+03
1.200000000000000000e+01 3.471000000000000000e+03
1.900000000000000000e+01 3.163000000000000000e+03
1.100000000000000000e+01 2.695000000000000000e+03
2.000000000000000000e+01 2.591000000000000000e+03
2.100000000000000000e+01 1.922000000000000000e+03
1.000000000000000000e+01 1.918000000000000000e+03
2.200000000000000000e+01 1.355000000000000000e+03
9.000000000000000000e+00 1.325000000000000000e+03
2.300000000000000000e+01 1.023000000000000000e+03
8.000000000000000000e+00 8.000000000000000000e+02
2.400000000000000000e+01 7.240000000000000000e+02
2.500000000000000000e+01 4.970000000000000000e+02
7.000000000000000000e+00 4.610000000000000000e+02
2.600000000000000000e+01 3.000000000000000000e+02
6.000000000000000000e+00 2.640000000000000000e+02
2.700000000000000000e+01 2.040000000000000000e+02
5.000000000000000000e+00 1.390000000000000000e+02
2.800000000000000000e+01 1.230000000000000000e+02
2.000000000000000000e+00 9.900000000000000000e+01
4.000000000000000000e+00 7.600000000000000000e+01
2.900000000000000000e+01 7.200000000000000000e+01
3.000000000000000000e+01 4.500000000000000000e+01
3.000000000000000000e+00 4.300000000000000000e+01
3.100000000000000000e+01 2.900000000000000000e+01
3.200000000000000000e+01 1.800000000000000000e+01
3.500000000000000000e+01 8.000000000000000000e+00
3.300000000000000000e+01 6.000000000000000000e+00
3.400000000000000000e+01 6.000000000000000000e+00
3.700000000000000000e+01 2.000000000000000000e+00
3.600000000000000000e+01 2.000000000000000000e+00

1.000000000000000000e+00 2.530603000000000000e+06
1.500000000000000000e+01 4.638000000000000000e+03
1.400000000000000000e+01 4.570000000000000000e+03
1.600000000000000000e+01 4.426000000000000000e+03
1.300000000000000000e+01 4.157000000000000000e+03
1.700000000000000000e+01 3.996000000000000000e+03
1.200000000000000000e+01 3.569000000000000000e+03
1.800000000000000000e+01 3.568000000000000000e+03
1.900000000000000000e+01 3.050000000000000000e+03
1.100000000000000000e+01 2.965000000000000000e+03
2.000000000000000000e+01 2.368000000000000000e+03
1.000000000000000000e+01 2.219000000000000000e+03
2.100000000000000000e+01 1.843000000000000000e+03
9.000000000000000000e+00 1.554000000000000000e+03
2.200000000000000000e+01 1.387000000000000000e+03
8.000000000000000000e+00 1.034000000000000000e+03
2.300000000000000000e+01 9.490000000000000000e+02
2.400000000000000000e+01 6.850000000000000000e+02
7.000000000000000000e+00 6.610000000000000000e+02
2.500000000000000000e+01 5.080000000000000000e+02
6.000000000000000000e+00 3.740000000000000000e+02
2.600000000000000000e+01 3.340000000000000000e+02
5.000000000000000000e+00 2.320000000000000000e+02
2.700000000000000000e+01 1.950000000000000000e+02
2.000000000000000000e+00 1.860000000000000000e+02
4.000000000000000000e+00 1.440000000000000000e+02
3.000000000000000000e+00 1.280000000000000000e+02
2.800000000000000000e+01 1.240000000000000000e+02
2.900000000000000000e+01 8.400000000000000000e+01
3.000000000000000000e+01 5.100000000000000000e+01
3.100000000000000000e+01 3.300000000000000000e+01
3.200000000000000000e+01 2.200000000000000000e+01
3.300000000000000000e+01 8.000000000000000000e+00
3.400000000000000000e+01 7.000000000000000000e+00
3.500000000000000000e+01 5.000000000000000000e+00
3.600000000000000000e+01 4.000000000000000000e+00
3.700000000000000000e+01 2.000000000000000000e+00
3.900000000000000000e+01 1.000000000000000000e+00
3.800000000000000000e+01 1.000000000000000000e+00

1.000000000000000000e+00 2.551617000000000000e+06
1.400000000000000000e+01 4.464000000000000000e+03
1.500000000000000000e+01 4.392000000000000000e+03
1.600000000000000000e+01 4.133000000000000000e+03
1.300000000000000000e+01 4.013000000000000000e+03
1.200000000000000000e+01 3.735000000000000000e+03
1.700000000000000000e+01 3.676000000000000000e+03
1.800000000000000000e+01 3.276000000000000000e+03
1.100000000000000000e+01 3.091000000000000000e+03
1.900000000000000000e+01 2.838000000000000000e+03
1.000000000000000000e+01 2.529000000000000000e+03
2.000000000000000000e+01 2.196000000000000000e+03
9.000000000000000000e+00 1.919000000000000000e+03
2.100000000000000000e+01 1.695000000000000000e+03
2.200000000000000000e+01 1.301000000000000000e+03
8.000000000000000000e+00 1.292000000000000000e+03
7.000000000000000000e+00 9.080000000000000000e+02
2.300000000000000000e+01 8.580000000000000000e+02
2.400000000000000000e+01 6.690000000000000000e+02
6.000000000000000000e+00 6.050000000000000000e+02
2.500000000000000000e+01 4.340000000000000000e+02
5.000000000000000000e+00 3.590000000000000000e+02
2.000000000000000000e+00 3.070000000000000000e+02
2.600000000000000000e+01 3.050000000000000000e+02
4.000000000000000000e+00 2.480000000000000000e+02
2.700000000000000000e+01 2.290000000000000000e+02
3.000000000000000000e+00 2.190000000000000000e+02
2.800000000000000000e+01 1.160000000000000000e+02
2.900000000000000000e+01 1.080000000000000000e+02
3.000000000000000000e+01 6.600000000000000000e+01
3.200000000000000000e+01 3.200000000000000000e+01
3.100000000000000000e+01 3.200000000000000000e+01
3.300000000000000000e+01 1.400000000000000000e+01
3.400000000000000000e+01 1.000000000000000000e+01
3.500000000000000000e+01 8.000000000000000000e+00
3.600000000000000000e+01 4.000000000000000000e+00
3.700000000000000000e+01 2.000000000000000000e+00

1.000000000000000000e+00 2.573699000000000000e+06
1.400000000000000000e+01 4.159000000000000000e+03
1.300000000000000000e+01 4.015000000000000000e+03
1.500000000000000000e+01 3.881000000000000000e+03
1.600000000000000000e+01 3.844000000000000000e+03
1.200000000000000000e+01 3.749000000000000000e+03
1.700000000000000000e+01 3.407000000000000000e+03
1.100000000000000000e+01 3.259000000000000000e+03
1.800000000000000000e+01 2.965000000000000000e+03
1.000000000000000000e+01 2.699000000000000000e+03
1.900000000000000000e+01 2.442000000000000000e+03
9.000000000000000000e+00 2.357000000000000000e+03
2.000000000000000000e+01 1.963000000000000000e+03
8.000000000000000000e+00 1.715000000000000000e+03
2.100000000000000000e+01 1.590000000000000000e+03
2.200000000000000000e+01 1.237000000000000000e+03
7.000000000000000000e+00 1.199000000000000000e+03
2.300000000000000000e+01 9.000000000000000000e+02
6.000000000000000000e+00 8.290000000000000000e+02
2.400000000000000000e+01 6.680000000000000000e+02
5.000000000000000000e+00 5.530000000000000000e+02
2.000000000000000000e+00 4.650000000000000000e+02
2.500000000000000000e+01 4.500000000000000000e+02
4.000000000000000000e+00 4.140000000000000000e+02
3.000000000000000000e+00 3.250000000000000000e+02
2.600000000000000000e+01 3.250000000000000000e+02
2.700000000000000000e+01 2.370000000000000000e+02
2.800000000000000000e+01 1.600000000000000000e+02
2.900000000000000000e+01 1.220000000000000000e+02
3.000000000000000000e+01 6.300000000000000000e+01
3.200000000000000000e+01 3.400000000000000000e+01
3.100000000000000000e+01 3.400000000000000000e+01
3.300000000000000000e+01 1.300000000000000000e+01
3.400000000000000000e+01 8.000000000000000000e+00
3.500000000000000000e+01 7.000000000000000000e+00
3.600000000000000000e+01 5.000000000000000000e+00
3.700000000000000000e+01 2.000000000000000000e+00
3.800000000000000000e+01 2.000000000000000000e+00

1.000000000000000000e+00 2.604234000000000000e+06
1.300000000000000000e+01 3.944000000000000000e+03
1.400000000000000000e+01 3.892000000000000000e+03
1.500000000000000000e+01 3.780000000000000000e+03
1.200000000000000000e+01 3.718000000000000000e+03
1.100000000000000000e+01 3.464000000000000000e+03
1.600000000000000000e+01 3.415000000000000000e+03
1.000000000000000000e+01 3.011000000000000000e+03
1.700000000000000000e+01 2.992000000000000000e+03
1.800000000000000000e+01 2.640000000000000000e+03
9.000000000000000000e+00 2.574000000000000000e+03
1.900000000000000000e+01 2.209000000000000000e+03
8.000000000000000000e+00 1.991000000000000000e+03
2.000000000000000000e+01 1.803000000000000000e+03
7.000000000000000000e+00 1.498000000000000000e+03
2.100000000000000000e+01 1.389000000000000000e+03
6.000000000000000000e+00 1.151000000000000000e+03
2.200000000000000000e+01 1.097000000000000000e+03
5.000000000000000000e+00 8.630000000000000000e+02
2.300000000000000000e+01 8.350000000000000000e+02
2.000000000000000000e+00 7.100000000000000000e+02
2.400000000000000000e+01 6.050000000000000000e+02
4.000000000000000000e+00 6.030000000000000000e+02
3.000000000000000000e+00 4.920000000000000000e+02
2.500000000000000000e+01 4.500000000000000000e+02
2.600000000000000000e+01 2.970000000000000000e+02
2.700000000000000000e+01 2.240000000000000000e+02
2.800000000000000000e+01 1.510000000000000000e+02
2.900000000000000000e+01 7.900000000000000000e+01
3.000000000000000000e+01 5.200000000000000000e+01
3.100000000000000000e+01 4.600000000000000000e+01
3.200000000000000000e+01 2.300000000000000000e+01
3.300000000000000000e+01 1.400000000000000000e+01
3.400000000000000000e+01 7.000000000000000000e+00
3.500000000000000000e+01 4.000000000000000000e+00
3.600000000000000000e+01 3.000000000000000000e+00
3.700000000000000000e+01 1.000000000000000000e+00
3.800000000000000000e+01 1.000000000000000000e+00

1.000000000000000000e+00 2.640825000000000000e+06
1.300000000000000000e+01 3.748000000000000000e+03
1.200000000000000000e+01 3.737000000000000000e+03
1.100000000000000000e+01 3.710000000000000000e+03
1.400000000000000000e+01 3.663000000000000000e+03
1.500000000000000000e+01 3.372000000000000000e+03
1.000000000000000000e+01 3.296000000000000000e+03
1.600000000000000000e+01 3.082000000000000000e+03
9.000000000000000000e+00 2.872000000000000000e+03
1.700000000000000000e+01 2.678000000000000000e+03
1.800000000000000000e+01 2.337000000000000000e+03
8.000000000000000000e+00 2.298000000000000000e+03
1.900000000000000000e+01 1.950000000000000000e+03
7.000000000000000000e+00 1.945000000000000000e+03
2.000000000000000000e+01 1.550000000000000000e+03
6.000000000000000000e+00 1.441000000000000000e+03
2.100000000000000000e+01 1.243000000000000000e+03
5.000000000000000000e+00 1.101000000000000000e+03
2.000000000000000000e+00 1.045000000000000000e+03
2.200000000000000000e+01 9.130000000000000000e+02
4.000000000000000000e+00 8.280000000000000000e+02
3.000000000000000000e+00 7.470000000000000000e+02
2.300000000000000000e+01 6.840000000000000000e+02
2.400000000000000000e+01 5.310000000000000000e+02
2.500000000000000000e+01 3.960000000000000000e+02
2.600000000000000000e+01 2.610000000000000000e+02
2.700000000000000000e+01 1.660000000000000000e+02
2.800000000000000000e+01 1.260000000000000000e+02
2.900000000000000000e+01 7.400000000000000000e+01
3.000000000000000000e+01 6.200000000000000000e+01
3.100000000000000000e+01 2.700000000000000000e+01
3.200000000000000000e+01 1.800000000000000000e+01
3.300000000000000000e+01 1.300000000000000000e+01
3.400000000000000000e+01 4.000000000000000000e+00
3.500000000000000000e+01 1.000000000000000000e+00

1.000000000000000000e+00 2.680191000000000000e+06
1.100000000000000000e+01 3.611000000000000000e+03
1.300000000000000000e+01 3.608000000000000000e+03
1.200000000000000000e+01 3.546000000000000000e+03
1.000000000000000000e+01 3.469000000000000000e+03
1.400000000000000000e+01 3.442000000000000000e+03
9.000000000000000000e+00 3.072000000000000000e+03
1.500000000000000000e+01 3.065000000000000000e+03
1.600000000000000000e+01 2.757000000000000000e+03
8.000000000000000000e+00 2.701000000000000000e+03
1.700000000000000000e+01 2.360000000000000000e+03
7.000000000000000000e+00 2.318000000000000000e+03
1.800000000000000000e+01 2.003000000000000000e+03
6.000000000000000000e+00 1.777000000000000000e+03
1.900000000000000000e+01 1.645000000000000000e+03
5.000000000000000000e+00 1.465000000000000000e+03
2.000000000000000000e+00 1.447000000000000000e+03
2.000000000000000000e+01 1.423000000000000000e+03
4.000000000000000000e+00 1.187000000000000000e+03
2.100000000000000000e+01 1.052000000000000000e+03
3.000000000000000000e+00 1.045000000000000000e+03
2.200000000000000000e+01 8.240000000000000000e+02
2.300000000000000000e+01 5.640000000000000000e+02
2.400000000000000000e+01 4.350000000000000000e+02
2.500000000000000000e+01 2.990000000000000000e+02
2.600000000000000000e+01 2.200000000000000000e+02
2.700000000000000000e+01 1.370000000000000000e+02
2.800000000000000000e+01 9.700000000000000000e+01
2.900000000000000000e+01 6.300000000000000000e+01
3.000000000000000000e+01 4.300000000000000000e+01
3.100000000000000000e+01 2.100000000000000000e+01
3.200000000000000000e+01 1.000000000000000000e+01
3.300000000000000000e+01 4.000000000000000000e+00
3.400000000000000000e+01 1.000000000000000000e+00
3.600000000000000000e+01 1.000000000000000000e+00

1.000000000000000000e+00 2.730215000000000000e+06
1.100000000000000000e+01 3.524000000000000000e+03
1.000000000000000000e+01 3.411000000000000000e+03
1.200000000000000000e+01 3.396000000000000000e+03
1.300000000000000000e+01 3.181000000000000000e+03
9.000000000000000000e+00 3.173000000000000000e+03
1.400000000000000000e+01 3.077000000000000000e+03
8.000000000000000000e+00 3.010000000000000000e+03
1.500000000000000000e+01 2.749000000000000000e+03
7.000000000000000000e+00 2.679000000000000000e+03
1.600000000000000000e+01 2.380000000000000000e+03
6.000000000000000000e+00 2.291000000000000000e+03
2.000000000000000000e+00 2.145000000000000000e+03
1.700000000000000000e+01 2.038000000000000000e+03
5.000000000000000000e+00 1.908000000000000000e+03
1.800000000000000000e+01 1.735000000000000000e+03
4.000000000000000000e+00 1.681000000000000000e+03
3.000000000000000000e+00 1.587000000000000000e+03
1.900000000000000000e+01 1.353000000000000000e+03
2.000000000000000000e+01 1.048000000000000000e+03
2.100000000000000000e+01 8.870000000000000000e+02
2.200000000000000000e+01 6.700000000000000000e+02
2.300000000000000000e+01 4.660000000000000000e+02
2.400000000000000000e+01 3.440000000000000000e+02
2.500000000000000000e+01 2.790000000000000000e+02
2.600000000000000000e+01 1.380000000000000000e+02
2.700000000000000000e+01 1.170000000000000000e+02
2.800000000000000000e+01 5.500000000000000000e+01
2.900000000000000000e+01 3.100000000000000000e+01
3.000000000000000000e+01 1.800000000000000000e+01
3.100000000000000000e+01 9.000000000000000000e+00
3.200000000000000000e+01 2.000000000000000000e+00
3.400000000000000000e+01 1.000000000000000000e+00

1.000000000000000000e+00 2.792945000000000000e+06
1.000000000000000000e+01 3.328000000000000000e+03
9.000000000000000000e+00 3.297000000000000000e+03
2.000000000000000000e+00 3.264000000000000000e+03
8.000000000000000000e+00 3.219000000000000000e+03
1.100000000000000000e+01 3.215000000000000000e+03
1.200000000000000000e+01 3.045000000000000000e+03
7.000000000000000000e+00 3.036000000000000000e+03
1.300000000000000000e+01 2.893000000000000000e+03
6.000000000000000000e+00 2.757000000000000000e+03
1.400000000000000000e+01 2.536000000000000000e+03
5.000000000000000000e+00 2.497000000000000000e+03
1.500000000000000000e+01 2.276000000000000000e+03
3.000000000000000000e+00 2.244000000000000000e+03
4.000000000000000000e+00 2.194000000000000000e+03
1.600000000000000000e+01 1.897000000000000000e+03
1.700000000000000000e+01 1.616000000000000000e+03
1.800000000000000000e+01 1.304000000000000000e+03
1.900000000000000000e+01 1.058000000000000000e+03
2.000000000000000000e+01 8.960000000000000000e+02
2.100000000000000000e+01 6.360000000000000000e+02
2.200000000000000000e+01 5.000000000000000000e+02
2.300000000000000000e+01 3.650000000000000000e+02
2.400000000000000000e+01 2.320000000000000000e+02
2.500000000000000000e+01 1.410000000000000000e+02
2.600000000000000000e+01 9.700000000000000000e+01
2.700000000000000000e+01 5.000000000000000000e+01
2.800000000000000000e+01 3.300000000000000000e+01
2.900000000000000000e+01 1.800000000000000000e+01
3.000000000000000000e+01 8.000000000000000000e+00
3.100000000000000000e+01 4.000000000000000000e+00
3.300000000000000000e+01 1.000000000000000000e+00

1.000000000000000000e+00 2.876490000000000000e+06
2.000000000000000000e+00 4.691000000000000000e+03
7.000000000000000000e+00 3.324000000000000000e+03
3.000000000000000000e+00 3.238000000000000000e+03
6.000000000000000000e+00 3.232000000000000000e+03
8.000000000000000000e+00 3.181000000000000000e+03
5.000000000000000000e+00 3.177000000000000000e+03
9.000000000000000000e+00 3.149000000000000000e+03
4.000000000000000000e+00 3.021000000000000000e+03
1.000000000000000000e+01 2.931000000000000000e+03
1.100000000000000000e+01 2.767000000000000000e+03
1.200000000000000000e+01 2.470000000000000000e+03
1.300000000000000000e+01 2.292000000000000000e+03
1.400000000000000000e+01 1.887000000000000000e+03
1.500000000000000000e+01 1.681000000000000000e+03
1.600000000000000000e+01 1.512000000000000000e+03
1.700000000000000000e+01 1.179000000000000000e+03
1.800000000000000000e+01 9.740000000000000000e+02
1.900000000000000000e+01 7.120000000000000000e+02
2.000000000000000000e+01 5.080000000000000000e+02
2.100000000000000000e+01 3.960000000000000000e+02
2.200000000000000000e+01 2.640000000000000000e+02
2.300000000000000000e+01 1.610000000000000000e+02
2.400000000000000000e+01 8.800000000000000000e+01
2.500000000000000000e+01 6.400000000000000000e+01
2.600000000000000000e+01 3.800000000000000000e+01
2.700000000000000000e+01 2.100000000000000000e+01
2.800000000000000000e+01 1.200000000000000000e+01
2.900000000000000000e+01 6.000000000000000000e+00
3.000000000000000000e+01 3.000000000000000000e+00
3.100000000000000000e+01 1.000000000000000000e+00

1.000000000000000000e+00 2.976108000000000000e+06
2.000000000000000000e+00 6.828000000000000000e+03
3.000000000000000000e+00 4.613000000000000000e+03
4.000000000000000000e+00 3.929000000000000000e+03
5.000000000000000000e+00 3.720000000000000000e+03
6.000000000000000000e+00 3.434000000000000000e+03
7.000000000000000000e+00 3.257000000000000000e+03
8.000000000000000000e+00 2.874000000000000000e+03
9.000000000000000000e+00 2.746000000000000000e+03
1.000000000000000000e+01 2.362000000000000000e+03
1.100000000000000000e+01 2.082000000000000000e+03
1.200000000000000000e+01 1.768000000000000000e+03
1.300000000000000000e+01 1.464000000000000000e+03
1.400000000000000000e+01 1.254000000000000000e+03
1.500000000000000000e+01 1.032000000000000000e+03
1.600000000000000000e+01 8.250000000000000000e+02
1.700000000000000000e+01 6.090000000000000000e+02
1.800000000000000000e+01 4.490000000000000000e+02
1.900000000000000000e+01 3.070000000000000000e+02
2.000000000000000000e+01 2.350000000000000000e+02
2.100000000000000000e+01 1.670000000000000000e+02
2.200000000000000000e+01 1.090000000000000000e+02
2.300000000000000000e+01 5.300000000000000000e+01
2.400000000000000000e+01 3.100000000000000000e+01
2.500000000000000000e+01 1.500000000000000000e+01
2.600000000000000000e+01 1.100000000000000000e+01
2.700000000000000000e+01 9.000000000000000000e+00
2.800000000000000000e+01 6.000000000000000000e+00
2.900000000000000000e+01 2.000000000000000000e+00

1.000000000000000000e+00 3.064019000000000000e+06
2.000000000000000000e+00 8.994000000000000000e+03
3.000000000000000000e+00 5.653000000000000000e+03
4.000000000000000000e+00 4.755000000000000000e+03
5.000000000000000000e+00 4.039000000000000000e+03
6.000000000000000000e+00 3.443000000000000000e+03
7.000000000000000000e+00 2.928000000000000000e+03
8.000000000000000000e+00 2.404000000000000000e+03
9.000000000000000000e+00 1.890000000000000000e+03
1.000000000000000000e+01 1.579000000000000000e+03
1.100000000000000000e+01 1.239000000000000000e+03
1.200000000000000000e+01 9.760000000000000000e+02
1.300000000000000000e+01 7.670000000000000000e+02
1.400000000000000000e+01 6.030000000000000000e+02
1.500000000000000000e+01 4.490000000000000000e+02
1.600000000000000000e+01 3.150000000000000000e+02
1.700000000000000000e+01 2.610000000000000000e+02
1.800000000000000000e+01 1.530000000000000000e+02
1.900000000000000000e+01 1.170000000000000000e+02
2.000000000000000000e+01 6.000000000000000000e+01
2.100000000000000000e+01 5.300000000000000000e+01
2.200000000000000000e+01 3.000000000000000000e+01
2.300000000000000000e+01 1.300000000000000000e+01
2.400000000000000000e+01 1.100000000000000000e+01
2.500000000000000000e+01 3.000000000000000000e+00
2.600000000000000000e+01 2.000000000000000000e+00
2.700000000000000000e+01 1.000000000000000000e+00

1.000000000000000000e+00 3.128821000000000000e+06
2.000000000000000000e+00 1.031900000000000000e+04
3.000000000000000000e+00 6.453000000000000000e+03
4.000000000000000000e+00 4.856000000000000000e+03
5.000000000000000000e+00 3.892000000000000000e+03
6.000000000000000000e+00 2.946000000000000000e+03
7.000000000000000000e+00 2.263000000000000000e+03
8.000000000000000000e+00 1.609000000000000000e+03
9.000000000000000000e+00 1.210000000000000000e+03
1.000000000000000000e+01 8.800000000000000000e+02
1.100000000000000000e+01 6.430000000000000000e+02
1.200000000000000000e+01 4.240000000000000000e+02
1.300000000000000000e+01 3.050000000000000000e+02
1.400000000000000000e+01 2.350000000000000000e+02
1.500000000000000000e+01 1.490000000000000000e+02
1.600000000000000000e+01 9.600000000000000000e+01
1.700000000000000000e+01 6.600000000000000000e+01
1.800000000000000000e+01 3.900000000000000000e+01
1.900000000000000000e+01 2.200000000000000000e+01
2.000000000000000000e+01 1.500000000000000000e+01
2.100000000000000000e+01 1.000000000000000000e+01
2.200000000000000000e+01 5.000000000000000000e+00
2.300000000000000000e+01 3.000000000000000000e+00
2.400000000000000000e+01 2.000000000000000000e+00
2.700000000000000000e+01 1.000000000000000000e+00
2.600000000000000000e+01 1.000000000000000000e+00

1.000000000000000000e+00 3.166558000000000000e+06
2.000000000000000000e+00 1.120900000000000000e+04
3.000000000000000000e+00 6.708000000000000000e+03
4.000000000000000000e+00 4.655000000000000000e+03
5.000000000000000000e+00 3.469000000000000000e+03
6.000000000000000000e+00 2.423000000000000000e+03
7.000000000000000000e+00 1.654000000000000000e+03
8.000000000000000000e+00 1.071000000000000000e+03
9.000000000000000000e+00 6.700000000000000000e+02
1.000000000000000000e+01 4.320000000000000000e+02
1.100000000000000000e+01 2.700000000000000000e+02
1.200000000000000000e+01 1.980000000000000000e+02
1.300000000000000000e+01 1.150000000000000000e+02
1.400000000000000000e+01 8.000000000000000000e+01
1.500000000000000000e+01 4.300000000000000000e+01
1.600000000000000000e+01 3.200000000000000000e+01
1.700000000000000000e+01 2.400000000000000000e+01
1.800000000000000000e+01 1.000000000000000000e+01
1.900000000000000000e+01 6.000000000000000000e+00
2.000000000000000000e+01 3.000000000000000000e+00
2.100000000000000000e+01 1.000000000000000000e+00

1.000000000000000000e+00 3.191225000000000000e+06
2.000000000000000000e+00 1.137000000000000000e+04
3.000000000000000000e+00 6.599000000000000000e+03
4.000000000000000000e+00 4.376000000000000000e+03
5.000000000000000000e+00 2.907000000000000000e+03
6.000000000000000000e+00 1.883000000000000000e+03
7.000000000000000000e+00 1.121000000000000000e+03
8.000000000000000000e+00 6.400000000000000000e+02
9.000000000000000000e+00 3.860000000000000000e+02
1.000000000000000000e+01 2.530000000000000000e+02
1.100000000000000000e+01 1.400000000000000000e+02
1.200000000000000000e+01 8.800000000000000000e+01
1.300000000000000000e+01 3.500000000000000000e+01
1.400000000000000000e+01 2.500000000000000000e+01
1.500000000000000000e+01 1.400000000000000000e+01
1.600000000000000000e+01 1.200000000000000000e+01
1.700000000000000000e+01 3.000000000000000000e+00
1.900000000000000000e+01 2.000000000000000000e+00
2.000000000000000000e+01 1.000000000000000000e+00
1.800000000000000000e+01 1.000000000000000000e+00

1.000000000000000000e+00 3.205860000000000000e+06
2.000000000000000000e+00 1.152400000000000000e+04
3.000000000000000000e+00 6.466000000000000000e+03
4.000000000000000000e+00 4.098000000000000000e+03
5.000000000000000000e+00 2.455000000000000000e+03
6.000000000000000000e+00 1.452000000000000000e+03
7.000000000000000000e+00 8.590000000000000000e+02
8.000000000000000000e+00 4.320000000000000000e+02
9.000000000000000000e+00 2.590000000000000000e+02
1.000000000000000000e+01 1.110000000000000000e+02
1.100000000000000000e+01 5.900000000000000000e+01
1.300000000000000000e+01 2.200000000000000000e+01
1.200000000000000000e+01 2.100000000000000000e+01
1.400000000000000000e+01 9.000000000000000000e+00
1.500000000000000000e+01 4.000000000000000000e+00
1.600000000000000000e+01 2.000000000000000000e+00

1.000000000000000000e+00 3.215569000000000000e+06
2.000000000000000000e+00 1.149400000000000000e+04
3.000000000000000000e+00 6.295000000000000000e+03
4.000000000000000000e+00 3.810000000000000000e+03
5.000000000000000000e+00 2.218000000000000000e+03
6.000000000000000000e+00 1.183000000000000000e+03
7.000000000000000000e+00 5.670000000000000000e+02
8.000000000000000000e+00 2.810000000000000000e+02
9.000000000000000000e+00 1.520000000000000000e+02
1.000000000000000000e+01 7.100000000000000000e+01
1.100000000000000000e+01 3.900000000000000000e+01
1.200000000000000000e+01 2.100000000000000000e+01
1.300000000000000000e+01 8.000000000000000000e+00
1.400000000000000000e+01 1.000000000000000000e+00
2.100000000000000000e+01 1.000000000000000000e+00
1.500000000000000000e+01 1.000000000000000000e+00

1.000000000000000000e+00 3.221965000000000000e+06
2.000000000000000000e+00 1.166000000000000000e+04
3.000000000000000000e+00 6.159000000000000000e+03
4.000000000000000000e+00 3.600000000000000000e+03
5.000000000000000000e+00 1.967000000000000000e+03
6.000000000000000000e+00 9.620000000000000000e+02
7.000000000000000000e+00 4.580000000000000000e+02
8.000000000000000000e+00 2.070000000000000000e+02
9.000000000000000000e+00 7.200000000000000000e+01
1.000000000000000000e+01 3.200000000000000000e+01
1.100000000000000000e+01 1.900000000000000000e+01
1.200000000000000000e+01 9.000000000000000000e+00
1.400000000000000000e+01 3.000000000000000000e+00
1.300000000000000000e+01 2.000000000000000000e+00
1.600000000000000000e+01 1.000000000000000000e+00

1.000000000000000000e+00 3.230058000000000000e+06
2.000000000000000000e+00 1.127400000000000000e+04
3.000000000000000000e+00 5.974000000000000000e+03
4.000000000000000000e+00 3.155000000000000000e+03
5.000000000000000000e+00 1.597000000000000000e+03
6.000000000000000000e+00 7.830000000000000000e+02
7.000000000000000000e+00 3.430000000000000000e+02
8.000000000000000000e+00 1.390000000000000000e+02
9.000000000000000000e+00 4.300000000000000000e+01
1.000000000000000000e+01 1.400000000000000000e+01
1.200000000000000000e+01 6.000000000000000000e+00
1.100000000000000000e+01 4.000000000000000000e+00
1.300000000000000000e+01 1.000000000000000000e+00

1.000000000000000000e+00 3.234706000000000000e+06
2.000000000000000000e+00 1.126800000000000000e+04
3.000000000000000000e+00 5.554000000000000000e+03
4.000000000000000000e+00 3.071000000000000000e+03
5.000000000000000000e+00 1.479000000000000000e+03
6.000000000000000000e+00 5.970000000000000000e+02
7.000000000000000000e+00 2.590000000000000000e+02
8.000000000000000000e+00 7.700000000000000000e+01
9.000000000000000000e+00 3.200000000000000000e+01
1.000000000000000000e+01 6.000000000000000000e+00
1.100000000000000000e+01 3.000000000000000000e+00
1.300000000000000000e+01 1.000000000000000000e+00
1.200000000000000000e+01 1.000000000000000000e+00

1.000000000000000000e+00 3.236077000000000000e+06
2.000000000000000000e+00 1.110100000000000000e+04
3.000000000000000000e+00 5.683000000000000000e+03
4.000000000000000000e+00 2.931000000000000000e+03
5.000000000000000000e+00 1.380000000000000000e+03
6.000000000000000000e+00 6.210000000000000000e+02
7.000000000000000000e+00 2.030000000000000000e+02
8.000000000000000000e+00 8.000000000000000000e+01
9.000000000000000000e+00 1.400000000000000000e+01
1.000000000000000000e+01 9.000000000000000000e+00
1.100000000000000000e+01 3.000000000000000000e+00
1.200000000000000000e+01 1.000000000000000000e+00

1.000000000000000000e+00 3.239325000000000000e+06
2.000000000000000000e+00 1.088400000000000000e+04
3.000000000000000000e+00 5.382000000000000000e+03
4.000000000000000000e+00 2.861000000000000000e+03
5.000000000000000000e+00 1.278000000000000000e+03
6.000000000000000000e+00 5.060000000000000000e+02
7.000000000000000000e+00 1.810000000000000000e+02
8.000000000000000000e+00 4.600000000000000000e+01
9.000000000000000000e+00 2.400000000000000000e+01
1.000000000000000000e+01 4.000000000000000000e+00

1.000000000000000000e+00 3.241763000000000000e+06
2.000000000000000000e+00 1.075700000000000000e+04
3.000000000000000000e+00 5.360000000000000000e+03
4.000000000000000000e+00 2.679000000000000000e+03
5.000000000000000000e+00 1.136000000000000000e+03
6.000000000000000000e+00 4.360000000000000000e+02
7.000000000000000000e+00 1.640000000000000000e+02
8.000000000000000000e+00 4.200000000000000000e+01
9.000000000000000000e+00 1.300000000000000000e+01
1.000000000000000000e+01 3.000000000000000000e+00

1.000000000000000000e+00 3.242367000000000000e+06
2.000000000000000000e+00 1.072100000000000000e+04
3.000000000000000000e+00 5.233000000000000000e+03
4.000000000000000000e+00 2.623000000000000000e+03
5.000000000000000000e+00 1.151000000000000000e+03
6.000000000000000000e+00 4.700000000000000000e+02
7.000000000000000000e+00 1.450000000000000000e+02
8.000000000000000000e+00 3.500000000000000000e+01
9.000000000000000000e+00 1.200000000000000000e+01
1.100000000000000000e+01 2.000000000000000000e+00

1.000000000000000000e+00 3.244235000000000000e+06
2.000000000000000000e+00 1.060300000000000000e+04
3.000000000000000000e+00 5.177000000000000000e+03
4.000000000000000000e+00 2.497000000000000000e+03
5.000000000000000000e+00 1.105000000000000000e+03
6.000000000000000000e+00 3.920000000000000000e+02
7.000000000000000000e+00 1.100000000000000000e+02
8.000000000000000000e+00 3.400000000000000000e+01
9.000000000000000000e+00 1.000000000000000000e+01
1.000000000000000000e+01 2.000000000000000000e+00
1.100000000000000000e+01 1.000000000000000000e+00

