1.000000000000000000e+00 2.705232000000000000e+06
2.000000000000000000e+00 1.610000000000000000e+04
3.000000000000000000e+00 5.355000000000000000e+03
1.100000000000000000e+01 3.776000000000000000e+03
1.200000000000000000e+01 3.690000000000000000e+03
1.000000000000000000e+01 3.664000000000000000e+03
1.300000000000000000e+01 3.530000000000000000e+03
9.000000000000000000e+00 3.432000000000000000e+03
4.000000000000000000e+00 3.212000000000000000e+03
8.000000000000000000e+00 3.205000000000000000e+03
1.400000000000000000e+01 3.095000000000000000e+03
7.000000000000000000e+00 2.872000000000000000e+03
1.500000000000000000e+01 2.851000000000000000e+03
5.000000000000000000e+00 2.813000000000000000e+03
6.000000000000000000e+00 2.788000000000000000e+03
1.600000000000000000e+01 2.385000000000000000e+03
1.700000000000000000e+01 1.874000000000000000e+03
1.800000000000000000e+01 1.566000000000000000e+03
1.900000000000000000e+01 1.049000000000000000e+03
2.000000000000000000e+01 8.120000000000000000e+02
2.100000000000000000e+01 5.900000000000000000e+02
2.200000000000000000e+01 4.040000000000000000e+02
2.300000000000000000e+01 2.660000000000000000e+02
2.400000000000000000e+01 1.690000000000000000e+02
2.500000000000000000e+01 9.500000000000000000e+01
2.600000000000000000e+01 4.900000000000000000e+01
2.700000000000000000e+01 3.900000000000000000e+01
2.800000000000000000e+01 1.700000000000000000e+01
2.900000000000000000e+01 1.100000000000000000e+01
3.000000000000000000e+01 8.000000000000000000e+00
3.200000000000000000e+01 4.000000000000000000e+00
3.100000000000000000e+01 2.000000000000000000e+00
3.300000000000000000e+01 1.000000000000000000e+00

1.000000000000000000e+00 2.733529000000000000e+06
2.000000000000000000e+00 1.699200000000000000e+04
3.000000000000000000e+00 5.854000000000000000e+03
1.000000000000000000e+01 3.758000000000000000e+03
1.100000000000000000e+01 3.693000000000000000e+03
1.200000000000000000e+01 3.642000000000000000e+03
9.000000000000000000e+00 3.587000000000000000e+03
4.000000000000000000e+00 3.477000000000000000e+03
8.000000000000000000e+00 3.412000000000000000e+03
7.000000000000000000e+00 3.231000000000000000e+03
1.300000000000000000e+01 3.229000000000000000e+03
5.000000000000000000e+00 3.142000000000000000e+03
6.000000000000000000e+00 3.023000000000000000e+03
1.400000000000000000e+01 2.952000000000000000e+03
1.500000000000000000e+01 2.506000000000000000e+03
1.600000000000000000e+01 2.045000000000000000e+03
1.700000000000000000e+01 1.687000000000000000e+03
1.800000000000000000e+01 1.264000000000000000e+03
1.900000000000000000e+01 8.990000000000000000e+02
2.000000000000000000e+01 6.540000000000000000e+02
2.100000000000000000e+01 4.280000000000000000e+02
2.200000000000000000e+01 3.020000000000000000e+02
2.300000000000000000e+01 2.150000000000000000e+02
2.400000000000000000e+01 1.080000000000000000e+02
2.500000000000000000e+01 8.300000000000000000e+01
2.600000000000000000e+01 3.700000000000000000e+01
2.700000000000000000e+01 3.000000000000000000e+01
2.800000000000000000e+01 1.200000000000000000e+01
2.900000000000000000e+01 9.000000000000000000e+00
3.100000000000000000e+01 6.000000000000000000e+00
3.000000000000000000e+01 2.000000000000000000e+00

1.000000000000000000e+00 2.763285000000000000e+06
2.000000000000000000e+00 1.763200000000000000e+04
3.000000000000000000e+00 5.984000000000000000e+03
4.000000000000000000e+00 3.950000000000000000e+03
1.000000000000000000e+01 3.735000000000000000e+03
9.000000000000000000e+00 3.678000000000000000e+03
1.100000000000000000e+01 3.639000000000000000e+03
8.000000000000000000e+00 3.480000000000000000e+03
7.000000000000000000e+00 3.441000000000000000e+03
1.200000000000000000e+01 3.382000000000000000e+03
6.000000000000000000e+00 3.296000000000000000e+03
5.000000000000000000e+00 3.291000000000000000e+03
1.300000000000000000e+01 3.041000000000000000e+03
1.400000000000000000e+01 2.674000000000000000e+03
1.500000000000000000e+01 2.262000000000000000e+03
1.600000000000000000e+01 1.794000000000000000e+03
1.700000000000000000e+01 1.382000000000000000e+03
1.800000000000000000e+01 1.032000000000000000e+03
1.900000000000000000e+01 7.800000000000000000e+02
2.000000000000000000e+01 5.500000000000000000e+02
2.100000000000000000e+01 3.470000000000000000e+02
2.200000000000000000e+01 2.310000000000000000e+02
2.300000000000000000e+01 1.460000000000000000e+02
2.400000000000000000e+01 8.000000000000000000e+01
2.600000000000000000e+01 4.100000000000000000e+01
2.500000000000000000e+01 3.800000000000000000e+01
2.700000000000000000e+01 2.000000000000000000e+01
2.800000000000000000e+01 1.300000000000000000e+01
2.900000000000000000e+01 8.000000000000000000e+00
3.000000000000000000e+01 4.000000000000000000e+00
3.200000000000000000e+01 2.000000000000000000e+00

1.000000000000000000e+00 2.791219000000000000e+06
2.000000000000000000e+00 1.864600000000000000e+04
3.000000000000000000e+00 6.496000000000000000e+03
4.000000000000000000e+00 4.286000000000000000e+03
1.000000000000000000e+01 3.685000000000000000e+03
5.000000000000000000e+00 3.671000000000000000e+03
1.100000000000000000e+01 3.625000000000000000e+03
8.000000000000000000e+00 3.601000000000000000e+03
9.000000000000000000e+00 3.576000000000000000e+03
6.000000000000000000e+00 3.548000000000000000e+03
7.000000000000000000e+00 3.507000000000000000e+03
1.200000000000000000e+01 3.190000000000000000e+03
1.300000000000000000e+01 2.783000000000000000e+03
1.400000000000000000e+01 2.364000000000000000e+03
1.500000000000000000e+01 1.960000000000000000e+03
1.600000000000000000e+01 1.608000000000000000e+03
1.700000000000000000e+01 1.152000000000000000e+03
1.800000000000000000e+01 8.240000000000000000e+02
1.900000000000000000e+01 6.330000000000000000e+02
2.000000000000000000e+01 3.630000000000000000e+02
2.100000000000000000e+01 2.890000000000000000e+02
2.200000000000000000e+01 1.630000000000000000e+02
2.300000000000000000e+01 1.180000000000000000e+02
2.400000000000000000e+01 5.700000000000000000e+01
2.500000000000000000e+01 4.500000000000000000e+01
2.600000000000000000e+01 3.100000000000000000e+01
2.700000000000000000e+01 1.400000000000000000e+01
2.800000000000000000e+01 1.200000000000000000e+01
2.900000000000000000e+01 2.000000000000000000e+00
3.000000000000000000e+01 2.000000000000000000e+00
3.100000000000000000e+01 2.000000000000000000e+00

1.000000000000000000e+00 2.821959000000000000e+06
2.000000000000000000e+00 1.946800000000000000e+04
3.000000000000000000e+00 6.960000000000000000e+03
4.000000000000000000e+00 4.642000000000000000e+03
5.000000000000000000e+00 4.013000000000000000e+03
6.000000000000000000e+00 3.824000000000000000e+03
9.000000000000000000e+00 3.808000000000000000e+03
7.000000000000000000e+00 3.788000000000000000e+03
8.000000000000000000e+00 3.737000000000000000e+03
1.000000000000000000e+01 3.462000000000000000e+03
1.100000000000000000e+01 3.292000000000000000e+03
1.200000000000000000e+01 2.843000000000000000e+03
1.300000000000000000e+01 2.416000000000000000e+03
1.400000000000000000e+01 2.003000000000000000e+03
1.500000000000000000e+01 1.649000000000000000e+03
1.600000000000000000e+01 1.252000000000000000e+03
1.700000000000000000e+01 9.100000000000000000e+02
1.800000000000000000e+01 6.810000000000000000e+02
1.900000000000000000e+01 5.140000000000000000e+02
2.000000000000000000e+01 3.410000000000000000e+02
2.100000000000000000e+01 2.150000000000000000e+02
2.200000000000000000e+01 1.210000000000000000e+02
2.300000000000000000e+01 9.400000000000000000e+01
2.400000000000000000e+01 5.400000000000000000e+01
2.500000000000000000e+01 3.700000000000000000e+01
2.600000000000000000e+01 1.800000000000000000e+01
2.700000000000000000e+01 6.000000000000000000e+00
2.800000000000000000e+01 3.000000000000000000e+00
2.900000000000000000e+01 3.000000000000000000e+00
3.000000000000000000e+01 2.000000000000000000e+00
3.200000000000000000e+01 2.000000000000000000e+00

1.000000000000000000e+00 2.855355000000000000e+06
2.000000000000000000e+00 2.031300000000000000e+04
3.000000000000000000e+00 7.371000000000000000e+03
4.000000000000000000e+00 4.923000000000000000e+03
5.000000000000000000e+00 4.233000000000000000e+03
7.000000000000000000e+00 3.992000000000000000e+03
6.000000000000000000e+00 3.970000000000000000e+03
8.000000000000000000e+00 3.686000000000000000e+03
9.000000000000000000e+00 3.618000000000000000e+03
1.000000000000000000e+01 3.370000000000000000e+03
1.100000000000000000e+01 2.964000000000000000e+03
1.200000000000000000e+01 2.612000000000000000e+03
1.300000000000000000e+01 2.204000000000000000e+03
1.400000000000000000e+01 1.686000000000000000e+03
1.500000000000000000e+01 1.272000000000000000e+03
1.600000000000000000e+01 1.003000000000000000e+03
1.700000000000000000e+01 7.060000000000000000e+02
1.800000000000000000e+01 5.200000000000000000e+02
1.900000000000000000e+01 3.800000000000000000e+02
2.000000000000000000e+01 2.350000000000000000e+02
2.100000000000000000e+01 1.690000000000000000e+02
2.200000000000000000e+01 9.700000000000000000e+01
2.300000000000000000e+01 6.300000000000000000e+01
2.400000000000000000e+01 3.100000000000000000e+01
2.500000000000000000e+01 2.800000000000000000e+01
2.600000000000000000e+01 8.000000000000000000e+00
2.700000000000000000e+01 3.000000000000000000e+00
2.800000000000000000e+01 2.000000000000000000e+00

1.000000000000000000e+00 2.895359000000000000e+06
2.000000000000000000e+00 2.056800000000000000e+04
3.000000000000000000e+00 7.661000000000000000e+03
4.000000000000000000e+00 5.230000000000000000e+03
5.000000000000000000e+00 4.380000000000000000e+03
6.000000000000000000e+00 4.208000000000000000e+03
7.000000000000000000e+00 4.044000000000000000e+03
8.000000000000000000e+00 3.737000000000000000e+03
9.000000000000000000e+00 3.567000000000000000e+03
1.000000000000000000e+01 3.208000000000000000e+03
1.100000000000000000e+01 2.695000000000000000e+03
1.200000000000000000e+01 2.233000000000000000e+03
1.300000000000000000e+01 1.745000000000000000e+03
1.400000000000000000e+01 1.301000000000000000e+03
1.500000000000000000e+01 1.039000000000000000e+03
1.600000000000000000e+01 6.910000000000000000e+02
1.700000000000000000e+01 4.960000000000000000e+02
1.800000000000000000e+01 3.190000000000000000e+02
1.900000000000000000e+01 2.160000000000000000e+02
2.000000000000000000e+01 1.480000000000000000e+02
2.100000000000000000e+01 8.800000000000000000e+01
2.200000000000000000e+01 5.000000000000000000e+01
2.300000000000000000e+01 3.700000000000000000e+01
2.400000000000000000e+01 2.500000000000000000e+01
2.600000000000000000e+01 7.000000000000000000e+00
2.500000000000000000e+01 4.000000000000000000e+00
2.700000000000000000e+01 3.000000000000000000e+00
2.800000000000000000e+01 2.000000000000000000e+00
3.000000000000000000e+01 1.000000000000000000e+00

1.000000000000000000e+00 2.931553000000000000e+06
2.000000000000000000e+00 2.056300000000000000e+04
3.000000000000000000e+00 7.923000000000000000e+03
4.000000000000000000e+00 5.497000000000000000e+03
5.000000000000000000e+00 4.516000000000000000e+03
6.000000000000000000e+00 4.347000000000000000e+03
7.000000000000000000e+00 4.088000000000000000e+03
8.000000000000000000e+00 3.535000000000000000e+03
9.000000000000000000e+00 3.271000000000000000e+03
1.000000000000000000e+01 2.880000000000000000e+03
1.100000000000000000e+01 2.314000000000000000e+03
1.200000000000000000e+01 1.830000000000000000e+03
1.300000000000000000e+01 1.350000000000000000e+03
1.400000000000000000e+01 1.028000000000000000e+03
1.500000000000000000e+01 7.990000000000000000e+02
1.600000000000000000e+01 5.390000000000000000e+02
1.700000000000000000e+01 3.480000000000000000e+02
1.800000000000000000e+01 2.370000000000000000e+02
1.900000000000000000e+01 1.520000000000000000e+02
2.000000000000000000e+01 1.040000000000000000e+02
2.100000000000000000e+01 4.500000000000000000e+01
2.200000000000000000e+01 3.400000000000000000e+01
2.300000000000000000e+01 2.000000000000000000e+01
2.400000000000000000e+01 9.000000000000000000e+00
2.500000000000000000e+01 5.000000000000000000e+00
2.600000000000000000e+01 4.000000000000000000e+00
2.700000000000000000e+01 2.000000000000000000e+00

1.000000000000000000e+00 2.960602000000000000e+06
2.000000000000000000e+00 2.139600000000000000e+04
3.000000000000000000e+00 7.971000000000000000e+03
4.000000000000000000e+00 5.419000000000000000e+03
5.000000000000000000e+00 4.658000000000000000e+03
6.000000000000000000e+00 4.359000000000000000e+03
7.000000000000000000e+00 3.875000000000000000e+03
8.000000000000000000e+00 3.431000000000000000e+03
9.000000000000000000e+00 3.003000000000000000e+03
1.000000000000000000e+01 2.523000000000000000e+03
1.100000000000000000e+01 2.033000000000000000e+03
1.200000000000000000e+01 1.551000000000000000e+03
1.300000000000000000e+01 1.197000000000000000e+03
1.400000000000000000e+01 8.980000000000000000e+02
1.500000000000000000e+01 5.660000000000000000e+02
1.600000000000000000e+01 3.750000000000000000e+02
1.700000000000000000e+01 2.330000000000000000e+02
1.800000000000000000e+01 1.350000000000000000e+02
1.900000000000000000e+01 1.000000000000000000e+02
2.000000000000000000e+01 7.100000000000000000e+01
2.100000000000000000e+01 3.100000000000000000e+01
2.200000000000000000e+01 1.600000000000000000e+01
2.300000000000000000e+01 9.000000000000000000e+00
2.400000000000000000e+01 6.000000000000000000e+00
2.500000000000000000e+01 1.000000000000000000e+00
2.600000000000000000e+01 1.000000000000000000e+00
2.900000000000000000e+01 1.000000000000000000e+00

1.000000000000000000e+00 2.993752000000000000e+06
2.000000000000000000e+00 2.031600000000000000e+04
3.000000000000000000e+00 8.081000000000000000e+03
4.000000000000000000e+00 5.765000000000000000e+03
5.000000000000000000e+00 4.697000000000000000e+03
6.000000000000000000e+00 4.174000000000000000e+03
7.000000000000000000e+00 3.760000000000000000e+03
8.000000000000000000e+00 3.281000000000000000e+03
9.000000000000000000e+00 2.769000000000000000e+03
1.000000000000000000e+01 2.154000000000000000e+03
1.100000000000000000e+01 1.675000000000000000e+03
1.200000000000000000e+01 1.371000000000000000e+03
1.300000000000000000e+01 9.210000000000000000e+02
1.400000000000000000e+01 6.000000000000000000e+02
1.500000000000000000e+01 3.760000000000000000e+02
1.600000000000000000e+01 2.420000000000000000e+02
1.700000000000000000e+01 1.350000000000000000e+02
1.800000000000000000e+01 1.020000000000000000e+02
1.900000000000000000e+01 4.700000000000000000e+01
2.000000000000000000e+01 1.900000000000000000e+01
2.200000000000000000e+01 1.500000000000000000e+01
2.100000000000000000e+01 9.000000000000000000e+00
2.300000000000000000e+01 2.000000000000000000e+00
2.400000000000000000e+01 1.000000000000000000e+00

1.000000000000000000e+00 3.019717000000000000e+06
2.000000000000000000e+00 1.958700000000000000e+04
3.000000000000000000e+00 8.028000000000000000e+03
4.000000000000000000e+00 5.738000000000000000e+03
5.000000000000000000e+00 4.794000000000000000e+03
6.000000000000000000e+00 4.165000000000000000e+03
7.000000000000000000e+00 3.522000000000000000e+03
8.000000000000000000e+00 3.006000000000000000e+03
9.000000000000000000e+00 2.458000000000000000e+03
1.000000000000000000e+01 2.028000000000000000e+03
1.100000000000000000e+01 1.452000000000000000e+03
1.200000000000000000e+01 1.017000000000000000e+03
1.300000000000000000e+01 6.530000000000000000e+02
1.400000000000000000e+01 4.560000000000000000e+02
1.500000000000000000e+01 2.970000000000000000e+02
1.600000000000000000e+01 1.730000000000000000e+02
1.700000000000000000e+01 9.700000000000000000e+01
1.800000000000000000e+01 4.600000000000000000e+01
1.900000000000000000e+01 2.400000000000000000e+01
2.000000000000000000e+01 2.400000000000000000e+01
2.100000000000000000e+01 9.000000000000000000e+00
2.200000000000000000e+01 4.000000000000000000e+00
2.300000000000000000e+01 1.000000000000000000e+00
2.400000000000000000e+01 1.000000000000000000e+00

1.000000000000000000e+00 3.041546000000000000e+06
2.000000000000000000e+00 1.955900000000000000e+04
3.000000000000000000e+00 8.357000000000000000e+03
4.000000000000000000e+00 5.709000000000000000e+03
5.000000000000000000e+00 4.728000000000000000e+03
6.000000000000000000e+00 4.065000000000000000e+03
7.000000000000000000e+00 3.381000000000000000e+03
8.000000000000000000e+00 2.749000000000000000e+03
9.000000000000000000e+00 2.205000000000000000e+03
1.000000000000000000e+01 1.602000000000000000e+03
1.100000000000000000e+01 1.186000000000000000e+03
1.200000000000000000e+01 7.960000000000000000e+02
1.300000000000000000e+01 5.500000000000000000e+02
1.400000000000000000e+01 3.520000000000000000e+02
1.500000000000000000e+01 2.140000000000000000e+02
1.600000000000000000e+01 1.160000000000000000e+02
1.700000000000000000e+01 4.400000000000000000e+01
1.800000000000000000e+01 4.300000000000000000e+01
1.900000000000000000e+01 1.800000000000000000e+01
2.000000000000000000e+01 6.000000000000000000e+00
2.100000000000000000e+01 5.000000000000000000e+00
2.200000000000000000e+01 2.000000000000000000e+00

1.000000000000000000e+00 3.056285000000000000e+06
2.000000000000000000e+00 1.951300000000000000e+04
3.000000000000000000e+00 8.295000000000000000e+03
4.000000000000000000e+00 5.495000000000000000e+03
5.000000000000000000e+00 4.637000000000000000e+03
6.000000000000000000e+00 3.910000000000000000e+03
7.000000000000000000e+00 3.395000000000000000e+03
8.000000000000000000e+00 2.652000000000000000e+03
9.000000000000000000e+00 1.903000000000000000e+03
1.000000000000000000e+01 1.418000000000000000e+03
1.100000000000000000e+01 1.016000000000000000e+03
1.200000000000000000e+01 6.550000000000000000e+02
1.300000000000000000e+01 4.710000000000000000e+02
1.400000000000000000e+01 2.840000000000000000e+02
1.500000000000000000e+01 1.650000000000000000e+02
1.600000000000000000e+01 7.300000000000000000e+01
1.700000000000000000e+01 4.700000000000000000e+01
1.800000000000000000e+01 3.000000000000000000e+01
1.900000000000000000e+01 2.000000000000000000e+01
2.000000000000000000e+01 1.000000000000000000e+01
2.100000000000000000e+01 6.000000000000000000e+00
2.200000000000000000e+01 2.000000000000000000e+00
2.400000000000000000e+01 1.000000000000000000e+00

1.000000000000000000e+00 3.074556000000000000e+06
2.000000000000000000e+00 1.943300000000000000e+04
3.000000000000000000e+00 8.106000000000000000e+03
4.000000000000000000e+00 5.676000000000000000e+03
5.000000000000000000e+00 4.448000000000000000e+03
6.000000000000000000e+00 3.772000000000000000e+03
7.000000000000000000e+00 3.117000000000000000e+03
8.000000000000000000e+00 2.329000000000000000e+03
9.000000000000000000e+00 1.713000000000000000e+03
1.000000000000000000e+01 1.213000000000000000e+03
1.100000000000000000e+01 8.360000000000000000e+02
1.200000000000000000e+01 5.120000000000000000e+02
1.300000000000000000e+01 3.500000000000000000e+02
1.400000000000000000e+01 2.020000000000000000e+02
1.500000000000000000e+01 1.160000000000000000e+02
1.600000000000000000e+01 5.500000000000000000e+01
1.700000000000000000e+01 4.600000000000000000e+01
1.800000000000000000e+01 1.400000000000000000e+01
1.900000000000000000e+01 1.000000000000000000e+01
2.000000000000000000e+01 3.000000000000000000e+00
2.100000000000000000e+01 2.000000000000000000e+00
2.200000000000000000e+01 1.000000000000000000e+00

1.000000000000000000e+00 3.083866000000000000e+06
2.000000000000000000e+00 1.910300000000000000e+04
3.000000000000000000e+00 8.177000000000000000e+03
4.000000000000000000e+00 5.554000000000000000e+03
5.000000000000000000e+00 4.351000000000000000e+03
6.000000000000000000e+00 3.774000000000000000e+03
7.000000000000000000e+00 2.855000000000000000e+03
8.000000000000000000e+00 2.238000000000000000e+03
9.000000000000000000e+00 1.618000000000000000e+03
1.000000000000000000e+01 1.128000000000000000e+03
1.100000000000000000e+01 7.730000000000000000e+02
1.200000000000000000e+01 4.660000000000000000e+02
1.300000000000000000e+01 2.700000000000000000e+02
1.400000000000000000e+01 1.610000000000000000e+02
1.500000000000000000e+01 8.900000000000000000e+01
1.600000000000000000e+01 5.100000000000000000e+01
1.700000000000000000e+01 3.200000000000000000e+01
1.800000000000000000e+01 1.800000000000000000e+01
1.900000000000000000e+01 8.000000000000000000e+00
2.100000000000000000e+01 1.000000000000000000e+00

1.000000000000000000e+00 3.101413000000000000e+06
2.000000000000000000e+00 1.888500000000000000e+04
3.000000000000000000e+00 7.956000000000000000e+03
4.000000000000000000e+00 5.383000000000000000e+03
5.000000000000000000e+00 4.358000000000000000e+03
6.000000000000000000e+00 3.374000000000000000e+03
7.000000000000000000e+00 2.544000000000000000e+03
8.000000000000000000e+00 1.936000000000000000e+03
9.000000000000000000e+00 1.388000000000000000e+03
1.000000000000000000e+01 9.460000000000000000e+02
1.100000000000000000e+01 6.460000000000000000e+02
1.200000000000000000e+01 4.020000000000000000e+02
1.300000000000000000e+01 2.310000000000000000e+02
1.400000000000000000e+01 1.100000000000000000e+02
1.500000000000000000e+01 6.300000000000000000e+01
1.600000000000000000e+01 1.600000000000000000e+01
1.700000000000000000e+01 1.400000000000000000e+01
1.800000000000000000e+01 1.000000000000000000e+01
1.900000000000000000e+01 1.000000000000000000e+00
2.400000000000000000e+01 1.000000000000000000e+00

1.000000000000000000e+00 3.115253000000000000e+06
2.000000000000000000e+00 1.874600000000000000e+04
3.000000000000000000e+00 7.705000000000000000e+03
4.000000000000000000e+00 5.277000000000000000e+03
5.000000000000000000e+00 3.830000000000000000e+03
6.000000000000000000e+00 3.007000000000000000e+03
7.000000000000000000e+00 2.409000000000000000e+03
8.000000000000000000e+00 1.765000000000000000e+03
9.000000000000000000e+00 1.321000000000000000e+03
1.000000000000000000e+01 8.650000000000000000e+02
1.100000000000000000e+01 5.370000000000000000e+02
1.200000000000000000e+01 3.070000000000000000e+02
1.300000000000000000e+01 1.760000000000000000e+02
1.400000000000000000e+01 9.300000000000000000e+01
1.500000000000000000e+01 4.600000000000000000e+01
1.600000000000000000e+01 1.600000000000000000e+01
1.700000000000000000e+01 9.000000000000000000e+00
1.900000000000000000e+01 2.000000000000000000e+00

1.000000000000000000e+00 3.130604000000000000e+06
2.000000000000000000e+00 1.819800000000000000e+04
3.000000000000000000e+00 7.578000000000000000e+03
4.000000000000000000e+00 5.030000000000000000e+03
5.000000000000000000e+00 3.969000000000000000e+03
6.000000000000000000e+00 2.921000000000000000e+03
7.000000000000000000e+00 2.072000000000000000e+03
8.000000000000000000e+00 1.517000000000000000e+03
9.000000000000000000e+00 9.890000000000000000e+02
1.000000000000000000e+01 6.790000000000000000e+02
1.100000000000000000e+01 4.010000000000000000e+02
1.200000000000000000e+01 2.290000000000000000e+02
1.300000000000000000e+01 1.240000000000000000e+02
1.400000000000000000e+01 5.400000000000000000e+01
1.500000000000000000e+01 3.500000000000000000e+01
1.600000000000000000e+01 1.700000000000000000e+01
1.700000000000000000e+01 6.000000000000000000e+00
1.800000000000000000e+01 1.000000000000000000e+00

1.000000000000000000e+00 3.139668000000000000e+06
2.000000000000000000e+00 1.761400000000000000e+04
3.000000000000000000e+00 7.455000000000000000e+03
4.000000000000000000e+00 4.833000000000000000e+03
5.000000000000000000e+00 3.656000000000000000e+03
6.000000000000000000e+00 2.724000000000000000e+03
7.000000000000000000e+00 1.975000000000000000e+03
8.000000000000000000e+00 1.413000000000000000e+03
9.000000000000000000e+00 9.670000000000000000e+02
1.000000000000000000e+01 5.970000000000000000e+02
1.100000000000000000e+01 3.460000000000000000e+02
1.200000000000000000e+01 1.890000000000000000e+02
1.300000000000000000e+01 1.130000000000000000e+02
1.400000000000000000e+01 5.400000000000000000e+01
1.500000000000000000e+01 2.700000000000000000e+01
1.600000000000000000e+01 1.400000000000000000e+01
1.700000000000000000e+01 2.000000000000000000e+00
1.900000000000000000e+01 1.000000000000000000e+00

1.000000000000000000e+00 3.145632000000000000e+06
2.000000000000000000e+00 1.757700000000000000e+04
3.000000000000000000e+00 7.134000000000000000e+03
4.000000000000000000e+00 4.936000000000000000e+03
5.000000000000000000e+00 3.634000000000000000e+03
6.000000000000000000e+00 2.525000000000000000e+03
7.000000000000000000e+00 1.823000000000000000e+03
8.000000000000000000e+00 1.298000000000000000e+03
9.000000000000000000e+00 8.570000000000000000e+02
1.000000000000000000e+01 5.460000000000000000e+02
1.100000000000000000e+01 3.290000000000000000e+02
1.200000000000000000e+01 1.860000000000000000e+02
1.300000000000000000e+01 1.030000000000000000e+02
1.400000000000000000e+01 4.800000000000000000e+01
1.500000000000000000e+01 2.300000000000000000e+01
1.700000000000000000e+01 7.000000000000000000e+00
1.600000000000000000e+01 4.000000000000000000e+00
2.200000000000000000e+01 1.000000000000000000e+00
1.800000000000000000e+01 1.000000000000000000e+00

1.000000000000000000e+00 3.155943000000000000e+06
2.000000000000000000e+00 1.654300000000000000e+04
3.000000000000000000e+00 7.305000000000000000e+03
4.000000000000000000e+00 4.790000000000000000e+03
5.000000000000000000e+00 3.428000000000000000e+03
6.000000000000000000e+00 2.400000000000000000e+03
7.000000000000000000e+00 1.711000000000000000e+03
8.000000000000000000e+00 1.078000000000000000e+03
9.000000000000000000e+00 7.420000000000000000e+02
1.000000000000000000e+01 4.680000000000000000e+02
1.100000000000000000e+01 2.670000000000000000e+02
1.200000000000000000e+01 1.450000000000000000e+02
1.300000000000000000e+01 6.500000000000000000e+01
1.400000000000000000e+01 3.200000000000000000e+01
1.500000000000000000e+01 2.300000000000000000e+01
1.600000000000000000e+01 4.000000000000000000e+00
1.800000000000000000e+01 1.000000000000000000e+00

1.000000000000000000e+00 3.163099000000000000e+06
2.000000000000000000e+00 1.700100000000000000e+04
3.000000000000000000e+00 7.181000000000000000e+03
4.000000000000000000e+00 4.629000000000000000e+03
5.000000000000000000e+00 3.168000000000000000e+03
6.000000000000000000e+00 2.305000000000000000e+03
7.000000000000000000e+00 1.483000000000000000e+03
8.000000000000000000e+00 1.044000000000000000e+03
9.000000000000000000e+00 6.130000000000000000e+02
1.000000000000000000e+01 3.820000000000000000e+02
1.100000000000000000e+01 2.270000000000000000e+02
1.200000000000000000e+01 1.080000000000000000e+02
1.300000000000000000e+01 5.000000000000000000e+01
1.400000000000000000e+01 2.200000000000000000e+01
1.500000000000000000e+01 1.400000000000000000e+01
1.600000000000000000e+01 3.000000000000000000e+00
1.700000000000000000e+01 2.000000000000000000e+00
1.900000000000000000e+01 1.000000000000000000e+00
1.800000000000000000e+01 1.000000000000000000e+00
2.000000000000000000e+01 1.000000000000000000e+00

1.000000000000000000e+00 3.170448000000000000e+06
2.000000000000000000e+00 1.672700000000000000e+04
3.000000000000000000e+00 7.203000000000000000e+03
4.000000000000000000e+00 4.538000000000000000e+03
5.000000000000000000e+00 3.081000000000000000e+03
6.000000000000000000e+00 2.139000000000000000e+03
7.000000000000000000e+00 1.333000000000000000e+03
8.000000000000000000e+00 8.920000000000000000e+02
9.000000000000000000e+00 5.130000000000000000e+02
1.000000000000000000e+01 3.330000000000000000e+02
1.100000000000000000e+01 1.630000000000000000e+02
1.200000000000000000e+01 8.200000000000000000e+01
1.300000000000000000e+01 3.500000000000000000e+01
1.400000000000000000e+01 1.900000000000000000e+01
1.600000000000000000e+01 6.000000000000000000e+00
1.500000000000000000e+01 6.000000000000000000e+00

1.000000000000000000e+00 3.180920000000000000e+06
2.000000000000000000e+00 1.565000000000000000e+04
3.000000000000000000e+00 6.834000000000000000e+03
4.000000000000000000e+00 4.371000000000000000e+03
5.000000000000000000e+00 2.937000000000000000e+03
6.000000000000000000e+00 2.003000000000000000e+03
7.000000000000000000e+00 1.208000000000000000e+03
8.000000000000000000e+00 7.360000000000000000e+02
9.000000000000000000e+00 4.360000000000000000e+02
1.000000000000000000e+01 2.430000000000000000e+02
1.100000000000000000e+01 1.170000000000000000e+02
1.200000000000000000e+01 4.800000000000000000e+01
1.300000000000000000e+01 2.400000000000000000e+01
1.400000000000000000e+01 1.100000000000000000e+01
1.600000000000000000e+01 2.000000000000000000e+00
1.700000000000000000e+01 1.000000000000000000e+00
1.500000000000000000e+01 1.000000000000000000e+00

1.000000000000000000e+00 3.185971000000000000e+06
2.000000000000000000e+00 1.543000000000000000e+04
3.000000000000000000e+00 6.736000000000000000e+03
4.000000000000000000e+00 4.189000000000000000e+03
5.000000000000000000e+00 2.812000000000000000e+03
6.000000000000000000e+00 1.926000000000000000e+03
7.000000000000000000e+00 1.148000000000000000e+03
8.000000000000000000e+00 6.620000000000000000e+02
9.000000000000000000e+00 3.820000000000000000e+02
1.000000000000000000e+01 2.000000000000000000e+02
1.100000000000000000e+01 8.500000000000000000e+01
1.200000000000000000e+01 4.500000000000000000e+01
1.300000000000000000e+01 2.000000000000000000e+01
1.400000000000000000e+01 6.000000000000000000e+00

1.000000000000000000e+00 3.188794000000000000e+06
2.000000000000000000e+00 1.561600000000000000e+04
3.000000000000000000e+00 6.890000000000000000e+03
4.000000000000000000e+00 4.175000000000000000e+03
5.000000000000000000e+00 2.723000000000000000e+03
6.000000000000000000e+00 1.773000000000000000e+03
7.000000000000000000e+00 1.088000000000000000e+03
8.000000000000000000e+00 6.050000000000000000e+02
9.000000000000000000e+00 3.320000000000000000e+02
1.000000000000000000e+01 1.540000000000000000e+02
1.100000000000000000e+01 7.500000000000000000e+01
1.200000000000000000e+01 2.100000000000000000e+01
1.300000000000000000e+01 9.000000000000000000e+00
1.400000000000000000e+01 8.000000000000000000e+00
1.500000000000000000e+01 3.000000000000000000e+00
1.600000000000000000e+01 1.000000000000000000e+00

1.000000000000000000e+00 3.192357000000000000e+06
2.000000000000000000e+00 1.523900000000000000e+04
3.000000000000000000e+00 6.827000000000000000e+03
4.000000000000000000e+00 4.098000000000000000e+03
5.000000000000000000e+00 2.686000000000000000e+03
6.000000000000000000e+00 1.693000000000000000e+03
7.000000000000000000e+00 1.015000000000000000e+03
8.000000000000000000e+00 5.520000000000000000e+02
9.000000000000000000e+00 2.790000000000000000e+02
1.000000000000000000e+01 1.300000000000000000e+02
1.100000000000000000e+01 5.300000000000000000e+01
1.200000000000000000e+01 4.300000000000000000e+01
1.300000000000000000e+01 1.100000000000000000e+01
1.400000000000000000e+01 5.000000000000000000e+00
1.500000000000000000e+01 4.000000000000000000e+00

1.000000000000000000e+00 2.673875000000000000e+06
2.000000000000000000e+00 1.633000000000000000e+04
3.000000000000000000e+00 5.609000000000000000e+03
1.200000000000000000e+01 3.501000000000000000e+03
1.300000000000000000e+01 3.425000000000000000e+03
1.100000000000000000e+01 3.400000000000000000e+03
4.000000000000000000e+00 3.202000000000000000e+03
1.000000000000000000e+01 3.192000000000000000e+03
1.400000000000000000e+01 3.105000000000000000e+03
9.000000000000000000e+00 2.984000000000000000e+03
1.500000000000000000e+01 2.954000000000000000e+03
8.000000000000000000e+00 2.732000000000000000e+03
7.000000000000000000e+00 2.627000000000000000e+03
1.600000000000000000e+01 2.617000000000000000e+03
5.000000000000000000e+00 2.615000000000000000e+03
6.000000000000000000e+00 2.564000000000000000e+03
1.700000000000000000e+01 2.197000000000000000e+03
1.800000000000000000e+01 1.841000000000000000e+03
1.900000000000000000e+01 1.542000000000000000e+03
2.000000000000000000e+01 1.105000000000000000e+03
2.100000000000000000e+01 8.860000000000000000e+02
2.200000000000000000e+01 5.770000000000000000e+02
2.300000000000000000e+01 3.760000000000000000e+02
2.400000000000000000e+01 2.780000000000000000e+02
2.500000000000000000e+01 1.920000000000000000e+02
2.600000000000000000e+01 1.070000000000000000e+02
2.700000000000000000e+01 8.000000000000000000e+01
2.800000000000000000e+01 6.900000000000000000e+01
2.900000000000000000e+01 3.400000000000000000e+01
3.000000000000000000e+01 2.300000000000000000e+01
3.100000000000000000e+01 1.200000000000000000e+01
3.300000000000000000e+01 6.000000000000000000e+00
3.200000000000000000e+01 4.000000000000000000e+00
3.400000000000000000e+01 3.000000000000000000e+00
3.500000000000000000e+01 2.000000000000000000e+00
3.600000000000000000e+01 1.000000000000000000e+00

1.000000000000000000e+00 2.704530000000000000e+06
2.000000000000000000e+00 1.740300000000000000e+04
3.000000000000000000e+00 6.059000000000000000e+03
4.000000000000000000e+00 3.525000000000000000e+03
1.200000000000000000e+01 3.330000000000000000e+03
1.000000000000000000e+01 3.277000000000000000e+03
1.100000000000000000e+01 3.196000000000000000e+03
1.300000000000000000e+01 3.166000000000000000e+03
9.000000000000000000e+00 3.141000000000000000e+03
5.000000000000000000e+00 2.958000000000000000e+03
8.000000000000000000e+00 2.942000000000000000e+03
1.400000000000000000e+01 2.922000000000000000e+03
7.000000000000000000e+00 2.815000000000000000e+03
6.000000000000000000e+00 2.755000000000000000e+03
1.500000000000000000e+01 2.661000000000000000e+03
1.600000000000000000e+01 2.217000000000000000e+03
1.700000000000000000e+01 1.930000000000000000e+03
1.800000000000000000e+01 1.591000000000000000e+03
1.900000000000000000e+01 1.329000000000000000e+03
2.000000000000000000e+01 9.320000000000000000e+02
2.100000000000000000e+01 7.590000000000000000e+02
2.200000000000000000e+01 5.470000000000000000e+02
2.300000000000000000e+01 3.830000000000000000e+02
2.400000000000000000e+01 2.690000000000000000e+02
2.500000000000000000e+01 1.580000000000000000e+02
2.600000000000000000e+01 1.070000000000000000e+02
2.700000000000000000e+01 8.500000000000000000e+01
2.800000000000000000e+01 3.400000000000000000e+01
2.900000000000000000e+01 2.300000000000000000e+01
3.100000000000000000e+01 1.300000000000000000e+01
3.000000000000000000e+01 1.200000000000000000e+01
3.300000000000000000e+01 3.000000000000000000e+00
3.200000000000000000e+01 2.000000000000000000e+00
3.400000000000000000e+01 1.000000000000000000e+00
3.500000000000000000e+01 1.000000000000000000e+00

1.000000000000000000e+00 2.731319000000000000e+06
2.000000000000000000e+00 1.895800000000000000e+04
3.000000000000000000e+00 6.663000000000000000e+03
4.000000000000000000e+00 3.898000000000000000e+03
1.100000000000000000e+01 3.254000000000000000e+03
1.200000000000000000e+01 3.167000000000000000e+03
1.000000000000000000e+01 3.158000000000000000e+03
5.000000000000000000e+00 3.133000000000000000e+03
8.000000000000000000e+00 3.111000000000000000e+03
9.000000000000000000e+00 3.102000000000000000e+03
6.000000000000000000e+00 3.080000000000000000e+03
1.300000000000000000e+01 3.001000000000000000e+03
7.000000000000000000e+00 2.981000000000000000e+03
1.400000000000000000e+01 2.608000000000000000e+03
1.500000000000000000e+01 2.420000000000000000e+03
1.600000000000000000e+01 2.070000000000000000e+03
1.700000000000000000e+01 1.798000000000000000e+03
1.800000000000000000e+01 1.261000000000000000e+03
1.900000000000000000e+01 1.083000000000000000e+03
2.000000000000000000e+01 8.510000000000000000e+02
2.100000000000000000e+01 6.160000000000000000e+02
2.200000000000000000e+01 4.630000000000000000e+02
2.300000000000000000e+01 3.280000000000000000e+02
2.400000000000000000e+01 2.050000000000000000e+02
2.500000000000000000e+01 1.360000000000000000e+02
2.600000000000000000e+01 1.070000000000000000e+02
2.700000000000000000e+01 6.500000000000000000e+01
2.800000000000000000e+01 3.800000000000000000e+01
2.900000000000000000e+01 2.200000000000000000e+01
3.000000000000000000e+01 1.700000000000000000e+01
3.100000000000000000e+01 9.000000000000000000e+00
3.200000000000000000e+01 2.000000000000000000e+00
3.500000000000000000e+01 2.000000000000000000e+00
3.400000000000000000e+01 1.000000000000000000e+00

1.000000000000000000e+00 2.761872000000000000e+06
2.000000000000000000e+00 2.020400000000000000e+04
3.000000000000000000e+00 7.144000000000000000e+03
4.000000000000000000e+00 4.311000000000000000e+03
5.000000000000000000e+00 3.492000000000000000e+03
6.000000000000000000e+00 3.179000000000000000e+03
1.000000000000000000e+01 3.158000000000000000e+03
8.000000000000000000e+00 3.154000000000000000e+03
9.000000000000000000e+00 3.137000000000000000e+03
7.000000000000000000e+00 3.021000000000000000e+03
1.200000000000000000e+01 2.930000000000000000e+03
1.100000000000000000e+01 2.898000000000000000e+03
1.300000000000000000e+01 2.631000000000000000e+03
1.400000000000000000e+01 2.443000000000000000e+03
1.500000000000000000e+01 2.135000000000000000e+03
1.600000000000000000e+01 1.862000000000000000e+03
1.700000000000000000e+01 1.509000000000000000e+03
1.800000000000000000e+01 1.164000000000000000e+03
1.900000000000000000e+01 9.380000000000000000e+02
2.000000000000000000e+01 7.540000000000000000e+02
2.100000000000000000e+01 5.480000000000000000e+02
2.200000000000000000e+01 3.840000000000000000e+02
2.300000000000000000e+01 3.000000000000000000e+02
2.400000000000000000e+01 1.900000000000000000e+02
2.500000000000000000e+01 1.030000000000000000e+02
2.600000000000000000e+01 8.200000000000000000e+01
2.700000000000000000e+01 5.300000000000000000e+01
2.800000000000000000e+01 2.500000000000000000e+01
2.900000000000000000e+01 1.800000000000000000e+01
3.000000000000000000e+01 1.000000000000000000e+01
3.100000000000000000e+01 9.000000000000000000e+00
3.200000000000000000e+01 3.000000000000000000e+00
3.300000000000000000e+01 2.000000000000000000e+00
3.400000000000000000e+01 1.000000000000000000e+00

1.000000000000000000e+00 2.792290000000000000e+06
2.000000000000000000e+00 2.132200000000000000e+04
3.000000000000000000e+00 7.653000000000000000e+03
4.000000000000000000e+00 4.520000000000000000e+03
5.000000000000000000e+00 3.492000000000000000e+03
6.000000000000000000e+00 3.406000000000000000e+03
7.000000000000000000e+00 3.176000000000000000e+03
9.000000000000000000e+00 3.049000000000000000e+03
8.000000000000000000e+00 3.024000000000000000e+03
1.000000000000000000e+01 2.945000000000000000e+03
1.100000000000000000e+01 2.916000000000000000e+03
1.200000000000000000e+01 2.710000000000000000e+03
1.300000000000000000e+01 2.499000000000000000e+03
1.400000000000000000e+01 2.263000000000000000e+03
1.500000000000000000e+01 1.907000000000000000e+03
1.600000000000000000e+01 1.520000000000000000e+03
1.700000000000000000e+01 1.260000000000000000e+03
1.800000000000000000e+01 1.092000000000000000e+03
1.900000000000000000e+01 7.970000000000000000e+02
2.000000000000000000e+01 6.040000000000000000e+02
2.100000000000000000e+01 4.530000000000000000e+02
2.200000000000000000e+01 3.300000000000000000e+02
2.300000000000000000e+01 2.430000000000000000e+02
2.400000000000000000e+01 1.500000000000000000e+02
2.500000000000000000e+01 9.000000000000000000e+01
2.600000000000000000e+01 6.600000000000000000e+01
2.700000000000000000e+01 5.200000000000000000e+01
2.800000000000000000e+01 2.100000000000000000e+01
3.000000000000000000e+01 1.000000000000000000e+01
2.900000000000000000e+01 9.000000000000000000e+00
3.100000000000000000e+01 8.000000000000000000e+00
3.300000000000000000e+01 2.000000000000000000e+00
3.200000000000000000e+01 1.000000000000000000e+00

1.000000000000000000e+00 2.825671000000000000e+06
2.000000000000000000e+00 2.270600000000000000e+04
3.000000000000000000e+00 8.062000000000000000e+03
4.000000000000000000e+00 4.873000000000000000e+03
5.000000000000000000e+00 3.873000000000000000e+03
6.000000000000000000e+00 3.355000000000000000e+03
7.000000000000000000e+00 3.130000000000000000e+03
8.000000000000000000e+00 3.036000000000000000e+03
9.000000000000000000e+00 2.977000000000000000e+03
1.000000000000000000e+01 2.832000000000000000e+03
1.100000000000000000e+01 2.695000000000000000e+03
1.200000000000000000e+01 2.441000000000000000e+03
1.300000000000000000e+01 2.216000000000000000e+03
1.400000000000000000e+01 1.906000000000000000e+03
1.500000000000000000e+01 1.653000000000000000e+03
1.600000000000000000e+01 1.436000000000000000e+03
1.700000000000000000e+01 1.093000000000000000e+03
1.800000000000000000e+01 8.970000000000000000e+02
1.900000000000000000e+01 6.600000000000000000e+02
2.000000000000000000e+01 4.910000000000000000e+02
2.100000000000000000e+01 3.290000000000000000e+02
2.200000000000000000e+01 2.650000000000000000e+02
2.300000000000000000e+01 1.680000000000000000e+02
2.400000000000000000e+01 1.150000000000000000e+02
2.500000000000000000e+01 9.700000000000000000e+01
2.600000000000000000e+01 5.500000000000000000e+01
2.700000000000000000e+01 3.500000000000000000e+01
2.800000000000000000e+01 1.700000000000000000e+01
2.900000000000000000e+01 8.000000000000000000e+00
3.000000000000000000e+01 6.000000000000000000e+00
3.200000000000000000e+01 2.000000000000000000e+00
3.100000000000000000e+01 1.000000000000000000e+00

1.000000000000000000e+00 2.865894000000000000e+06
2.000000000000000000e+00 2.377600000000000000e+04
3.000000000000000000e+00 8.542000000000000000e+03
4.000000000000000000e+00 4.994000000000000000e+03
5.000000000000000000e+00 3.835000000000000000e+03
6.000000000000000000e+00 3.421000000000000000e+03
7.000000000000000000e+00 3.080000000000000000e+03
8.000000000000000000e+00 2.964000000000000000e+03
9.000000000000000000e+00 2.687000000000000000e+03
1.000000000000000000e+01 2.594000000000000000e+03
1.100000000000000000e+01 2.386000000000000000e+03
1.200000000000000000e+01 2.051000000000000000e+03
1.300000000000000000e+01 1.880000000000000000e+03
1.400000000000000000e+01 1.662000000000000000e+03
1.500000000000000000e+01 1.451000000000000000e+03
1.600000000000000000e+01 1.113000000000000000e+03
1.700000000000000000e+01 8.900000000000000000e+02
1.800000000000000000e+01 7.480000000000000000e+02
1.900000000000000000e+01 5.820000000000000000e+02
2.000000000000000000e+01 4.300000000000000000e+02
2.100000000000000000e+01 2.900000000000000000e+02
2.200000000000000000e+01 2.080000000000000000e+02
2.300000000000000000e+01 1.390000000000000000e+02
2.400000000000000000e+01 9.800000000000000000e+01
2.500000000000000000e+01 4.900000000000000000e+01
2.600000000000000000e+01 3.500000000000000000e+01
2.800000000000000000e+01 1.500000000000000000e+01
2.700000000000000000e+01 1.000000000000000000e+01
2.900000000000000000e+01 4.000000000000000000e+00
3.000000000000000000e+01 4.000000000000000000e+00
3.100000000000000000e+01 4.000000000000000000e+00
3.200000000000000000e+01 1.000000000000000000e+00
3.300000000000000000e+01 1.000000000000000000e+00

1.000000000000000000e+00 2.917820000000000000e+06
2.000000000000000000e+00 2.469600000000000000e+04
3.000000000000000000e+00 8.557000000000000000e+03
4.000000000000000000e+00 4.969000000000000000e+03
5.000000000000000000e+00 3.970000000000000000e+03
6.000000000000000000e+00 3.329000000000000000e+03
7.000000000000000000e+00 3.012000000000000000e+03
8.000000000000000000e+00 2.764000000000000000e+03
9.000000000000000000e+00 2.524000000000000000e+03
1.000000000000000000e+01 2.258000000000000000e+03
1.100000000000000000e+01 2.043000000000000000e+03
1.200000000000000000e+01 1.780000000000000000e+03
1.300000000000000000e+01 1.559000000000000000e+03
1.400000000000000000e+01 1.298000000000000000e+03
1.500000000000000000e+01 1.033000000000000000e+03
1.600000000000000000e+01 8.840000000000000000e+02
1.700000000000000000e+01 6.860000000000000000e+02
1.800000000000000000e+01 5.380000000000000000e+02
1.900000000000000000e+01 4.040000000000000000e+02
2.000000000000000000e+01 2.740000000000000000e+02
2.100000000000000000e+01 2.110000000000000000e+02
2.200000000000000000e+01 1.320000000000000000e+02
2.300000000000000000e+01 8.600000000000000000e+01
2.400000000000000000e+01 5.100000000000000000e+01
2.500000000000000000e+01 3.300000000000000000e+01
2.600000000000000000e+01 2.400000000000000000e+01
2.700000000000000000e+01 1.300000000000000000e+01
2.800000000000000000e+01 3.000000000000000000e+00
3.100000000000000000e+01 2.000000000000000000e+00
2.900000000000000000e+01 1.000000000000000000e+00

1.000000000000000000e+00 2.966959000000000000e+06
2.000000000000000000e+00 2.550400000000000000e+04
3.000000000000000000e+00 8.841000000000000000e+03
4.000000000000000000e+00 4.978000000000000000e+03
5.000000000000000000e+00 3.894000000000000000e+03
6.000000000000000000e+00 3.186000000000000000e+03
7.000000000000000000e+00 2.768000000000000000e+03
8.000000000000000000e+00 2.416000000000000000e+03
9.000000000000000000e+00 2.230000000000000000e+03
1.000000000000000000e+01 1.917000000000000000e+03
1.100000000000000000e+01 1.686000000000000000e+03
1.200000000000000000e+01 1.445000000000000000e+03
1.300000000000000000e+01 1.154000000000000000e+03
1.400000000000000000e+01 9.630000000000000000e+02
1.500000000000000000e+01 8.120000000000000000e+02
1.600000000000000000e+01 6.700000000000000000e+02
1.700000000000000000e+01 5.070000000000000000e+02
1.800000000000000000e+01 3.810000000000000000e+02
1.900000000000000000e+01 2.780000000000000000e+02
2.000000000000000000e+01 1.990000000000000000e+02
2.100000000000000000e+01 1.290000000000000000e+02
2.200000000000000000e+01 8.000000000000000000e+01
2.300000000000000000e+01 5.100000000000000000e+01
2.400000000000000000e+01 3.300000000000000000e+01
2.500000000000000000e+01 1.200000000000000000e+01
2.600000000000000000e+01 7.000000000000000000e+00
3.000000000000000000e+01 2.000000000000000000e+00
2.700000000000000000e+01 2.000000000000000000e+00
2.900000000000000000e+01 1.000000000000000000e+00

1.000000000000000000e+00 3.011040000000000000e+06
2.000000000000000000e+00 2.618500000000000000e+04
3.000000000000000000e+00 8.993000000000000000e+03
4.000000000000000000e+00 5.017000000000000000e+03
5.000000000000000000e+00 3.765000000000000000e+03
6.000000000000000000e+00 2.950000000000000000e+03
7.000000000000000000e+00 2.438000000000000000e+03
8.000000000000000000e+00 2.153000000000000000e+03
9.000000000000000000e+00 1.840000000000000000e+03
1.000000000000000000e+01 1.573000000000000000e+03
1.100000000000000000e+01 1.310000000000000000e+03
1.200000000000000000e+01 1.115000000000000000e+03
1.300000000000000000e+01 9.080000000000000000e+02
1.400000000000000000e+01 7.180000000000000000e+02
1.500000000000000000e+01 6.120000000000000000e+02
1.600000000000000000e+01 4.610000000000000000e+02
1.700000000000000000e+01 3.490000000000000000e+02
1.800000000000000000e+01 2.620000000000000000e+02
1.900000000000000000e+01 1.720000000000000000e+02
2.000000000000000000e+01 1.150000000000000000e+02
2.100000000000000000e+01 7.600000000000000000e+01
2.200000000000000000e+01 5.300000000000000000e+01
2.300000000000000000e+01 2.200000000000000000e+01
2.400000000000000000e+01 1.700000000000000000e+01
2.500000000000000000e+01 4.000000000000000000e+00
2.600000000000000000e+01 4.000000000000000000e+00
2.700000000000000000e+01 3.000000000000000000e+00
3.000000000000000000e+01 1.000000000000000000e+00
2.800000000000000000e+01 1.000000000000000000e+00

1.000000000000000000e+00 3.049528000000000000e+06
2.000000000000000000e+00 2.600300000000000000e+04
3.000000000000000000e+00 9.044000000000000000e+03
4.000000000000000000e+00 4.953000000000000000e+03
5.000000000000000000e+00 3.371000000000000000e+03
6.000000000000000000e+00 2.692000000000000000e+03
7.000000000000000000e+00 2.259000000000000000e+03
8.000000000000000000e+00 1.817000000000000000e+03
9.000000000000000000e+00 1.544000000000000000e+03
1.000000000000000000e+01 1.338000000000000000e+03
1.100000000000000000e+01 1.094000000000000000e+03
1.200000000000000000e+01 8.140000000000000000e+02
1.300000000000000000e+01 6.540000000000000000e+02
1.400000000000000000e+01 5.660000000000000000e+02
1.500000000000000000e+01 4.090000000000000000e+02
1.600000000000000000e+01 2.790000000000000000e+02
1.700000000000000000e+01 2.190000000000000000e+02
1.800000000000000000e+01 1.500000000000000000e+02
1.900000000000000000e+01 9.500000000000000000e+01
2.000000000000000000e+01 6.600000000000000000e+01
2.100000000000000000e+01 5.600000000000000000e+01
2.200000000000000000e+01 2.800000000000000000e+01
2.300000000000000000e+01 1.500000000000000000e+01
2.400000000000000000e+01 8.000000000000000000e+00
2.700000000000000000e+01 3.000000000000000000e+00
2.600000000000000000e+01 2.000000000000000000e+00
2.500000000000000000e+01 1.000000000000000000e+00
2.800000000000000000e+01 1.000000000000000000e+00

1.000000000000000000e+00 3.082294000000000000e+06
2.000000000000000000e+00 2.587100000000000000e+04
3.000000000000000000e+00 9.026000000000000000e+03
4.000000000000000000e+00 4.859000000000000000e+03
5.000000000000000000e+00 3.415000000000000000e+03
6.000000000000000000e+00 2.450000000000000000e+03
7.000000000000000000e+00 1.917000000000000000e+03
8.000000000000000000e+00 1.534000000000000000e+03
9.000000000000000000e+00 1.257000000000000000e+03
1.000000000000000000e+01 1.007000000000000000e+03
1.100000000000000000e+01 8.190000000000000000e+02
1.200000000000000000e+01 5.840000000000000000e+02
1.300000000000000000e+01 4.570000000000000000e+02
1.400000000000000000e+01 3.780000000000000000e+02
1.500000000000000000e+01 2.650000000000000000e+02
1.600000000000000000e+01 1.990000000000000000e+02
1.700000000000000000e+01 1.330000000000000000e+02
1.800000000000000000e+01 7.800000000000000000e+01
1.900000000000000000e+01 4.600000000000000000e+01
2.000000000000000000e+01 2.600000000000000000e+01
2.100000000000000000e+01 1.900000000000000000e+01
2.200000000000000000e+01 1.600000000000000000e+01
2.300000000000000000e+01 9.000000000000000000e+00
2.400000000000000000e+01 4.000000000000000000e+00
2.600000000000000000e+01 2.000000000000000000e+00
2.700000000000000000e+01 1.000000000000000000e+00

1.000000000000000000e+00 3.109964000000000000e+06
2.000000000000000000e+00 2.614800000000000000e+04
3.000000000000000000e+00 8.974000000000000000e+03
4.000000000000000000e+00 4.780000000000000000e+03
5.000000000000000000e+00 3.018000000000000000e+03
6.000000000000000000e+00 2.302000000000000000e+03
7.000000000000000000e+00 1.722000000000000000e+03
8.000000000000000000e+00 1.224000000000000000e+03
9.000000000000000000e+00 9.660000000000000000e+02
1.000000000000000000e+01 7.160000000000000000e+02
1.100000000000000000e+01 5.530000000000000000e+02
1.200000000000000000e+01 4.190000000000000000e+02
1.300000000000000000e+01 2.810000000000000000e+02
1.400000000000000000e+01 1.990000000000000000e+02
1.500000000000000000e+01 1.550000000000000000e+02
1.600000000000000000e+01 1.060000000000000000e+02
1.700000000000000000e+01 7.500000000000000000e+01
1.800000000000000000e+01 4.500000000000000000e+01
1.900000000000000000e+01 2.600000000000000000e+01
2.000000000000000000e+01 1.900000000000000000e+01
2.100000000000000000e+01 1.200000000000000000e+01
2.200000000000000000e+01 1.000000000000000000e+01
2.300000000000000000e+01 3.000000000000000000e+00
2.500000000000000000e+01 1.000000000000000000e+00

1.000000000000000000e+00 3.133775000000000000e+06
2.000000000000000000e+00 2.536500000000000000e+04
3.000000000000000000e+00 8.502000000000000000e+03
4.000000000000000000e+00 4.376000000000000000e+03
5.000000000000000000e+00 2.774000000000000000e+03
6.000000000000000000e+00 1.985000000000000000e+03
7.000000000000000000e+00 1.401000000000000000e+03
8.000000000000000000e+00 9.890000000000000000e+02
9.000000000000000000e+00 7.610000000000000000e+02
1.000000000000000000e+01 5.340000000000000000e+02
1.100000000000000000e+01 3.870000000000000000e+02
1.200000000000000000e+01 2.960000000000000000e+02
1.300000000000000000e+01 1.880000000000000000e+02
1.400000000000000000e+01 1.280000000000000000e+02
1.500000000000000000e+01 1.000000000000000000e+02
1.600000000000000000e+01 8.000000000000000000e+01
1.700000000000000000e+01 4.300000000000000000e+01
1.800000000000000000e+01 2.700000000000000000e+01
1.900000000000000000e+01 1.500000000000000000e+01
2.200000000000000000e+01 7.000000000000000000e+00
2.000000000000000000e+01 7.000000000000000000e+00
2.100000000000000000e+01 5.000000000000000000e+00
2.400000000000000000e+01 2.000000000000000000e+00
2.300000000000000000e+01 1.000000000000000000e+00

1.000000000000000000e+00 3.154660000000000000e+06
2.000000000000000000e+00 2.381200000000000000e+04
3.000000000000000000e+00 8.014000000000000000e+03
4.000000000000000000e+00 3.998000000000000000e+03
5.000000000000000000e+00 2.458000000000000000e+03
6.000000000000000000e+00 1.659000000000000000e+03
7.000000000000000000e+00 1.208000000000000000e+03
8.000000000000000000e+00 7.950000000000000000e+02
9.000000000000000000e+00 6.450000000000000000e+02
1.000000000000000000e+01 3.920000000000000000e+02
1.100000000000000000e+01 2.860000000000000000e+02
1.200000000000000000e+01 1.810000000000000000e+02
1.300000000000000000e+01 1.310000000000000000e+02
1.400000000000000000e+01 8.000000000000000000e+01
1.500000000000000000e+01 5.300000000000000000e+01
1.600000000000000000e+01 4.600000000000000000e+01
1.700000000000000000e+01 2.800000000000000000e+01
1.800000000000000000e+01 1.600000000000000000e+01
2.000000000000000000e+01 1.000000000000000000e+01
1.900000000000000000e+01 7.000000000000000000e+00
2.100000000000000000e+01 5.000000000000000000e+00
2.300000000000000000e+01 1.000000000000000000e+00

1.000000000000000000e+00 3.172513000000000000e+06
2.000000000000000000e+00 2.290200000000000000e+04
3.000000000000000000e+00 7.387000000000000000e+03
4.000000000000000000e+00 3.649000000000000000e+03
5.000000000000000000e+00 2.201000000000000000e+03
6.000000000000000000e+00 1.338000000000000000e+03
7.000000000000000000e+00 9.040000000000000000e+02
8.000000000000000000e+00 5.990000000000000000e+02
9.000000000000000000e+00 4.680000000000000000e+02
1.000000000000000000e+01 3.060000000000000000e+02
1.100000000000000000e+01 2.040000000000000000e+02
1.200000000000000000e+01 1.360000000000000000e+02
1.300000000000000000e+01 1.000000000000000000e+02
1.400000000000000000e+01 5.600000000000000000e+01
1.500000000000000000e+01 4.900000000000000000e+01
1.600000000000000000e+01 2.200000000000000000e+01
1.700000000000000000e+01 1.000000000000000000e+01
1.800000000000000000e+01 7.000000000000000000e+00
2.000000000000000000e+01 6.000000000000000000e+00
1.900000000000000000e+01 2.000000000000000000e+00

1.000000000000000000e+00 3.185062000000000000e+06
2.000000000000000000e+00 2.161300000000000000e+04
3.000000000000000000e+00 6.997000000000000000e+03
4.000000000000000000e+00 3.504000000000000000e+03
5.000000000000000000e+00 1.893000000000000000e+03
6.000000000000000000e+00 1.168000000000000000e+03
7.000000000000000000e+00 8.120000000000000000e+02
8.000000000000000000e+00 5.230000000000000000e+02
9.000000000000000000e+00 3.320000000000000000e+02
1.000000000000000000e+01 2.170000000000000000e+02
1.100000000000000000e+01 1.570000000000000000e+02
1.200000000000000000e+01 8.900000000000000000e+01
1.300000000000000000e+01 5.400000000000000000e+01
1.400000000000000000e+01 4.300000000000000000e+01
1.500000000000000000e+01 3.300000000000000000e+01
1.600000000000000000e+01 2.000000000000000000e+01
1.700000000000000000e+01 8.000000000000000000e+00
1.900000000000000000e+01 5.000000000000000000e+00
2.000000000000000000e+01 1.000000000000000000e+00
1.800000000000000000e+01 1.000000000000000000e+00
2.300000000000000000e+01 1.000000000000000000e+00

1.000000000000000000e+00 3.195403000000000000e+06
2.000000000000000000e+00 2.079500000000000000e+04
3.000000000000000000e+00 6.507000000000000000e+03
4.000000000000000000e+00 2.989000000000000000e+03
5.000000000000000000e+00 1.764000000000000000e+03
6.000000000000000000e+00 1.090000000000000000e+03
7.000000000000000000e+00 6.820000000000000000e+02
8.000000000000000000e+00 4.200000000000000000e+02
9.000000000000000000e+00 2.510000000000000000e+02
1.000000000000000000e+01 2.060000000000000000e+02
1.100000000000000000e+01 1.040000000000000000e+02
1.200000000000000000e+01 7.100000000000000000e+01
1.300000000000000000e+01 4.500000000000000000e+01
1.400000000000000000e+01 3.000000000000000000e+01
1.600000000000000000e+01 1.500000000000000000e+01
1.500000000000000000e+01 1.300000000000000000e+01
1.700000000000000000e+01 1.100000000000000000e+01
1.900000000000000000e+01 2.000000000000000000e+00
1.800000000000000000e+01 2.000000000000000000e+00
2.000000000000000000e+01 1.000000000000000000e+00

1.000000000000000000e+00 3.209472000000000000e+06
2.000000000000000000e+00 1.977900000000000000e+04
3.000000000000000000e+00 5.879000000000000000e+03
4.000000000000000000e+00 2.632000000000000000e+03
5.000000000000000000e+00 1.430000000000000000e+03
6.000000000000000000e+00 8.150000000000000000e+02
7.000000000000000000e+00 4.680000000000000000e+02
8.000000000000000000e+00 2.880000000000000000e+02
9.000000000000000000e+00 1.820000000000000000e+02
1.000000000000000000e+01 1.110000000000000000e+02
1.100000000000000000e+01 6.500000000000000000e+01
1.200000000000000000e+01 4.800000000000000000e+01
1.300000000000000000e+01 3.200000000000000000e+01
1.400000000000000000e+01 2.200000000000000000e+01
1.500000000000000000e+01 7.000000000000000000e+00
1.800000000000000000e+01 6.000000000000000000e+00
1.700000000000000000e+01 5.000000000000000000e+00
1.600000000000000000e+01 4.000000000000000000e+00
2.100000000000000000e+01 1.000000000000000000e+00
2.000000000000000000e+01 1.000000000000000000e+00
1.900000000000000000e+01 1.000000000000000000e+00

1.000000000000000000e+00 3.221228000000000000e+06
2.000000000000000000e+00 1.855100000000000000e+04
3.000000000000000000e+00 5.373000000000000000e+03
4.000000000000000000e+00 2.262000000000000000e+03
5.000000000000000000e+00 1.129000000000000000e+03
6.000000000000000000e+00 6.100000000000000000e+02
7.000000000000000000e+00 3.520000000000000000e+02
8.000000000000000000e+00 2.030000000000000000e+02
9.000000000000000000e+00 1.110000000000000000e+02
1.000000000000000000e+01 6.100000000000000000e+01
1.100000000000000000e+01 4.300000000000000000e+01
1.200000000000000000e+01 2.600000000000000000e+01
1.400000000000000000e+01 1.700000000000000000e+01
1.300000000000000000e+01 1.600000000000000000e+01
1.500000000000000000e+01 7.000000000000000000e+00
1.700000000000000000e+01 3.000000000000000000e+00
1.800000000000000000e+01 3.000000000000000000e+00
1.600000000000000000e+01 1.000000000000000000e+00
2.400000000000000000e+01 1.000000000000000000e+00
2.000000000000000000e+01 1.000000000000000000e+00

1.000000000000000000e+00 3.224806000000000000e+06
2.000000000000000000e+00 1.841100000000000000e+04
3.000000000000000000e+00 5.154000000000000000e+03
4.000000000000000000e+00 2.160000000000000000e+03
5.000000000000000000e+00 1.070000000000000000e+03
6.000000000000000000e+00 5.360000000000000000e+02
7.000000000000000000e+00 2.790000000000000000e+02
8.000000000000000000e+00 1.320000000000000000e+02
9.000000000000000000e+00 9.600000000000000000e+01
1.000000000000000000e+01 7.000000000000000000e+01
1.200000000000000000e+01 2.700000000000000000e+01
1.100000000000000000e+01 2.500000000000000000e+01
1.300000000000000000e+01 1.300000000000000000e+01
1.400000000000000000e+01 1.000000000000000000e+01
1.500000000000000000e+01 6.000000000000000000e+00
1.600000000000000000e+01 5.000000000000000000e+00
1.700000000000000000e+01 2.000000000000000000e+00
1.900000000000000000e+01 1.000000000000000000e+00

1.000000000000000000e+00 3.234822000000000000e+06
2.000000000000000000e+00 1.635500000000000000e+04
3.000000000000000000e+00 4.774000000000000000e+03
4.000000000000000000e+00 1.828000000000000000e+03
5.000000000000000000e+00 8.820000000000000000e+02
6.000000000000000000e+00 3.790000000000000000e+02
7.000000000000000000e+00 2.120000000000000000e+02
8.000000000000000000e+00 1.150000000000000000e+02
9.000000000000000000e+00 5.000000000000000000e+01
1.000000000000000000e+01 3.900000000000000000e+01
1.100000000000000000e+01 3.100000000000000000e+01
1.200000000000000000e+01 1.800000000000000000e+01
1.300000000000000000e+01 1.200000000000000000e+01
1.400000000000000000e+01 5.000000000000000000e+00
1.500000000000000000e+01 5.000000000000000000e+00
1.600000000000000000e+01 3.000000000000000000e+00

1.000000000000000000e+00 3.237845000000000000e+06
2.000000000000000000e+00 1.586600000000000000e+04
3.000000000000000000e+00 4.574000000000000000e+03
4.000000000000000000e+00 1.771000000000000000e+03
5.000000000000000000e+00 7.950000000000000000e+02
6.000000000000000000e+00 3.960000000000000000e+02
7.000000000000000000e+00 1.860000000000000000e+02
8.000000000000000000e+00 9.400000000000000000e+01
9.000000000000000000e+00 5.300000000000000000e+01
1.000000000000000000e+01 2.800000000000000000e+01
1.100000000000000000e+01 1.600000000000000000e+01
1.200000000000000000e+01 9.000000000000000000e+00
1.300000000000000000e+01 5.000000000000000000e+00
1.400000000000000000e+01 3.000000000000000000e+00
1.500000000000000000e+01 2.000000000000000000e+00
1.800000000000000000e+01 1.000000000000000000e+00
1.600000000000000000e+01 1.000000000000000000e+00

1.000000000000000000e+00 3.239878000000000000e+06
2.000000000000000000e+00 1.571700000000000000e+04
3.000000000000000000e+00 4.315000000000000000e+03
4.000000000000000000e+00 1.705000000000000000e+03
5.000000000000000000e+00 7.350000000000000000e+02
6.000000000000000000e+00 3.440000000000000000e+02
7.000000000000000000e+00 1.880000000000000000e+02
8.000000000000000000e+00 8.900000000000000000e+01
9.000000000000000000e+00 4.000000000000000000e+01
1.000000000000000000e+01 2.800000000000000000e+01
1.100000000000000000e+01 2.100000000000000000e+01
1.200000000000000000e+01 8.000000000000000000e+00
1.300000000000000000e+01 5.000000000000000000e+00
1.400000000000000000e+01 4.000000000000000000e+00
1.500000000000000000e+01 2.000000000000000000e+00
1.900000000000000000e+01 2.000000000000000000e+00

1.000000000000000000e+00 3.242297000000000000e+06
2.000000000000000000e+00 1.531100000000000000e+04
3.000000000000000000e+00 4.231000000000000000e+03
4.000000000000000000e+00 1.629000000000000000e+03
5.000000000000000000e+00 6.720000000000000000e+02
6.000000000000000000e+00 3.490000000000000000e+02
7.000000000000000000e+00 1.660000000000000000e+02
8.000000000000000000e+00 6.300000000000000000e+01
9.000000000000000000e+00 4.100000000000000000e+01
1.000000000000000000e+01 1.600000000000000000e+01
1.100000000000000000e+01 1.200000000000000000e+01
1.200000000000000000e+01 3.000000000000000000e+00
1.300000000000000000e+01 2.000000000000000000e+00
1.500000000000000000e+01 1.000000000000000000e+00
1.400000000000000000e+01 1.000000000000000000e+00

1.000000000000000000e+00 3.247202000000000000e+06
2.000000000000000000e+00 1.467600000000000000e+04
3.000000000000000000e+00 3.855000000000000000e+03
4.000000000000000000e+00 1.420000000000000000e+03
5.000000000000000000e+00 5.790000000000000000e+02
6.000000000000000000e+00 2.410000000000000000e+02
7.000000000000000000e+00 1.150000000000000000e+02
8.000000000000000000e+00 5.900000000000000000e+01
9.000000000000000000e+00 2.300000000000000000e+01
1.000000000000000000e+01 2.100000000000000000e+01
1.100000000000000000e+01 8.000000000000000000e+00
1.200000000000000000e+01 2.000000000000000000e+00
1.400000000000000000e+01 2.000000000000000000e+00
1.300000000000000000e+01 2.000000000000000000e+00

1.000000000000000000e+00 3.248024000000000000e+06
2.000000000000000000e+00 1.447100000000000000e+04
3.000000000000000000e+00 3.644000000000000000e+03
4.000000000000000000e+00 1.429000000000000000e+03
5.000000000000000000e+00 5.990000000000000000e+02
6.000000000000000000e+00 2.390000000000000000e+02
7.000000000000000000e+00 1.160000000000000000e+02
8.000000000000000000e+00 5.100000000000000000e+01
9.000000000000000000e+00 3.700000000000000000e+01
1.000000000000000000e+01 1.800000000000000000e+01
1.100000000000000000e+01 1.100000000000000000e+01
1.200000000000000000e+01 4.000000000000000000e+00
1.300000000000000000e+01 2.000000000000000000e+00
1.400000000000000000e+01 1.000000000000000000e+00
1.500000000000000000e+01 1.000000000000000000e+00

