1.000000000000000000e+00 5.015632000000000000e+06
1.600000000000000000e+01 1.038100000000000000e+04
1.500000000000000000e+01 1.026800000000000000e+04
1.700000000000000000e+01 1.006600000000000000e+04
1.400000000000000000e+01 9.353000000000000000e+03
1.800000000000000000e+01 8.837000000000000000e+03
1.300000000000000000e+01 7.949000000000000000e+03
1.900000000000000000e+01 7.256000000000000000e+03
1.200000000000000000e+01 6.219000000000000000e+03
2.000000000000000000e+01 5.584000000000000000e+03
1.100000000000000000e+01 4.705000000000000000e+03
2.100000000000000000e+01 3.977000000000000000e+03
2.000000000000000000e+00 3.759000000000000000e+03
1.000000000000000000e+01 3.119000000000000000e+03
2.200000000000000000e+01 2.674000000000000000e+03
9.000000000000000000e+00 2.091000000000000000e+03
2.300000000000000000e+01 1.728000000000000000e+03
8.000000000000000000e+00 1.348000000000000000e+03
3.000000000000000000e+00 1.250000000000000000e+03
2.400000000000000000e+01 9.440000000000000000e+02
7.000000000000000000e+00 9.160000000000000000e+02
4.000000000000000000e+00 7.720000000000000000e+02
6.000000000000000000e+00 6.860000000000000000e+02
5.000000000000000000e+00 6.380000000000000000e+02
2.500000000000000000e+01 5.560000000000000000e+02
2.600000000000000000e+01 3.130000000000000000e+02
2.700000000000000000e+01 1.530000000000000000e+02
2.800000000000000000e+01 7.300000000000000000e+01
2.900000000000000000e+01 3.500000000000000000e+01
3.000000000000000000e+01 1.400000000000000000e+01
3.100000000000000000e+01 1.200000000000000000e+01
3.200000000000000000e+01 5.000000000000000000e+00
3.300000000000000000e+01 2.000000000000000000e+00

1.000000000000000000e+00 5.036183000000000000e+06
1.500000000000000000e+01 1.031300000000000000e+04
1.600000000000000000e+01 1.019300000000000000e+04
1.700000000000000000e+01 9.637000000000000000e+03
1.400000000000000000e+01 9.584000000000000000e+03
1.300000000000000000e+01 8.344000000000000000e+03
1.800000000000000000e+01 8.219000000000000000e+03
1.900000000000000000e+01 6.734000000000000000e+03
1.200000000000000000e+01 6.551000000000000000e+03
2.000000000000000000e+01 5.255000000000000000e+03
1.100000000000000000e+01 4.978000000000000000e+03
2.000000000000000000e+00 3.971000000000000000e+03
2.100000000000000000e+01 3.771000000000000000e+03
1.000000000000000000e+01 3.532000000000000000e+03
2.200000000000000000e+01 2.530000000000000000e+03
9.000000000000000000e+00 2.375000000000000000e+03
2.300000000000000000e+01 1.586000000000000000e+03
8.000000000000000000e+00 1.576000000000000000e+03
3.000000000000000000e+00 1.327000000000000000e+03
7.000000000000000000e+00 1.046000000000000000e+03
2.400000000000000000e+01 9.600000000000000000e+02
4.000000000000000000e+00 7.810000000000000000e+02
6.000000000000000000e+00 7.530000000000000000e+02
5.000000000000000000e+00 6.980000000000000000e+02
2.500000000000000000e+01 5.970000000000000000e+02
2.600000000000000000e+01 3.120000000000000000e+02
2.700000000000000000e+01 1.510000000000000000e+02
2.800000000000000000e+01 7.100000000000000000e+01
2.900000000000000000e+01 4.500000000000000000e+01
3.000000000000000000e+01 1.200000000000000000e+01
3.100000000000000000e+01 8.000000000000000000e+00
3.200000000000000000e+01 2.000000000000000000e+00
3.800000000000000000e+01 1.000000000000000000e+00
3.300000000000000000e+01 1.000000000000000000e+00

1.000000000000000000e+00 5.057605000000000000e+06
1.500000000000000000e+01 1.013100000000000000e+04
1.600000000000000000e+01 1.003600000000000000e+04
1.400000000000000000e+01 9.700000000000000000e+03
1.700000000000000000e+01 9.101000000000000000e+03
1.300000000000000000e+01 8.558000000000000000e+03
1.800000000000000000e+01 7.891000000000000000e+03
1.200000000000000000e+01 6.991000000000000000e+03
1.900000000000000000e+01 6.433000000000000000e+03
1.100000000000000000e+01 5.501000000000000000e+03
2.000000000000000000e+01 4.906000000000000000e+03
2.000000000000000000e+00 4.267000000000000000e+03
1.000000000000000000e+01 3.845000000000000000e+03
2.100000000000000000e+01 3.550000000000000000e+03
9.000000000000000000e+00 2.629000000000000000e+03
2.200000000000000000e+01 2.340000000000000000e+03
8.000000000000000000e+00 1.821000000000000000e+03
2.300000000000000000e+01 1.531000000000000000e+03
3.000000000000000000e+00 1.427000000000000000e+03
7.000000000000000000e+00 1.185000000000000000e+03
2.400000000000000000e+01 9.020000000000000000e+02
4.000000000000000000e+00 8.430000000000000000e+02
6.000000000000000000e+00 8.360000000000000000e+02
5.000000000000000000e+00 7.650000000000000000e+02
2.500000000000000000e+01 5.430000000000000000e+02
2.600000000000000000e+01 2.560000000000000000e+02
2.700000000000000000e+01 1.360000000000000000e+02
2.800000000000000000e+01 7.800000000000000000e+01
2.900000000000000000e+01 5.200000000000000000e+01
3.000000000000000000e+01 1.300000000000000000e+01
3.200000000000000000e+01 5.000000000000000000e+00
3.100000000000000000e+01 4.000000000000000000e+00
3.300000000000000000e+01 3.000000000000000000e+00
3.400000000000000000e+01 1.000000000000000000e+00

1.000000000000000000e+00 5.089755000000000000e+06
1.500000000000000000e+01 1.021400000000000000e+04
1.400000000000000000e+01 9.859000000000000000e+03
1.600000000000000000e+01 9.735000000000000000e+03
1.300000000000000000e+01 8.974000000000000000e+03
1.700000000000000000e+01 8.677000000000000000e+03
1.200000000000000000e+01 7.549000000000000000e+03
1.800000000000000000e+01 7.378000000000000000e+03
1.100000000000000000e+01 6.029000000000000000e+03
1.900000000000000000e+01 5.897000000000000000e+03
2.000000000000000000e+01 4.420000000000000000e+03
1.000000000000000000e+01 4.419000000000000000e+03
2.000000000000000000e+00 4.388000000000000000e+03
2.100000000000000000e+01 3.109000000000000000e+03
9.000000000000000000e+00 3.050000000000000000e+03
2.200000000000000000e+01 2.044000000000000000e+03
8.000000000000000000e+00 2.036000000000000000e+03
3.000000000000000000e+00 1.430000000000000000e+03
7.000000000000000000e+00 1.357000000000000000e+03
2.300000000000000000e+01 1.344000000000000000e+03
6.000000000000000000e+00 9.900000000000000000e+02
4.000000000000000000e+00 9.260000000000000000e+02
5.000000000000000000e+00 8.010000000000000000e+02
2.400000000000000000e+01 7.690000000000000000e+02
2.500000000000000000e+01 4.560000000000000000e+02
2.600000000000000000e+01 2.860000000000000000e+02
2.700000000000000000e+01 1.030000000000000000e+02
2.800000000000000000e+01 6.500000000000000000e+01
2.900000000000000000e+01 3.600000000000000000e+01
3.000000000000000000e+01 1.400000000000000000e+01
3.200000000000000000e+01 5.000000000000000000e+00
3.100000000000000000e+01 2.000000000000000000e+00
3.400000000000000000e+01 1.000000000000000000e+00

1.000000000000000000e+00 5.118960000000000000e+06
1.500000000000000000e+01 1.018600000000000000e+04
1.400000000000000000e+01 9.981000000000000000e+03
1.600000000000000000e+01 9.514000000000000000e+03
1.300000000000000000e+01 9.152000000000000000e+03
1.700000000000000000e+01 8.357000000000000000e+03
1.200000000000000000e+01 7.891000000000000000e+03
1.800000000000000000e+01 6.917000000000000000e+03
1.100000000000000000e+01 6.243000000000000000e+03
1.900000000000000000e+01 5.534000000000000000e+03
1.000000000000000000e+01 4.815000000000000000e+03
2.000000000000000000e+00 4.707000000000000000e+03
2.000000000000000000e+01 3.886000000000000000e+03
9.000000000000000000e+00 3.431000000000000000e+03
2.100000000000000000e+01 2.793000000000000000e+03
8.000000000000000000e+00 2.471000000000000000e+03
2.200000000000000000e+01 1.862000000000000000e+03
7.000000000000000000e+00 1.641000000000000000e+03
3.000000000000000000e+00 1.586000000000000000e+03
2.300000000000000000e+01 1.173000000000000000e+03
6.000000000000000000e+00 1.139000000000000000e+03
4.000000000000000000e+00 1.010000000000000000e+03
5.000000000000000000e+00 9.230000000000000000e+02
2.400000000000000000e+01 7.090000000000000000e+02
2.500000000000000000e+01 3.890000000000000000e+02
2.600000000000000000e+01 2.060000000000000000e+02
2.700000000000000000e+01 1.040000000000000000e+02
2.800000000000000000e+01 6.000000000000000000e+01
2.900000000000000000e+01 3.100000000000000000e+01
3.000000000000000000e+01 1.300000000000000000e+01
3.200000000000000000e+01 2.000000000000000000e+00
3.100000000000000000e+01 1.000000000000000000e+00

1.000000000000000000e+00 5.152124000000000000e+06
1.400000000000000000e+01 9.931000000000000000e+03
1.500000000000000000e+01 9.876000000000000000e+03
1.300000000000000000e+01 9.443000000000000000e+03
1.600000000000000000e+01 9.051000000000000000e+03
1.200000000000000000e+01 8.308000000000000000e+03
1.700000000000000000e+01 7.842000000000000000e+03
1.100000000000000000e+01 6.905000000000000000e+03
1.800000000000000000e+01 6.401000000000000000e+03
1.000000000000000000e+01 5.326000000000000000e+03
1.900000000000000000e+01 4.977000000000000000e+03
2.000000000000000000e+00 4.920000000000000000e+03
9.000000000000000000e+00 4.019000000000000000e+03
2.000000000000000000e+01 3.540000000000000000e+03
8.000000000000000000e+00 2.693000000000000000e+03
2.100000000000000000e+01 2.584000000000000000e+03
7.000000000000000000e+00 1.916000000000000000e+03
2.200000000000000000e+01 1.653000000000000000e+03
3.000000000000000000e+00 1.639000000000000000e+03
6.000000000000000000e+00 1.351000000000000000e+03
4.000000000000000000e+00 1.152000000000000000e+03
5.000000000000000000e+00 1.112000000000000000e+03
2.300000000000000000e+01 1.022000000000000000e+03
2.400000000000000000e+01 5.740000000000000000e+02
2.500000000000000000e+01 3.370000000000000000e+02
2.600000000000000000e+01 1.900000000000000000e+02
2.700000000000000000e+01 1.050000000000000000e+02
2.800000000000000000e+01 3.800000000000000000e+01
2.900000000000000000e+01 1.900000000000000000e+01
3.100000000000000000e+01 5.000000000000000000e+00
3.000000000000000000e+01 4.000000000000000000e+00
3.200000000000000000e+01 4.000000000000000000e+00
3.300000000000000000e+01 1.000000000000000000e+00

1.000000000000000000e+00 5.194438000000000000e+06
1.400000000000000000e+01 9.917000000000000000e+03
1.500000000000000000e+01 9.575000000000000000e+03
1.300000000000000000e+01 9.472000000000000000e+03
1.200000000000000000e+01 8.735000000000000000e+03
1.600000000000000000e+01 8.636000000000000000e+03
1.100000000000000000e+01 7.534000000000000000e+03
1.700000000000000000e+01 7.280000000000000000e+03
1.800000000000000000e+01 5.973000000000000000e+03
1.000000000000000000e+01 5.945000000000000000e+03
2.000000000000000000e+00 4.615000000000000000e+03
9.000000000000000000e+00 4.526000000000000000e+03
1.900000000000000000e+01 4.381000000000000000e+03
8.000000000000000000e+00 3.225000000000000000e+03
2.000000000000000000e+01 3.126000000000000000e+03
7.000000000000000000e+00 2.324000000000000000e+03
2.100000000000000000e+01 2.103000000000000000e+03
3.000000000000000000e+00 1.792000000000000000e+03
6.000000000000000000e+00 1.590000000000000000e+03
2.200000000000000000e+01 1.368000000000000000e+03
5.000000000000000000e+00 1.323000000000000000e+03
4.000000000000000000e+00 1.299000000000000000e+03
2.300000000000000000e+01 8.470000000000000000e+02
2.400000000000000000e+01 4.740000000000000000e+02
2.500000000000000000e+01 2.640000000000000000e+02
2.600000000000000000e+01 1.440000000000000000e+02
2.700000000000000000e+01 6.300000000000000000e+01
2.800000000000000000e+01 2.700000000000000000e+01
2.900000000000000000e+01 1.500000000000000000e+01
3.000000000000000000e+01 6.000000000000000000e+00
3.100000000000000000e+01 5.000000000000000000e+00
3.300000000000000000e+01 2.000000000000000000e+00
3.200000000000000000e+01 2.000000000000000000e+00
3.400000000000000000e+01 1.000000000000000000e+00

1.000000000000000000e+00 5.258873000000000000e+06
1.300000000000000000e+01 9.821000000000000000e+03
1.400000000000000000e+01 9.586000000000000000e+03
1.200000000000000000e+01 9.115000000000000000e+03
1.500000000000000000e+01 8.905000000000000000e+03
1.100000000000000000e+01 8.138000000000000000e+03
1.600000000000000000e+01 7.832000000000000000e+03
1.000000000000000000e+01 6.946000000000000000e+03
1.700000000000000000e+01 6.380000000000000000e+03
9.000000000000000000e+00 5.307000000000000000e+03
2.000000000000000000e+00 5.003000000000000000e+03
1.800000000000000000e+01 4.929000000000000000e+03
8.000000000000000000e+00 4.005000000000000000e+03
1.900000000000000000e+01 3.678000000000000000e+03
7.000000000000000000e+00 2.987000000000000000e+03
2.000000000000000000e+01 2.518000000000000000e+03
3.000000000000000000e+00 2.302000000000000000e+03
6.000000000000000000e+00 2.165000000000000000e+03
5.000000000000000000e+00 1.749000000000000000e+03
2.100000000000000000e+01 1.680000000000000000e+03
4.000000000000000000e+00 1.669000000000000000e+03
2.200000000000000000e+01 1.026000000000000000e+03
2.300000000000000000e+01 6.280000000000000000e+02
2.400000000000000000e+01 3.210000000000000000e+02
2.500000000000000000e+01 1.540000000000000000e+02
2.600000000000000000e+01 8.700000000000000000e+01
2.700000000000000000e+01 5.000000000000000000e+01
2.800000000000000000e+01 2.200000000000000000e+01
2.900000000000000000e+01 1.200000000000000000e+01
3.000000000000000000e+01 4.000000000000000000e+00

1.000000000000000000e+00 5.329021000000000000e+06
1.300000000000000000e+01 9.779000000000000000e+03
1.200000000000000000e+01 9.524000000000000000e+03
1.400000000000000000e+01 9.101000000000000000e+03
1.100000000000000000e+01 8.820000000000000000e+03
1.500000000000000000e+01 8.061000000000000000e+03
1.000000000000000000e+01 7.840000000000000000e+03
1.600000000000000000e+01 6.954000000000000000e+03
9.000000000000000000e+00 6.394000000000000000e+03
2.000000000000000000e+00 5.508000000000000000e+03
1.700000000000000000e+01 5.319000000000000000e+03
8.000000000000000000e+00 4.951000000000000000e+03
1.800000000000000000e+01 3.942000000000000000e+03
7.000000000000000000e+00 3.708000000000000000e+03
1.900000000000000000e+01 2.872000000000000000e+03
3.000000000000000000e+00 2.728000000000000000e+03
6.000000000000000000e+00 2.711000000000000000e+03
5.000000000000000000e+00 2.301000000000000000e+03
4.000000000000000000e+00 2.112000000000000000e+03
2.000000000000000000e+01 1.889000000000000000e+03
2.100000000000000000e+01 1.217000000000000000e+03
2.200000000000000000e+01 7.090000000000000000e+02
2.300000000000000000e+01 4.370000000000000000e+02
2.400000000000000000e+01 2.150000000000000000e+02
2.500000000000000000e+01 1.290000000000000000e+02
2.600000000000000000e+01 5.500000000000000000e+01
2.700000000000000000e+01 2.800000000000000000e+01
2.800000000000000000e+01 1.000000000000000000e+01
3.000000000000000000e+01 4.000000000000000000e+00
2.900000000000000000e+01 3.000000000000000000e+00
3.100000000000000000e+01 1.000000000000000000e+00

1.000000000000000000e+00 5.411083000000000000e+06
1.200000000000000000e+01 9.597000000000000000e+03
1.100000000000000000e+01 9.365000000000000000e+03
1.300000000000000000e+01 9.155000000000000000e+03
1.000000000000000000e+01 8.549000000000000000e+03
1.400000000000000000e+01 8.314000000000000000e+03
9.000000000000000000e+00 7.319000000000000000e+03
1.500000000000000000e+01 7.221000000000000000e+03
2.000000000000000000e+00 6.498000000000000000e+03
8.000000000000000000e+00 5.910000000000000000e+03
1.600000000000000000e+01 5.574000000000000000e+03
7.000000000000000000e+00 4.727000000000000000e+03
1.700000000000000000e+01 4.270000000000000000e+03
6.000000000000000000e+00 3.696000000000000000e+03
3.000000000000000000e+00 3.598000000000000000e+03
1.800000000000000000e+01 3.096000000000000000e+03
5.000000000000000000e+00 2.974000000000000000e+03
4.000000000000000000e+00 2.800000000000000000e+03
1.900000000000000000e+01 2.063000000000000000e+03
2.000000000000000000e+01 1.303000000000000000e+03
2.100000000000000000e+01 7.880000000000000000e+02
2.200000000000000000e+01 5.020000000000000000e+02
2.300000000000000000e+01 2.720000000000000000e+02
2.400000000000000000e+01 1.400000000000000000e+02
2.500000000000000000e+01 6.000000000000000000e+01
2.600000000000000000e+01 2.900000000000000000e+01
2.700000000000000000e+01 2.000000000000000000e+01
2.800000000000000000e+01 1.200000000000000000e+01
2.900000000000000000e+01 3.000000000000000000e+00
3.100000000000000000e+01 2.000000000000000000e+00

1.000000000000000000e+00 5.490958000000000000e+06
1.100000000000000000e+01 9.607000000000000000e+03
1.000000000000000000e+01 9.252000000000000000e+03
1.200000000000000000e+01 9.232000000000000000e+03
1.300000000000000000e+01 8.422000000000000000e+03
9.000000000000000000e+00 8.164000000000000000e+03
2.000000000000000000e+00 7.689000000000000000e+03
1.400000000000000000e+01 7.337000000000000000e+03
8.000000000000000000e+00 7.079000000000000000e+03
1.500000000000000000e+01 5.955000000000000000e+03
7.000000000000000000e+00 5.827000000000000000e+03
6.000000000000000000e+00 4.497000000000000000e+03
1.600000000000000000e+01 4.487000000000000000e+03
3.000000000000000000e+00 4.411000000000000000e+03
5.000000000000000000e+00 3.765000000000000000e+03
4.000000000000000000e+00 3.512000000000000000e+03
1.700000000000000000e+01 3.275000000000000000e+03
1.800000000000000000e+01 2.246000000000000000e+03
1.900000000000000000e+01 1.440000000000000000e+03
2.000000000000000000e+01 9.670000000000000000e+02
2.100000000000000000e+01 5.110000000000000000e+02
2.200000000000000000e+01 3.010000000000000000e+02
2.300000000000000000e+01 1.380000000000000000e+02
2.400000000000000000e+01 8.600000000000000000e+01
2.500000000000000000e+01 4.100000000000000000e+01
2.600000000000000000e+01 1.800000000000000000e+01
2.700000000000000000e+01 1.400000000000000000e+01
2.800000000000000000e+01 4.000000000000000000e+00

1.000000000000000000e+00 5.565084000000000000e+06
1.000000000000000000e+01 9.407000000000000000e+03
1.100000000000000000e+01 9.402000000000000000e+03
2.000000000000000000e+00 9.143000000000000000e+03
9.000000000000000000e+00 9.038000000000000000e+03
1.200000000000000000e+01 8.794000000000000000e+03
8.000000000000000000e+00 8.043000000000000000e+03
1.300000000000000000e+01 7.570000000000000000e+03
7.000000000000000000e+00 6.765000000000000000e+03
1.400000000000000000e+01 6.368000000000000000e+03
6.000000000000000000e+00 5.485000000000000000e+03
3.000000000000000000e+00 5.128000000000000000e+03
1.500000000000000000e+01 4.903000000000000000e+03
5.000000000000000000e+00 4.703000000000000000e+03
4.000000000000000000e+00 4.349000000000000000e+03
1.600000000000000000e+01 3.442000000000000000e+03
1.700000000000000000e+01 2.431000000000000000e+03
1.800000000000000000e+01 1.525000000000000000e+03
1.900000000000000000e+01 1.051000000000000000e+03
2.000000000000000000e+01 5.900000000000000000e+02
2.100000000000000000e+01 3.210000000000000000e+02
2.200000000000000000e+01 1.840000000000000000e+02
2.300000000000000000e+01 9.700000000000000000e+01
2.400000000000000000e+01 3.100000000000000000e+01
2.500000000000000000e+01 1.900000000000000000e+01
2.700000000000000000e+01 8.000000000000000000e+00
2.600000000000000000e+01 6.000000000000000000e+00
2.800000000000000000e+01 1.000000000000000000e+00

1.000000000000000000e+00 5.643070000000000000e+06
2.000000000000000000e+00 1.047800000000000000e+04
9.000000000000000000e+00 9.500000000000000000e+03
1.000000000000000000e+01 9.452000000000000000e+03
1.100000000000000000e+01 8.961000000000000000e+03
8.000000000000000000e+00 8.776000000000000000e+03
7.000000000000000000e+00 7.917000000000000000e+03
1.200000000000000000e+01 7.868000000000000000e+03
6.000000000000000000e+00 6.601000000000000000e+03
1.300000000000000000e+01 6.506000000000000000e+03
3.000000000000000000e+00 6.284000000000000000e+03
5.000000000000000000e+00 5.525000000000000000e+03
4.000000000000000000e+00 5.216000000000000000e+03
1.400000000000000000e+01 5.147000000000000000e+03
1.500000000000000000e+01 3.670000000000000000e+03
1.600000000000000000e+01 2.655000000000000000e+03
1.700000000000000000e+01 1.621000000000000000e+03
1.800000000000000000e+01 1.069000000000000000e+03
1.900000000000000000e+01 6.670000000000000000e+02
2.000000000000000000e+01 3.940000000000000000e+02
2.100000000000000000e+01 2.010000000000000000e+02
2.200000000000000000e+01 1.020000000000000000e+02
2.300000000000000000e+01 5.100000000000000000e+01
2.400000000000000000e+01 2.400000000000000000e+01
2.500000000000000000e+01 1.900000000000000000e+01
2.600000000000000000e+01 4.000000000000000000e+00
2.700000000000000000e+01 2.000000000000000000e+00
2.800000000000000000e+01 1.000000000000000000e+00

1.000000000000000000e+00 5.712655000000000000e+06
2.000000000000000000e+00 1.166600000000000000e+04
9.000000000000000000e+00 9.744000000000000000e+03
8.000000000000000000e+00 9.276000000000000000e+03
1.000000000000000000e+01 9.247000000000000000e+03
7.000000000000000000e+00 8.570000000000000000e+03
1.100000000000000000e+01 8.440000000000000000e+03
6.000000000000000000e+00 7.599000000000000000e+03
3.000000000000000000e+00 7.013000000000000000e+03
1.200000000000000000e+01 6.966000000000000000e+03
5.000000000000000000e+00 6.581000000000000000e+03
4.000000000000000000e+00 6.201000000000000000e+03
1.300000000000000000e+01 5.586000000000000000e+03
1.400000000000000000e+01 4.037000000000000000e+03
1.500000000000000000e+01 2.797000000000000000e+03
1.600000000000000000e+01 1.816000000000000000e+03
1.700000000000000000e+01 1.167000000000000000e+03
1.800000000000000000e+01 6.860000000000000000e+02
1.900000000000000000e+01 3.940000000000000000e+02
2.000000000000000000e+01 2.330000000000000000e+02
2.100000000000000000e+01 1.190000000000000000e+02
2.200000000000000000e+01 4.600000000000000000e+01
2.300000000000000000e+01 1.900000000000000000e+01
2.400000000000000000e+01 1.100000000000000000e+01
2.600000000000000000e+01 3.000000000000000000e+00
2.500000000000000000e+01 2.000000000000000000e+00
2.700000000000000000e+01 1.000000000000000000e+00
2.800000000000000000e+01 1.000000000000000000e+00

1.000000000000000000e+00 5.796777000000000000e+06
2.000000000000000000e+00 1.374400000000000000e+04
9.000000000000000000e+00 9.770000000000000000e+03
8.000000000000000000e+00 9.744000000000000000e+03
7.000000000000000000e+00 9.282000000000000000e+03
1.000000000000000000e+01 8.704000000000000000e+03
6.000000000000000000e+00 8.469000000000000000e+03
3.000000000000000000e+00 8.254000000000000000e+03
5.000000000000000000e+00 7.578000000000000000e+03
1.100000000000000000e+01 7.275000000000000000e+03
4.000000000000000000e+00 7.122000000000000000e+03
1.200000000000000000e+01 5.697000000000000000e+03
1.300000000000000000e+01 4.293000000000000000e+03
1.400000000000000000e+01 2.962000000000000000e+03
1.500000000000000000e+01 1.852000000000000000e+03
1.600000000000000000e+01 1.146000000000000000e+03
1.700000000000000000e+01 6.760000000000000000e+02
1.800000000000000000e+01 3.490000000000000000e+02
1.900000000000000000e+01 1.750000000000000000e+02
2.000000000000000000e+01 8.200000000000000000e+01
2.100000000000000000e+01 3.400000000000000000e+01
2.200000000000000000e+01 2.000000000000000000e+01
2.300000000000000000e+01 6.000000000000000000e+00
2.400000000000000000e+01 3.000000000000000000e+00

1.000000000000000000e+00 5.877365000000000000e+06
2.000000000000000000e+00 1.594600000000000000e+04
7.000000000000000000e+00 9.780000000000000000e+03
8.000000000000000000e+00 9.756000000000000000e+03
3.000000000000000000e+00 9.454000000000000000e+03
6.000000000000000000e+00 9.300000000000000000e+03
9.000000000000000000e+00 8.934000000000000000e+03
5.000000000000000000e+00 8.639000000000000000e+03
4.000000000000000000e+00 8.221000000000000000e+03
1.000000000000000000e+01 7.746000000000000000e+03
1.100000000000000000e+01 6.122000000000000000e+03
1.200000000000000000e+01 4.481000000000000000e+03
1.300000000000000000e+01 3.013000000000000000e+03
1.400000000000000000e+01 1.928000000000000000e+03
1.500000000000000000e+01 1.157000000000000000e+03
1.600000000000000000e+01 6.510000000000000000e+02
1.700000000000000000e+01 3.260000000000000000e+02
1.800000000000000000e+01 1.550000000000000000e+02
1.900000000000000000e+01 8.600000000000000000e+01
2.000000000000000000e+01 3.400000000000000000e+01
2.100000000000000000e+01 1.000000000000000000e+01
2.200000000000000000e+01 7.000000000000000000e+00
2.300000000000000000e+01 2.000000000000000000e+00
2.600000000000000000e+01 1.000000000000000000e+00

1.000000000000000000e+00 5.953337000000000000e+06
2.000000000000000000e+00 1.754500000000000000e+04
3.000000000000000000e+00 1.085700000000000000e+04
7.000000000000000000e+00 9.962000000000000000e+03
6.000000000000000000e+00 9.916000000000000000e+03
5.000000000000000000e+00 9.506000000000000000e+03
8.000000000000000000e+00 9.390000000000000000e+03
4.000000000000000000e+00 9.202000000000000000e+03
9.000000000000000000e+00 8.336000000000000000e+03
1.000000000000000000e+01 6.352000000000000000e+03
1.100000000000000000e+01 4.620000000000000000e+03
1.200000000000000000e+01 3.179000000000000000e+03
1.300000000000000000e+01 1.988000000000000000e+03
1.400000000000000000e+01 1.185000000000000000e+03
1.500000000000000000e+01 6.650000000000000000e+02
1.600000000000000000e+01 3.420000000000000000e+02
1.700000000000000000e+01 1.640000000000000000e+02
1.800000000000000000e+01 6.000000000000000000e+01
1.900000000000000000e+01 3.700000000000000000e+01
2.000000000000000000e+01 1.200000000000000000e+01
2.200000000000000000e+01 3.000000000000000000e+00
2.100000000000000000e+01 1.000000000000000000e+00
2.300000000000000000e+01 1.000000000000000000e+00

1.000000000000000000e+00 6.008279000000000000e+06
2.000000000000000000e+00 1.907600000000000000e+04
3.000000000000000000e+00 1.169700000000000000e+04
6.000000000000000000e+00 1.060300000000000000e+04
4.000000000000000000e+00 1.018300000000000000e+04
5.000000000000000000e+00 1.008500000000000000e+04
7.000000000000000000e+00 9.901000000000000000e+03
8.000000000000000000e+00 8.965000000000000000e+03
9.000000000000000000e+00 7.058000000000000000e+03
1.000000000000000000e+01 5.383000000000000000e+03
1.100000000000000000e+01 3.644000000000000000e+03
1.200000000000000000e+01 2.258000000000000000e+03
1.300000000000000000e+01 1.340000000000000000e+03
1.400000000000000000e+01 7.630000000000000000e+02
1.500000000000000000e+01 3.400000000000000000e+02
1.600000000000000000e+01 1.690000000000000000e+02
1.700000000000000000e+01 8.100000000000000000e+01
1.800000000000000000e+01 2.600000000000000000e+01
1.900000000000000000e+01 1.200000000000000000e+01
2.000000000000000000e+01 4.000000000000000000e+00
2.100000000000000000e+01 3.000000000000000000e+00
2.200000000000000000e+01 1.000000000000000000e+00

1.000000000000000000e+00 6.052301000000000000e+06
2.000000000000000000e+00 2.006900000000000000e+04
3.000000000000000000e+00 1.223600000000000000e+04
5.000000000000000000e+00 1.074700000000000000e+04
6.000000000000000000e+00 1.073600000000000000e+04
4.000000000000000000e+00 1.072300000000000000e+04
7.000000000000000000e+00 9.955000000000000000e+03
8.000000000000000000e+00 8.324000000000000000e+03
9.000000000000000000e+00 6.238000000000000000e+03
1.000000000000000000e+01 4.414000000000000000e+03
1.100000000000000000e+01 2.783000000000000000e+03
1.200000000000000000e+01 1.628000000000000000e+03
1.300000000000000000e+01 9.070000000000000000e+02
1.400000000000000000e+01 4.340000000000000000e+02
1.500000000000000000e+01 2.010000000000000000e+02
1.600000000000000000e+01 8.400000000000000000e+01
1.700000000000000000e+01 2.600000000000000000e+01
1.800000000000000000e+01 1.200000000000000000e+01
1.900000000000000000e+01 9.000000000000000000e+00
2.500000000000000000e+01 1.000000000000000000e+00
2.200000000000000000e+01 1.000000000000000000e+00

1.000000000000000000e+00 6.089327000000000000e+06
2.000000000000000000e+00 2.119400000000000000e+04
3.000000000000000000e+00 1.307400000000000000e+04
4.000000000000000000e+00 1.133800000000000000e+04
5.000000000000000000e+00 1.098200000000000000e+04
6.000000000000000000e+00 1.061200000000000000e+04
7.000000000000000000e+00 9.333000000000000000e+03
8.000000000000000000e+00 7.588000000000000000e+03
9.000000000000000000e+00 5.489000000000000000e+03
1.000000000000000000e+01 3.562000000000000000e+03
1.100000000000000000e+01 2.221000000000000000e+03
1.200000000000000000e+01 1.216000000000000000e+03
1.300000000000000000e+01 5.980000000000000000e+02
1.400000000000000000e+01 2.760000000000000000e+02
1.500000000000000000e+01 1.320000000000000000e+02
1.600000000000000000e+01 5.900000000000000000e+01
1.700000000000000000e+01 1.900000000000000000e+01
1.800000000000000000e+01 6.000000000000000000e+00
1.900000000000000000e+01 3.000000000000000000e+00

1.000000000000000000e+00 6.119320000000000000e+06
2.000000000000000000e+00 2.203100000000000000e+04
3.000000000000000000e+00 1.349000000000000000e+04
4.000000000000000000e+00 1.152400000000000000e+04
5.000000000000000000e+00 1.126100000000000000e+04
6.000000000000000000e+00 1.064500000000000000e+04
7.000000000000000000e+00 8.728000000000000000e+03
8.000000000000000000e+00 6.772000000000000000e+03
9.000000000000000000e+00 4.903000000000000000e+03
1.000000000000000000e+01 3.012000000000000000e+03
1.100000000000000000e+01 1.828000000000000000e+03
1.200000000000000000e+01 9.160000000000000000e+02
1.300000000000000000e+01 4.000000000000000000e+02
1.400000000000000000e+01 1.770000000000000000e+02
1.500000000000000000e+01 7.100000000000000000e+01
1.600000000000000000e+01 2.100000000000000000e+01
1.800000000000000000e+01 6.000000000000000000e+00
1.700000000000000000e+01 3.000000000000000000e+00
2.000000000000000000e+01 1.000000000000000000e+00

1.000000000000000000e+00 6.158268000000000000e+06
2.000000000000000000e+00 2.286500000000000000e+04
3.000000000000000000e+00 1.374100000000000000e+04
4.000000000000000000e+00 1.169300000000000000e+04
5.000000000000000000e+00 1.079900000000000000e+04
6.000000000000000000e+00 9.600000000000000000e+03
7.000000000000000000e+00 8.009000000000000000e+03
8.000000000000000000e+00 6.030000000000000000e+03
9.000000000000000000e+00 4.047000000000000000e+03
1.000000000000000000e+01 2.531000000000000000e+03
1.100000000000000000e+01 1.410000000000000000e+03
1.200000000000000000e+01 6.450000000000000000e+02
1.300000000000000000e+01 3.140000000000000000e+02
1.400000000000000000e+01 1.350000000000000000e+02
1.500000000000000000e+01 4.500000000000000000e+01
1.600000000000000000e+01 1.600000000000000000e+01
1.700000000000000000e+01 1.200000000000000000e+01
1.900000000000000000e+01 1.000000000000000000e+00

1.000000000000000000e+00 6.192122000000000000e+06
2.000000000000000000e+00 2.385200000000000000e+04
3.000000000000000000e+00 1.415900000000000000e+04
4.000000000000000000e+00 1.158900000000000000e+04
5.000000000000000000e+00 1.048200000000000000e+04
6.000000000000000000e+00 9.380000000000000000e+03
7.000000000000000000e+00 7.191000000000000000e+03
8.000000000000000000e+00 5.185000000000000000e+03
9.000000000000000000e+00 3.420000000000000000e+03
1.000000000000000000e+01 1.902000000000000000e+03
1.100000000000000000e+01 1.038000000000000000e+03
1.200000000000000000e+01 4.170000000000000000e+02
1.300000000000000000e+01 2.190000000000000000e+02
1.400000000000000000e+01 7.300000000000000000e+01
1.500000000000000000e+01 3.400000000000000000e+01
1.600000000000000000e+01 8.000000000000000000e+00
1.700000000000000000e+01 3.000000000000000000e+00
1.800000000000000000e+01 3.000000000000000000e+00

1.000000000000000000e+00 6.223720000000000000e+06
2.000000000000000000e+00 2.334400000000000000e+04
3.000000000000000000e+00 1.404400000000000000e+04
4.000000000000000000e+00 1.162600000000000000e+04
5.000000000000000000e+00 1.016200000000000000e+04
6.000000000000000000e+00 8.636000000000000000e+03
7.000000000000000000e+00 6.683000000000000000e+03
8.000000000000000000e+00 4.499000000000000000e+03
9.000000000000000000e+00 2.764000000000000000e+03
1.000000000000000000e+01 1.571000000000000000e+03
1.100000000000000000e+01 7.160000000000000000e+02
1.200000000000000000e+01 3.420000000000000000e+02
1.300000000000000000e+01 1.340000000000000000e+02
1.400000000000000000e+01 5.000000000000000000e+01
1.500000000000000000e+01 2.700000000000000000e+01
1.600000000000000000e+01 9.000000000000000000e+00

1.000000000000000000e+00 6.257413000000000000e+06
2.000000000000000000e+00 2.390500000000000000e+04
3.000000000000000000e+00 1.407500000000000000e+04
4.000000000000000000e+00 1.109700000000000000e+04
5.000000000000000000e+00 9.374000000000000000e+03
6.000000000000000000e+00 7.620000000000000000e+03
7.000000000000000000e+00 5.733000000000000000e+03
8.000000000000000000e+00 3.868000000000000000e+03
9.000000000000000000e+00 2.245000000000000000e+03
1.000000000000000000e+01 1.238000000000000000e+03
1.100000000000000000e+01 5.970000000000000000e+02
1.200000000000000000e+01 2.690000000000000000e+02
1.300000000000000000e+01 1.030000000000000000e+02
1.400000000000000000e+01 3.700000000000000000e+01
1.500000000000000000e+01 1.200000000000000000e+01
1.600000000000000000e+01 3.000000000000000000e+00
1.700000000000000000e+01 2.000000000000000000e+00

1.000000000000000000e+00 6.291135000000000000e+06
2.000000000000000000e+00 2.455300000000000000e+04
3.000000000000000000e+00 1.400900000000000000e+04
4.000000000000000000e+00 1.054600000000000000e+04
5.000000000000000000e+00 8.683000000000000000e+03
6.000000000000000000e+00 6.939000000000000000e+03
7.000000000000000000e+00 4.942000000000000000e+03
8.000000000000000000e+00 3.118000000000000000e+03
9.000000000000000000e+00 1.672000000000000000e+03
1.000000000000000000e+01 8.830000000000000000e+02
1.100000000000000000e+01 3.830000000000000000e+02
1.200000000000000000e+01 1.500000000000000000e+02
1.300000000000000000e+01 5.900000000000000000e+01
1.400000000000000000e+01 1.600000000000000000e+01
1.500000000000000000e+01 3.000000000000000000e+00
1.800000000000000000e+01 1.000000000000000000e+00
1.600000000000000000e+01 1.000000000000000000e+00

1.000000000000000000e+00 6.317411000000000000e+06
2.000000000000000000e+00 2.456300000000000000e+04
3.000000000000000000e+00 1.361900000000000000e+04
4.000000000000000000e+00 1.036800000000000000e+04
5.000000000000000000e+00 8.242000000000000000e+03
6.000000000000000000e+00 6.121000000000000000e+03
7.000000000000000000e+00 4.209000000000000000e+03
8.000000000000000000e+00 2.527000000000000000e+03
9.000000000000000000e+00 1.406000000000000000e+03
1.000000000000000000e+01 5.760000000000000000e+02
1.100000000000000000e+01 2.680000000000000000e+02
1.200000000000000000e+01 1.100000000000000000e+02
1.300000000000000000e+01 4.000000000000000000e+01
1.400000000000000000e+01 1.600000000000000000e+01
1.500000000000000000e+01 4.000000000000000000e+00
1.700000000000000000e+01 1.000000000000000000e+00
1.600000000000000000e+01 1.000000000000000000e+00

1.000000000000000000e+00 6.340441000000000000e+06
2.000000000000000000e+00 2.445700000000000000e+04
3.000000000000000000e+00 1.366400000000000000e+04
4.000000000000000000e+00 9.991000000000000000e+03
5.000000000000000000e+00 7.654000000000000000e+03
6.000000000000000000e+00 5.572000000000000000e+03
7.000000000000000000e+00 3.557000000000000000e+03
8.000000000000000000e+00 2.071000000000000000e+03
9.000000000000000000e+00 9.710000000000000000e+02
1.000000000000000000e+01 4.650000000000000000e+02
1.100000000000000000e+01 1.880000000000000000e+02
1.200000000000000000e+01 5.400000000000000000e+01
1.300000000000000000e+01 2.200000000000000000e+01
1.400000000000000000e+01 7.000000000000000000e+00
1.500000000000000000e+01 1.000000000000000000e+00
1.600000000000000000e+01 1.000000000000000000e+00

1.000000000000000000e+00 6.375483000000000000e+06
2.000000000000000000e+00 2.459100000000000000e+04
3.000000000000000000e+00 1.319200000000000000e+04
4.000000000000000000e+00 8.884000000000000000e+03
5.000000000000000000e+00 6.380000000000000000e+03
6.000000000000000000e+00 4.399000000000000000e+03
7.000000000000000000e+00 2.728000000000000000e+03
8.000000000000000000e+00 1.469000000000000000e+03
9.000000000000000000e+00 6.610000000000000000e+02
1.000000000000000000e+01 3.120000000000000000e+02
1.100000000000000000e+01 1.160000000000000000e+02
1.200000000000000000e+01 3.900000000000000000e+01
1.300000000000000000e+01 1.400000000000000000e+01
1.400000000000000000e+01 5.000000000000000000e+00
1.600000000000000000e+01 1.000000000000000000e+00

1.000000000000000000e+00 6.408275000000000000e+06
2.000000000000000000e+00 2.469600000000000000e+04
3.000000000000000000e+00 1.210600000000000000e+04
4.000000000000000000e+00 7.758000000000000000e+03
5.000000000000000000e+00 5.179000000000000000e+03
6.000000000000000000e+00 3.281000000000000000e+03
7.000000000000000000e+00 1.925000000000000000e+03
8.000000000000000000e+00 9.890000000000000000e+02
9.000000000000000000e+00 5.160000000000000000e+02
1.000000000000000000e+01 2.170000000000000000e+02
1.100000000000000000e+01 6.400000000000000000e+01
1.200000000000000000e+01 2.800000000000000000e+01
1.300000000000000000e+01 7.000000000000000000e+00
1.400000000000000000e+01 5.000000000000000000e+00

1.000000000000000000e+00 6.429015000000000000e+06
2.000000000000000000e+00 2.439400000000000000e+04
3.000000000000000000e+00 1.160200000000000000e+04
4.000000000000000000e+00 7.146000000000000000e+03
5.000000000000000000e+00 4.496000000000000000e+03
6.000000000000000000e+00 2.677000000000000000e+03
7.000000000000000000e+00 1.405000000000000000e+03
8.000000000000000000e+00 7.170000000000000000e+02
9.000000000000000000e+00 3.260000000000000000e+02
1.000000000000000000e+01 1.070000000000000000e+02
1.100000000000000000e+01 4.200000000000000000e+01
1.200000000000000000e+01 1.100000000000000000e+01
1.300000000000000000e+01 4.000000000000000000e+00
1.500000000000000000e+01 2.000000000000000000e+00
1.400000000000000000e+01 1.000000000000000000e+00

1.000000000000000000e+00 6.447675000000000000e+06
2.000000000000000000e+00 2.441100000000000000e+04
3.000000000000000000e+00 1.094600000000000000e+04
4.000000000000000000e+00 6.384000000000000000e+03
5.000000000000000000e+00 3.571000000000000000e+03
6.000000000000000000e+00 2.096000000000000000e+03
7.000000000000000000e+00 1.076000000000000000e+03
8.000000000000000000e+00 4.990000000000000000e+02
9.000000000000000000e+00 2.150000000000000000e+02
1.000000000000000000e+01 8.300000000000000000e+01
1.100000000000000000e+01 2.600000000000000000e+01
1.200000000000000000e+01 7.000000000000000000e+00
1.300000000000000000e+01 3.000000000000000000e+00

1.000000000000000000e+00 6.458612000000000000e+06
2.000000000000000000e+00 2.438400000000000000e+04
3.000000000000000000e+00 1.074600000000000000e+04
4.000000000000000000e+00 5.853000000000000000e+03
5.000000000000000000e+00 3.208000000000000000e+03
6.000000000000000000e+00 1.717000000000000000e+03
7.000000000000000000e+00 8.160000000000000000e+02
8.000000000000000000e+00 3.610000000000000000e+02
9.000000000000000000e+00 1.350000000000000000e+02
1.000000000000000000e+01 5.500000000000000000e+01
1.100000000000000000e+01 1.600000000000000000e+01
1.200000000000000000e+01 4.000000000000000000e+00
1.300000000000000000e+01 3.000000000000000000e+00

1.000000000000000000e+00 6.468707000000000000e+06
2.000000000000000000e+00 2.375600000000000000e+04
3.000000000000000000e+00 1.030800000000000000e+04
4.000000000000000000e+00 5.287000000000000000e+03
5.000000000000000000e+00 2.813000000000000000e+03
6.000000000000000000e+00 1.464000000000000000e+03
7.000000000000000000e+00 7.020000000000000000e+02
8.000000000000000000e+00 2.890000000000000000e+02
9.000000000000000000e+00 1.080000000000000000e+02
1.000000000000000000e+01 3.700000000000000000e+01
1.100000000000000000e+01 2.200000000000000000e+01
1.300000000000000000e+01 2.000000000000000000e+00
1.200000000000000000e+01 2.000000000000000000e+00

1.000000000000000000e+00 6.479230000000000000e+06
2.000000000000000000e+00 2.347500000000000000e+04
3.000000000000000000e+00 9.679000000000000000e+03
4.000000000000000000e+00 4.749000000000000000e+03
5.000000000000000000e+00 2.448000000000000000e+03
6.000000000000000000e+00 1.172000000000000000e+03
7.000000000000000000e+00 5.100000000000000000e+02
8.000000000000000000e+00 2.160000000000000000e+02
9.000000000000000000e+00 8.900000000000000000e+01
1.000000000000000000e+01 2.700000000000000000e+01
1.100000000000000000e+01 1.000000000000000000e+01
1.200000000000000000e+01 3.000000000000000000e+00

1.000000000000000000e+00 6.487460000000000000e+06
2.000000000000000000e+00 2.341100000000000000e+04
3.000000000000000000e+00 9.196000000000000000e+03
4.000000000000000000e+00 4.274000000000000000e+03
5.000000000000000000e+00 2.100000000000000000e+03
6.000000000000000000e+00 9.140000000000000000e+02
7.000000000000000000e+00 4.200000000000000000e+02
8.000000000000000000e+00 1.650000000000000000e+02
9.000000000000000000e+00 5.100000000000000000e+01
1.000000000000000000e+01 2.300000000000000000e+01
1.100000000000000000e+01 7.000000000000000000e+00
1.200000000000000000e+01 2.000000000000000000e+00

1.000000000000000000e+00 6.493118000000000000e+06
2.000000000000000000e+00 2.303300000000000000e+04
3.000000000000000000e+00 8.933000000000000000e+03
4.000000000000000000e+00 4.006000000000000000e+03
5.000000000000000000e+00 1.830000000000000000e+03
6.000000000000000000e+00 8.060000000000000000e+02
7.000000000000000000e+00 3.320000000000000000e+02
8.000000000000000000e+00 1.270000000000000000e+02
9.000000000000000000e+00 4.000000000000000000e+01
1.000000000000000000e+01 1.800000000000000000e+01
1.100000000000000000e+01 6.000000000000000000e+00
1.200000000000000000e+01 4.000000000000000000e+00
1.300000000000000000e+01 1.000000000000000000e+00

1.000000000000000000e+00 6.495940000000000000e+06
2.000000000000000000e+00 2.318100000000000000e+04
3.000000000000000000e+00 8.830000000000000000e+03
4.000000000000000000e+00 3.766000000000000000e+03
5.000000000000000000e+00 1.726000000000000000e+03
6.000000000000000000e+00 7.290000000000000000e+02
7.000000000000000000e+00 2.640000000000000000e+02
8.000000000000000000e+00 1.030000000000000000e+02
9.000000000000000000e+00 3.600000000000000000e+01
1.000000000000000000e+01 1.100000000000000000e+01
1.100000000000000000e+01 2.000000000000000000e+00
1.200000000000000000e+01 1.000000000000000000e+00

1.000000000000000000e+00 6.499358000000000000e+06
2.000000000000000000e+00 2.296400000000000000e+04
3.000000000000000000e+00 8.521000000000000000e+03
4.000000000000000000e+00 3.740000000000000000e+03
5.000000000000000000e+00 1.515000000000000000e+03
6.000000000000000000e+00 6.330000000000000000e+02
7.000000000000000000e+00 2.380000000000000000e+02
8.000000000000000000e+00 9.400000000000000000e+01
9.000000000000000000e+00 2.800000000000000000e+01
1.000000000000000000e+01 1.000000000000000000e+01
1.300000000000000000e+01 2.000000000000000000e+00
1.100000000000000000e+01 2.000000000000000000e+00

1.000000000000000000e+00 6.502302000000000000e+06
2.000000000000000000e+00 2.266300000000000000e+04
3.000000000000000000e+00 8.319000000000000000e+03
4.000000000000000000e+00 3.612000000000000000e+03
5.000000000000000000e+00 1.442000000000000000e+03
6.000000000000000000e+00 5.710000000000000000e+02
7.000000000000000000e+00 2.090000000000000000e+02
8.000000000000000000e+00 6.900000000000000000e+01
9.000000000000000000e+00 1.900000000000000000e+01
1.000000000000000000e+01 9.000000000000000000e+00
1.100000000000000000e+01 5.000000000000000000e+00

1.000000000000000000e+00 6.507607000000000000e+06
2.000000000000000000e+00 2.217000000000000000e+04
3.000000000000000000e+00 7.977000000000000000e+03
4.000000000000000000e+00 3.292000000000000000e+03
5.000000000000000000e+00 1.252000000000000000e+03
6.000000000000000000e+00 4.960000000000000000e+02
7.000000000000000000e+00 1.700000000000000000e+02
8.000000000000000000e+00 4.400000000000000000e+01
9.000000000000000000e+00 1.500000000000000000e+01
1.000000000000000000e+01 3.000000000000000000e+00
1.100000000000000000e+01 1.000000000000000000e+00

