1.000000000000000000e+00 2.518161000000000000e+06
1.600000000000000000e+01 5.097000000000000000e+03
1.500000000000000000e+01 5.054000000000000000e+03
1.400000000000000000e+01 4.822000000000000000e+03
1.700000000000000000e+01 4.708000000000000000e+03
1.300000000000000000e+01 4.227000000000000000e+03
1.800000000000000000e+01 4.032000000000000000e+03
1.900000000000000000e+01 3.397000000000000000e+03
1.200000000000000000e+01 3.387000000000000000e+03
2.000000000000000000e+01 2.588000000000000000e+03
1.100000000000000000e+01 2.505000000000000000e+03
2.100000000000000000e+01 1.961000000000000000e+03
1.000000000000000000e+01 1.771000000000000000e+03
2.200000000000000000e+01 1.301000000000000000e+03
9.000000000000000000e+00 1.210000000000000000e+03
2.300000000000000000e+01 8.690000000000000000e+02
8.000000000000000000e+00 6.680000000000000000e+02
2.400000000000000000e+01 5.550000000000000000e+02
2.000000000000000000e+00 4.660000000000000000e+02
7.000000000000000000e+00 3.950000000000000000e+02
2.500000000000000000e+01 3.390000000000000000e+02
6.000000000000000000e+00 2.530000000000000000e+02
2.600000000000000000e+01 2.200000000000000000e+02
5.000000000000000000e+00 1.630000000000000000e+02
3.000000000000000000e+00 1.460000000000000000e+02
2.700000000000000000e+01 1.130000000000000000e+02
4.000000000000000000e+00 1.120000000000000000e+02
2.800000000000000000e+01 5.600000000000000000e+01
2.900000000000000000e+01 3.400000000000000000e+01
3.000000000000000000e+01 2.300000000000000000e+01
3.100000000000000000e+01 8.000000000000000000e+00
3.200000000000000000e+01 3.000000000000000000e+00
3.300000000000000000e+01 2.000000000000000000e+00
3.400000000000000000e+01 1.000000000000000000e+00

1.000000000000000000e+00 2.533048000000000000e+06
1.600000000000000000e+01 4.972000000000000000e+03
1.500000000000000000e+01 4.917000000000000000e+03
1.400000000000000000e+01 4.753000000000000000e+03
1.700000000000000000e+01 4.620000000000000000e+03
1.300000000000000000e+01 4.302000000000000000e+03
1.800000000000000000e+01 3.871000000000000000e+03
1.200000000000000000e+01 3.570000000000000000e+03
1.900000000000000000e+01 3.143000000000000000e+03
1.100000000000000000e+01 2.815000000000000000e+03
2.000000000000000000e+01 2.415000000000000000e+03
1.000000000000000000e+01 1.971000000000000000e+03
2.100000000000000000e+01 1.735000000000000000e+03
9.000000000000000000e+00 1.356000000000000000e+03
2.200000000000000000e+01 1.289000000000000000e+03
8.000000000000000000e+00 8.770000000000000000e+02
2.300000000000000000e+01 8.080000000000000000e+02
2.000000000000000000e+00 6.010000000000000000e+02
7.000000000000000000e+00 5.450000000000000000e+02
2.400000000000000000e+01 5.210000000000000000e+02
6.000000000000000000e+00 3.250000000000000000e+02
2.500000000000000000e+01 2.690000000000000000e+02
5.000000000000000000e+00 2.070000000000000000e+02
3.000000000000000000e+00 2.050000000000000000e+02
4.000000000000000000e+00 1.820000000000000000e+02
2.600000000000000000e+01 1.760000000000000000e+02
2.700000000000000000e+01 8.500000000000000000e+01
2.800000000000000000e+01 5.300000000000000000e+01
2.900000000000000000e+01 4.000000000000000000e+01
3.000000000000000000e+01 1.200000000000000000e+01
3.100000000000000000e+01 8.000000000000000000e+00
3.200000000000000000e+01 2.000000000000000000e+00
3.600000000000000000e+01 1.000000000000000000e+00
3.300000000000000000e+01 1.000000000000000000e+00

1.000000000000000000e+00 2.549672000000000000e+06
1.400000000000000000e+01 5.051000000000000000e+03
1.500000000000000000e+01 5.020000000000000000e+03
1.600000000000000000e+01 4.827000000000000000e+03
1.300000000000000000e+01 4.462000000000000000e+03
1.700000000000000000e+01 4.269000000000000000e+03
1.200000000000000000e+01 3.731000000000000000e+03
1.800000000000000000e+01 3.672000000000000000e+03
1.100000000000000000e+01 2.979000000000000000e+03
1.900000000000000000e+01 2.796000000000000000e+03
1.000000000000000000e+01 2.258000000000000000e+03
2.000000000000000000e+01 2.242000000000000000e+03
2.100000000000000000e+01 1.589000000000000000e+03
9.000000000000000000e+00 1.563000000000000000e+03
2.200000000000000000e+01 1.066000000000000000e+03
8.000000000000000000e+00 9.730000000000000000e+02
2.300000000000000000e+01 7.190000000000000000e+02
2.000000000000000000e+00 6.710000000000000000e+02
7.000000000000000000e+00 6.380000000000000000e+02
2.400000000000000000e+01 4.270000000000000000e+02
6.000000000000000000e+00 3.920000000000000000e+02
5.000000000000000000e+00 2.880000000000000000e+02
2.500000000000000000e+01 2.630000000000000000e+02
3.000000000000000000e+00 2.360000000000000000e+02
4.000000000000000000e+00 2.280000000000000000e+02
2.600000000000000000e+01 1.600000000000000000e+02
2.700000000000000000e+01 8.200000000000000000e+01
2.800000000000000000e+01 4.600000000000000000e+01
2.900000000000000000e+01 2.100000000000000000e+01
3.000000000000000000e+01 1.600000000000000000e+01
3.100000000000000000e+01 7.000000000000000000e+00
3.500000000000000000e+01 2.000000000000000000e+00
3.200000000000000000e+01 1.000000000000000000e+00

1.000000000000000000e+00 2.570457000000000000e+06
1.500000000000000000e+01 4.986000000000000000e+03
1.400000000000000000e+01 4.932000000000000000e+03
1.300000000000000000e+01 4.624000000000000000e+03
1.600000000000000000e+01 4.609000000000000000e+03
1.200000000000000000e+01 4.008000000000000000e+03
1.700000000000000000e+01 3.999000000000000000e+03
1.800000000000000000e+01 3.364000000000000000e+03
1.100000000000000000e+01 3.253000000000000000e+03
1.900000000000000000e+01 2.647000000000000000e+03
1.000000000000000000e+01 2.501000000000000000e+03
2.000000000000000000e+01 1.964000000000000000e+03
9.000000000000000000e+00 1.814000000000000000e+03
2.100000000000000000e+01 1.413000000000000000e+03
8.000000000000000000e+00 1.242000000000000000e+03
2.200000000000000000e+01 9.290000000000000000e+02
2.000000000000000000e+00 8.440000000000000000e+02
7.000000000000000000e+00 8.090000000000000000e+02
2.300000000000000000e+01 6.020000000000000000e+02
6.000000000000000000e+00 5.120000000000000000e+02
5.000000000000000000e+00 3.790000000000000000e+02
2.400000000000000000e+01 3.740000000000000000e+02
3.000000000000000000e+00 3.470000000000000000e+02
4.000000000000000000e+00 3.100000000000000000e+02
2.500000000000000000e+01 2.080000000000000000e+02
2.600000000000000000e+01 1.060000000000000000e+02
2.700000000000000000e+01 5.000000000000000000e+01
2.800000000000000000e+01 3.600000000000000000e+01
2.900000000000000000e+01 1.300000000000000000e+01
3.000000000000000000e+01 7.000000000000000000e+00
3.100000000000000000e+01 3.000000000000000000e+00
3.200000000000000000e+01 2.000000000000000000e+00

1.000000000000000000e+00 2.593897000000000000e+06
1.400000000000000000e+01 4.864000000000000000e+03
1.300000000000000000e+01 4.833000000000000000e+03
1.500000000000000000e+01 4.794000000000000000e+03
1.600000000000000000e+01 4.444000000000000000e+03
1.200000000000000000e+01 4.249000000000000000e+03
1.700000000000000000e+01 3.697000000000000000e+03
1.100000000000000000e+01 3.576000000000000000e+03
1.800000000000000000e+01 3.085000000000000000e+03
1.000000000000000000e+01 2.861000000000000000e+03
1.900000000000000000e+01 2.370000000000000000e+03
9.000000000000000000e+00 2.062000000000000000e+03
2.000000000000000000e+01 1.654000000000000000e+03
8.000000000000000000e+00 1.483000000000000000e+03
2.100000000000000000e+01 1.126000000000000000e+03
2.000000000000000000e+00 1.049000000000000000e+03
7.000000000000000000e+00 9.950000000000000000e+02
2.200000000000000000e+01 8.040000000000000000e+02
6.000000000000000000e+00 6.740000000000000000e+02
5.000000000000000000e+00 5.030000000000000000e+02
2.300000000000000000e+01 4.890000000000000000e+02
3.000000000000000000e+00 4.470000000000000000e+02
4.000000000000000000e+00 3.930000000000000000e+02
2.400000000000000000e+01 2.600000000000000000e+02
2.500000000000000000e+01 1.790000000000000000e+02
2.600000000000000000e+01 8.600000000000000000e+01
2.700000000000000000e+01 4.400000000000000000e+01
2.800000000000000000e+01 1.900000000000000000e+01
2.900000000000000000e+01 1.300000000000000000e+01
3.000000000000000000e+01 3.000000000000000000e+00
3.100000000000000000e+01 1.000000000000000000e+00
3.400000000000000000e+01 1.000000000000000000e+00

1.000000000000000000e+00 2.618695000000000000e+06
1.400000000000000000e+01 4.911000000000000000e+03
1.300000000000000000e+01 4.868000000000000000e+03
1.500000000000000000e+01 4.596000000000000000e+03
1.200000000000000000e+01 4.451000000000000000e+03
1.600000000000000000e+01 4.066000000000000000e+03
1.100000000000000000e+01 3.894000000000000000e+03
1.700000000000000000e+01 3.407000000000000000e+03
1.000000000000000000e+01 3.216000000000000000e+03
1.800000000000000000e+01 2.717000000000000000e+03
9.000000000000000000e+00 2.414000000000000000e+03
1.900000000000000000e+01 1.968000000000000000e+03
8.000000000000000000e+00 1.718000000000000000e+03
2.000000000000000000e+01 1.440000000000000000e+03
2.000000000000000000e+00 1.348000000000000000e+03
7.000000000000000000e+00 1.251000000000000000e+03
2.100000000000000000e+01 1.020000000000000000e+03
6.000000000000000000e+00 8.460000000000000000e+02
3.000000000000000000e+00 6.160000000000000000e+02
2.200000000000000000e+01 6.010000000000000000e+02
5.000000000000000000e+00 5.970000000000000000e+02
4.000000000000000000e+00 5.300000000000000000e+02
2.300000000000000000e+01 3.690000000000000000e+02
2.400000000000000000e+01 2.270000000000000000e+02
2.500000000000000000e+01 1.140000000000000000e+02
2.600000000000000000e+01 6.200000000000000000e+01
2.700000000000000000e+01 3.700000000000000000e+01
2.800000000000000000e+01 1.800000000000000000e+01
2.900000000000000000e+01 8.000000000000000000e+00
3.000000000000000000e+01 3.000000000000000000e+00
3.200000000000000000e+01 1.000000000000000000e+00

1.000000000000000000e+00 2.644911000000000000e+06
1.300000000000000000e+01 4.938000000000000000e+03
1.400000000000000000e+01 4.675000000000000000e+03
1.200000000000000000e+01 4.585000000000000000e+03
1.500000000000000000e+01 4.384000000000000000e+03
1.100000000000000000e+01 4.221000000000000000e+03
1.600000000000000000e+01 3.728000000000000000e+03
1.000000000000000000e+01 3.451000000000000000e+03
1.700000000000000000e+01 3.161000000000000000e+03
9.000000000000000000e+00 2.773000000000000000e+03
1.800000000000000000e+01 2.283000000000000000e+03
8.000000000000000000e+00 2.118000000000000000e+03
1.900000000000000000e+01 1.679000000000000000e+03
2.000000000000000000e+00 1.614000000000000000e+03
7.000000000000000000e+00 1.506000000000000000e+03
2.000000000000000000e+01 1.196000000000000000e+03
6.000000000000000000e+00 1.025000000000000000e+03
2.100000000000000000e+01 8.200000000000000000e+02
5.000000000000000000e+00 7.890000000000000000e+02
3.000000000000000000e+00 7.740000000000000000e+02
4.000000000000000000e+00 6.960000000000000000e+02
2.200000000000000000e+01 4.710000000000000000e+02
2.300000000000000000e+01 2.900000000000000000e+02
2.400000000000000000e+01 1.570000000000000000e+02
2.500000000000000000e+01 8.600000000000000000e+01
2.600000000000000000e+01 5.100000000000000000e+01
2.700000000000000000e+01 1.800000000000000000e+01
2.800000000000000000e+01 1.300000000000000000e+01
2.900000000000000000e+01 5.000000000000000000e+00
3.000000000000000000e+01 1.000000000000000000e+00
3.100000000000000000e+01 1.000000000000000000e+00

1.000000000000000000e+00 2.673924000000000000e+06
1.300000000000000000e+01 4.715000000000000000e+03
1.200000000000000000e+01 4.686000000000000000e+03
1.400000000000000000e+01 4.475000000000000000e+03
1.100000000000000000e+01 4.440000000000000000e+03
1.500000000000000000e+01 4.084000000000000000e+03
1.000000000000000000e+01 3.875000000000000000e+03
1.600000000000000000e+01 3.331000000000000000e+03
9.000000000000000000e+00 3.151000000000000000e+03
1.700000000000000000e+01 2.728000000000000000e+03
8.000000000000000000e+00 2.491000000000000000e+03
1.800000000000000000e+01 1.997000000000000000e+03
2.000000000000000000e+00 1.987000000000000000e+03
7.000000000000000000e+00 1.779000000000000000e+03
1.900000000000000000e+01 1.452000000000000000e+03
6.000000000000000000e+00 1.285000000000000000e+03
5.000000000000000000e+00 1.027000000000000000e+03
3.000000000000000000e+00 9.680000000000000000e+02
2.000000000000000000e+01 9.400000000000000000e+02
4.000000000000000000e+00 8.500000000000000000e+02
2.100000000000000000e+01 6.110000000000000000e+02
2.200000000000000000e+01 3.710000000000000000e+02
2.300000000000000000e+01 2.080000000000000000e+02
2.400000000000000000e+01 1.110000000000000000e+02
2.500000000000000000e+01 5.700000000000000000e+01
2.600000000000000000e+01 2.800000000000000000e+01
2.700000000000000000e+01 1.200000000000000000e+01
2.800000000000000000e+01 4.000000000000000000e+00
2.900000000000000000e+01 2.000000000000000000e+00
3.100000000000000000e+01 2.000000000000000000e+00
3.000000000000000000e+01 1.000000000000000000e+00

1.000000000000000000e+00 2.707665000000000000e+06
1.200000000000000000e+01 4.612000000000000000e+03
1.100000000000000000e+01 4.604000000000000000e+03
1.300000000000000000e+01 4.585000000000000000e+03
1.400000000000000000e+01 4.184000000000000000e+03
1.000000000000000000e+01 4.098000000000000000e+03
1.500000000000000000e+01 3.616000000000000000e+03
9.000000000000000000e+00 3.556000000000000000e+03
1.600000000000000000e+01 2.987000000000000000e+03
8.000000000000000000e+00 2.779000000000000000e+03
2.000000000000000000e+00 2.587000000000000000e+03
1.700000000000000000e+01 2.250000000000000000e+03
7.000000000000000000e+00 2.223000000000000000e+03
6.000000000000000000e+00 1.675000000000000000e+03
1.800000000000000000e+01 1.650000000000000000e+03
3.000000000000000000e+00 1.300000000000000000e+03
5.000000000000000000e+00 1.298000000000000000e+03
4.000000000000000000e+00 1.172000000000000000e+03
1.900000000000000000e+01 1.082000000000000000e+03
2.000000000000000000e+01 7.600000000000000000e+02
2.100000000000000000e+01 4.570000000000000000e+02
2.200000000000000000e+01 2.340000000000000000e+02
2.300000000000000000e+01 1.400000000000000000e+02
2.400000000000000000e+01 6.700000000000000000e+01
2.500000000000000000e+01 3.700000000000000000e+01
2.600000000000000000e+01 2.000000000000000000e+01
2.700000000000000000e+01 9.000000000000000000e+00
2.900000000000000000e+01 2.000000000000000000e+00
2.800000000000000000e+01 1.000000000000000000e+00

1.000000000000000000e+00 2.745418000000000000e+06
1.100000000000000000e+01 4.757000000000000000e+03
1.200000000000000000e+01 4.562000000000000000e+03
1.000000000000000000e+01 4.430000000000000000e+03
1.300000000000000000e+01 4.273000000000000000e+03
9.000000000000000000e+00 3.943000000000000000e+03
1.400000000000000000e+01 3.737000000000000000e+03
8.000000000000000000e+00 3.345000000000000000e+03
2.000000000000000000e+00 3.201000000000000000e+03
1.500000000000000000e+01 3.168000000000000000e+03
7.000000000000000000e+00 2.623000000000000000e+03
1.600000000000000000e+01 2.396000000000000000e+03
6.000000000000000000e+00 2.052000000000000000e+03
1.700000000000000000e+01 1.750000000000000000e+03
5.000000000000000000e+00 1.652000000000000000e+03
3.000000000000000000e+00 1.632000000000000000e+03
4.000000000000000000e+00 1.479000000000000000e+03
1.800000000000000000e+01 1.193000000000000000e+03
1.900000000000000000e+01 7.980000000000000000e+02
2.000000000000000000e+01 5.490000000000000000e+02
2.100000000000000000e+01 3.120000000000000000e+02
2.200000000000000000e+01 1.520000000000000000e+02
2.300000000000000000e+01 8.600000000000000000e+01
2.400000000000000000e+01 3.700000000000000000e+01
2.500000000000000000e+01 2.700000000000000000e+01
2.600000000000000000e+01 7.000000000000000000e+00
2.700000000000000000e+01 3.000000000000000000e+00
2.800000000000000000e+01 1.000000000000000000e+00

1.000000000000000000e+00 2.784701000000000000e+06
1.100000000000000000e+01 4.681000000000000000e+03
1.000000000000000000e+01 4.585000000000000000e+03
1.200000000000000000e+01 4.444000000000000000e+03
9.000000000000000000e+00 4.283000000000000000e+03
1.300000000000000000e+01 3.911000000000000000e+03
2.000000000000000000e+00 3.793000000000000000e+03
8.000000000000000000e+00 3.699000000000000000e+03
1.400000000000000000e+01 3.188000000000000000e+03
7.000000000000000000e+00 3.090000000000000000e+03
1.500000000000000000e+01 2.652000000000000000e+03
6.000000000000000000e+00 2.598000000000000000e+03
3.000000000000000000e+00 2.084000000000000000e+03
5.000000000000000000e+00 2.075000000000000000e+03
4.000000000000000000e+00 1.932000000000000000e+03
1.600000000000000000e+01 1.842000000000000000e+03
1.700000000000000000e+01 1.344000000000000000e+03
1.800000000000000000e+01 8.380000000000000000e+02
1.900000000000000000e+01 5.590000000000000000e+02
2.000000000000000000e+01 3.140000000000000000e+02
2.100000000000000000e+01 1.800000000000000000e+02
2.200000000000000000e+01 9.800000000000000000e+01
2.300000000000000000e+01 5.200000000000000000e+01
2.400000000000000000e+01 1.600000000000000000e+01
2.500000000000000000e+01 7.000000000000000000e+00
2.800000000000000000e+01 1.000000000000000000e+00
2.600000000000000000e+01 1.000000000000000000e+00
2.700000000000000000e+01 1.000000000000000000e+00

1.000000000000000000e+00 2.829693000000000000e+06
2.000000000000000000e+00 4.769000000000000000e+03
1.000000000000000000e+01 4.494000000000000000e+03
1.100000000000000000e+01 4.440000000000000000e+03
9.000000000000000000e+00 4.369000000000000000e+03
8.000000000000000000e+00 4.246000000000000000e+03
1.200000000000000000e+01 4.020000000000000000e+03
7.000000000000000000e+00 3.555000000000000000e+03
1.300000000000000000e+01 3.323000000000000000e+03
6.000000000000000000e+00 3.017000000000000000e+03
3.000000000000000000e+00 2.675000000000000000e+03
5.000000000000000000e+00 2.632000000000000000e+03
1.400000000000000000e+01 2.605000000000000000e+03
4.000000000000000000e+00 2.501000000000000000e+03
1.500000000000000000e+01 1.953000000000000000e+03
1.600000000000000000e+01 1.397000000000000000e+03
1.700000000000000000e+01 9.300000000000000000e+02
1.800000000000000000e+01 5.730000000000000000e+02
1.900000000000000000e+01 3.470000000000000000e+02
2.000000000000000000e+01 1.740000000000000000e+02
2.100000000000000000e+01 1.010000000000000000e+02
2.200000000000000000e+01 4.800000000000000000e+01
2.300000000000000000e+01 1.200000000000000000e+01
2.400000000000000000e+01 9.000000000000000000e+00
2.500000000000000000e+01 3.000000000000000000e+00
2.700000000000000000e+01 1.000000000000000000e+00

1.000000000000000000e+00 2.877538000000000000e+06
2.000000000000000000e+00 6.134000000000000000e+03
9.000000000000000000e+00 4.493000000000000000e+03
8.000000000000000000e+00 4.267000000000000000e+03
1.000000000000000000e+01 4.224000000000000000e+03
7.000000000000000000e+00 3.986000000000000000e+03
1.100000000000000000e+01 3.949000000000000000e+03
6.000000000000000000e+00 3.583000000000000000e+03
3.000000000000000000e+00 3.484000000000000000e+03
1.200000000000000000e+01 3.289000000000000000e+03
5.000000000000000000e+00 3.149000000000000000e+03
4.000000000000000000e+00 3.013000000000000000e+03
1.300000000000000000e+01 2.728000000000000000e+03
1.400000000000000000e+01 2.068000000000000000e+03
1.500000000000000000e+01 1.451000000000000000e+03
1.600000000000000000e+01 8.870000000000000000e+02
1.700000000000000000e+01 5.440000000000000000e+02
1.800000000000000000e+01 3.700000000000000000e+02
1.900000000000000000e+01 1.830000000000000000e+02
2.000000000000000000e+01 8.600000000000000000e+01
2.100000000000000000e+01 2.800000000000000000e+01
2.200000000000000000e+01 2.500000000000000000e+01
2.300000000000000000e+01 7.000000000000000000e+00
2.400000000000000000e+01 2.000000000000000000e+00

1.000000000000000000e+00 2.928769000000000000e+06
2.000000000000000000e+00 7.504000000000000000e+03
3.000000000000000000e+00 4.297000000000000000e+03
8.000000000000000000e+00 4.279000000000000000e+03
7.000000000000000000e+00 4.250000000000000000e+03
9.000000000000000000e+00 4.213000000000000000e+03
6.000000000000000000e+00 4.057000000000000000e+03
1.000000000000000000e+01 3.957000000000000000e+03
4.000000000000000000e+00 3.734000000000000000e+03
5.000000000000000000e+00 3.690000000000000000e+03
1.100000000000000000e+01 3.193000000000000000e+03
1.200000000000000000e+01 2.632000000000000000e+03
1.300000000000000000e+01 2.019000000000000000e+03
1.400000000000000000e+01 1.352000000000000000e+03
1.500000000000000000e+01 8.350000000000000000e+02
1.600000000000000000e+01 5.660000000000000000e+02
1.700000000000000000e+01 2.880000000000000000e+02
1.800000000000000000e+01 1.610000000000000000e+02
1.900000000000000000e+01 8.400000000000000000e+01
2.000000000000000000e+01 2.800000000000000000e+01
2.100000000000000000e+01 1.600000000000000000e+01
2.200000000000000000e+01 1.100000000000000000e+01
2.400000000000000000e+01 4.000000000000000000e+00
2.300000000000000000e+01 1.000000000000000000e+00
2.500000000000000000e+01 1.000000000000000000e+00

1.000000000000000000e+00 2.985946000000000000e+06
2.000000000000000000e+00 9.303000000000000000e+03
3.000000000000000000e+00 5.411000000000000000e+03
4.000000000000000000e+00 4.437000000000000000e+03
6.000000000000000000e+00 4.437000000000000000e+03
5.000000000000000000e+00 4.410000000000000000e+03
7.000000000000000000e+00 4.388000000000000000e+03
8.000000000000000000e+00 4.093000000000000000e+03
9.000000000000000000e+00 3.706000000000000000e+03
1.000000000000000000e+01 2.882000000000000000e+03
1.100000000000000000e+01 2.368000000000000000e+03
1.200000000000000000e+01 1.709000000000000000e+03
1.300000000000000000e+01 1.122000000000000000e+03
1.400000000000000000e+01 7.770000000000000000e+02
1.500000000000000000e+01 4.470000000000000000e+02
1.600000000000000000e+01 2.630000000000000000e+02
1.700000000000000000e+01 1.240000000000000000e+02
1.800000000000000000e+01 6.600000000000000000e+01
1.900000000000000000e+01 2.300000000000000000e+01
2.000000000000000000e+01 1.400000000000000000e+01
2.100000000000000000e+01 6.000000000000000000e+00
2.200000000000000000e+01 3.000000000000000000e+00
2.300000000000000000e+01 1.000000000000000000e+00

1.000000000000000000e+00 3.034703000000000000e+06
2.000000000000000000e+00 1.082200000000000000e+04
3.000000000000000000e+00 6.371000000000000000e+03
4.000000000000000000e+00 5.080000000000000000e+03
5.000000000000000000e+00 4.703000000000000000e+03
6.000000000000000000e+00 4.366000000000000000e+03
7.000000000000000000e+00 4.061000000000000000e+03
8.000000000000000000e+00 3.584000000000000000e+03
9.000000000000000000e+00 2.985000000000000000e+03
1.000000000000000000e+01 2.273000000000000000e+03
1.100000000000000000e+01 1.559000000000000000e+03
1.200000000000000000e+01 9.560000000000000000e+02
1.300000000000000000e+01 6.280000000000000000e+02
1.400000000000000000e+01 3.600000000000000000e+02
1.500000000000000000e+01 1.980000000000000000e+02
1.600000000000000000e+01 8.900000000000000000e+01
1.700000000000000000e+01 4.800000000000000000e+01
1.800000000000000000e+01 2.400000000000000000e+01
1.900000000000000000e+01 1.400000000000000000e+01
2.000000000000000000e+01 3.000000000000000000e+00
2.200000000000000000e+01 1.000000000000000000e+00

1.000000000000000000e+00 3.073684000000000000e+06
2.000000000000000000e+00 1.191100000000000000e+04
3.000000000000000000e+00 6.814000000000000000e+03
4.000000000000000000e+00 5.481000000000000000e+03
5.000000000000000000e+00 4.747000000000000000e+03
6.000000000000000000e+00 4.271000000000000000e+03
7.000000000000000000e+00 3.697000000000000000e+03
8.000000000000000000e+00 2.918000000000000000e+03
9.000000000000000000e+00 2.200000000000000000e+03
1.000000000000000000e+01 1.526000000000000000e+03
1.100000000000000000e+01 9.880000000000000000e+02
1.200000000000000000e+01 5.750000000000000000e+02
1.300000000000000000e+01 3.400000000000000000e+02
1.400000000000000000e+01 1.620000000000000000e+02
1.500000000000000000e+01 8.100000000000000000e+01
1.600000000000000000e+01 3.100000000000000000e+01
1.700000000000000000e+01 1.100000000000000000e+01
1.800000000000000000e+01 5.000000000000000000e+00
1.900000000000000000e+01 1.000000000000000000e+00
2.100000000000000000e+01 1.000000000000000000e+00

1.000000000000000000e+00 3.103321000000000000e+06
2.000000000000000000e+00 1.290200000000000000e+04
3.000000000000000000e+00 7.224000000000000000e+03
4.000000000000000000e+00 5.529000000000000000e+03
5.000000000000000000e+00 4.677000000000000000e+03
6.000000000000000000e+00 3.964000000000000000e+03
7.000000000000000000e+00 3.189000000000000000e+03
8.000000000000000000e+00 2.350000000000000000e+03
9.000000000000000000e+00 1.657000000000000000e+03
1.000000000000000000e+01 9.710000000000000000e+02
1.100000000000000000e+01 5.920000000000000000e+02
1.200000000000000000e+01 3.120000000000000000e+02
1.300000000000000000e+01 1.560000000000000000e+02
1.400000000000000000e+01 7.300000000000000000e+01
1.500000000000000000e+01 3.700000000000000000e+01
1.600000000000000000e+01 1.400000000000000000e+01
1.700000000000000000e+01 4.000000000000000000e+00
1.900000000000000000e+01 1.000000000000000000e+00

1.000000000000000000e+00 3.126521000000000000e+06
2.000000000000000000e+00 1.355400000000000000e+04
3.000000000000000000e+00 7.498000000000000000e+03
4.000000000000000000e+00 5.491000000000000000e+03
5.000000000000000000e+00 4.314000000000000000e+03
6.000000000000000000e+00 3.494000000000000000e+03
7.000000000000000000e+00 2.647000000000000000e+03
8.000000000000000000e+00 1.836000000000000000e+03
9.000000000000000000e+00 1.231000000000000000e+03
1.000000000000000000e+01 6.840000000000000000e+02
1.100000000000000000e+01 3.730000000000000000e+02
1.200000000000000000e+01 2.020000000000000000e+02
1.300000000000000000e+01 7.700000000000000000e+01
1.400000000000000000e+01 2.900000000000000000e+01
1.500000000000000000e+01 1.200000000000000000e+01
1.600000000000000000e+01 7.000000000000000000e+00
1.700000000000000000e+01 1.000000000000000000e+00

1.000000000000000000e+00 3.149906000000000000e+06
2.000000000000000000e+00 1.391000000000000000e+04
3.000000000000000000e+00 7.706000000000000000e+03
4.000000000000000000e+00 5.281000000000000000e+03
5.000000000000000000e+00 3.967000000000000000e+03
6.000000000000000000e+00 2.884000000000000000e+03
7.000000000000000000e+00 2.071000000000000000e+03
8.000000000000000000e+00 1.363000000000000000e+03
9.000000000000000000e+00 7.670000000000000000e+02
1.000000000000000000e+01 4.550000000000000000e+02
1.100000000000000000e+01 2.040000000000000000e+02
1.200000000000000000e+01 8.500000000000000000e+01
1.300000000000000000e+01 3.400000000000000000e+01
1.400000000000000000e+01 1.500000000000000000e+01
1.500000000000000000e+01 6.000000000000000000e+00
1.700000000000000000e+01 1.000000000000000000e+00
1.600000000000000000e+01 1.000000000000000000e+00

1.000000000000000000e+00 3.168270000000000000e+06
2.000000000000000000e+00 1.421600000000000000e+04
3.000000000000000000e+00 7.447000000000000000e+03
4.000000000000000000e+00 4.823000000000000000e+03
5.000000000000000000e+00 3.496000000000000000e+03
6.000000000000000000e+00 2.478000000000000000e+03
7.000000000000000000e+00 1.620000000000000000e+03
8.000000000000000000e+00 9.700000000000000000e+02
9.000000000000000000e+00 5.990000000000000000e+02
1.000000000000000000e+01 2.730000000000000000e+02
1.100000000000000000e+01 1.120000000000000000e+02
1.200000000000000000e+01 4.200000000000000000e+01
1.300000000000000000e+01 2.100000000000000000e+01
1.400000000000000000e+01 3.000000000000000000e+00
1.500000000000000000e+01 3.000000000000000000e+00

1.000000000000000000e+00 3.185027000000000000e+06
2.000000000000000000e+00 1.395000000000000000e+04
3.000000000000000000e+00 7.269000000000000000e+03
4.000000000000000000e+00 4.503000000000000000e+03
5.000000000000000000e+00 2.943000000000000000e+03
6.000000000000000000e+00 1.989000000000000000e+03
7.000000000000000000e+00 1.212000000000000000e+03
8.000000000000000000e+00 7.160000000000000000e+02
9.000000000000000000e+00 3.710000000000000000e+02
1.000000000000000000e+01 1.720000000000000000e+02
1.100000000000000000e+01 5.900000000000000000e+01
1.200000000000000000e+01 3.900000000000000000e+01
1.300000000000000000e+01 1.200000000000000000e+01
1.400000000000000000e+01 2.000000000000000000e+00
1.800000000000000000e+01 1.000000000000000000e+00
1.500000000000000000e+01 1.000000000000000000e+00

1.000000000000000000e+00 3.197613000000000000e+06
2.000000000000000000e+00 1.428000000000000000e+04
3.000000000000000000e+00 6.934000000000000000e+03
4.000000000000000000e+00 4.056000000000000000e+03
5.000000000000000000e+00 2.615000000000000000e+03
6.000000000000000000e+00 1.614000000000000000e+03
7.000000000000000000e+00 9.270000000000000000e+02
8.000000000000000000e+00 4.970000000000000000e+02
9.000000000000000000e+00 2.070000000000000000e+02
1.000000000000000000e+01 9.600000000000000000e+01
1.100000000000000000e+01 5.400000000000000000e+01
1.200000000000000000e+01 1.000000000000000000e+01
1.300000000000000000e+01 2.000000000000000000e+00
1.400000000000000000e+01 1.000000000000000000e+00

1.000000000000000000e+00 3.208901000000000000e+06
2.000000000000000000e+00 1.395500000000000000e+04
3.000000000000000000e+00 6.433000000000000000e+03
4.000000000000000000e+00 3.742000000000000000e+03
5.000000000000000000e+00 2.195000000000000000e+03
6.000000000000000000e+00 1.308000000000000000e+03
7.000000000000000000e+00 7.010000000000000000e+02
8.000000000000000000e+00 3.500000000000000000e+02
9.000000000000000000e+00 1.550000000000000000e+02
1.000000000000000000e+01 5.300000000000000000e+01
1.100000000000000000e+01 3.000000000000000000e+01
1.200000000000000000e+01 7.000000000000000000e+00
1.300000000000000000e+01 3.000000000000000000e+00
1.400000000000000000e+01 1.000000000000000000e+00

1.000000000000000000e+00 3.217952000000000000e+06
2.000000000000000000e+00 1.344500000000000000e+04
3.000000000000000000e+00 6.268000000000000000e+03
4.000000000000000000e+00 3.460000000000000000e+03
5.000000000000000000e+00 1.934000000000000000e+03
6.000000000000000000e+00 1.053000000000000000e+03
7.000000000000000000e+00 5.010000000000000000e+02
8.000000000000000000e+00 2.290000000000000000e+02
9.000000000000000000e+00 8.700000000000000000e+01
1.000000000000000000e+01 3.000000000000000000e+01
1.200000000000000000e+01 5.000000000000000000e+00
1.100000000000000000e+01 4.000000000000000000e+00

1.000000000000000000e+00 3.225626000000000000e+06
2.000000000000000000e+00 1.292900000000000000e+04
3.000000000000000000e+00 5.846000000000000000e+03
4.000000000000000000e+00 3.205000000000000000e+03
5.000000000000000000e+00 1.684000000000000000e+03
6.000000000000000000e+00 8.100000000000000000e+02
7.000000000000000000e+00 4.040000000000000000e+02
8.000000000000000000e+00 1.480000000000000000e+02
9.000000000000000000e+00 6.400000000000000000e+01
1.000000000000000000e+01 2.100000000000000000e+01
1.100000000000000000e+01 4.000000000000000000e+00
1.200000000000000000e+01 3.000000000000000000e+00

1.000000000000000000e+00 3.231411000000000000e+06
2.000000000000000000e+00 1.296100000000000000e+04
3.000000000000000000e+00 5.608000000000000000e+03
4.000000000000000000e+00 2.811000000000000000e+03
5.000000000000000000e+00 1.402000000000000000e+03
6.000000000000000000e+00 7.050000000000000000e+02
7.000000000000000000e+00 2.810000000000000000e+02
8.000000000000000000e+00 1.090000000000000000e+02
9.000000000000000000e+00 4.200000000000000000e+01
1.000000000000000000e+01 1.200000000000000000e+01
1.100000000000000000e+01 2.000000000000000000e+00

1.000000000000000000e+00 2.511538000000000000e+06
1.600000000000000000e+01 5.123000000000000000e+03
1.500000000000000000e+01 5.071000000000000000e+03
1.700000000000000000e+01 4.875000000000000000e+03
1.400000000000000000e+01 4.805000000000000000e+03
1.800000000000000000e+01 4.278000000000000000e+03
1.300000000000000000e+01 4.065000000000000000e+03
1.900000000000000000e+01 3.515000000000000000e+03
1.200000000000000000e+01 3.228000000000000000e+03
2.000000000000000000e+01 2.673000000000000000e+03
1.100000000000000000e+01 2.464000000000000000e+03
2.100000000000000000e+01 1.979000000000000000e+03
1.000000000000000000e+01 1.625000000000000000e+03
2.200000000000000000e+01 1.330000000000000000e+03
9.000000000000000000e+00 1.082000000000000000e+03
2.300000000000000000e+01 9.320000000000000000e+02
8.000000000000000000e+00 6.370000000000000000e+02
2.400000000000000000e+01 5.650000000000000000e+02
2.000000000000000000e+00 5.060000000000000000e+02
2.500000000000000000e+01 3.700000000000000000e+02
7.000000000000000000e+00 3.530000000000000000e+02
6.000000000000000000e+00 2.120000000000000000e+02
2.600000000000000000e+01 2.120000000000000000e+02
3.000000000000000000e+00 1.720000000000000000e+02
5.000000000000000000e+00 1.330000000000000000e+02
4.000000000000000000e+00 1.290000000000000000e+02
2.700000000000000000e+01 1.220000000000000000e+02
2.800000000000000000e+01 5.000000000000000000e+01
2.900000000000000000e+01 2.400000000000000000e+01
3.000000000000000000e+01 1.300000000000000000e+01
3.200000000000000000e+01 5.000000000000000000e+00
3.300000000000000000e+01 3.000000000000000000e+00
3.500000000000000000e+01 3.000000000000000000e+00
3.100000000000000000e+01 3.000000000000000000e+00

1.000000000000000000e+00 2.522097000000000000e+06
1.500000000000000000e+01 5.107000000000000000e+03
1.600000000000000000e+01 4.916000000000000000e+03
1.400000000000000000e+01 4.700000000000000000e+03
1.700000000000000000e+01 4.659000000000000000e+03
1.300000000000000000e+01 4.200000000000000000e+03
1.800000000000000000e+01 4.056000000000000000e+03
1.200000000000000000e+01 3.436000000000000000e+03
1.900000000000000000e+01 3.190000000000000000e+03
1.100000000000000000e+01 2.590000000000000000e+03
2.000000000000000000e+01 2.490000000000000000e+03
2.100000000000000000e+01 1.883000000000000000e+03
1.000000000000000000e+01 1.853000000000000000e+03
2.200000000000000000e+01 1.304000000000000000e+03
9.000000000000000000e+00 1.229000000000000000e+03
2.300000000000000000e+01 9.510000000000000000e+02
8.000000000000000000e+00 7.370000000000000000e+02
2.000000000000000000e+00 5.740000000000000000e+02
2.400000000000000000e+01 5.720000000000000000e+02
7.000000000000000000e+00 4.890000000000000000e+02
2.500000000000000000e+01 3.850000000000000000e+02
6.000000000000000000e+00 3.070000000000000000e+02
3.000000000000000000e+00 2.290000000000000000e+02
2.600000000000000000e+01 2.010000000000000000e+02
5.000000000000000000e+00 1.740000000000000000e+02
4.000000000000000000e+00 1.430000000000000000e+02
2.700000000000000000e+01 1.130000000000000000e+02
2.800000000000000000e+01 6.600000000000000000e+01
2.900000000000000000e+01 3.900000000000000000e+01
3.000000000000000000e+01 1.600000000000000000e+01
3.100000000000000000e+01 1.100000000000000000e+01
3.200000000000000000e+01 5.000000000000000000e+00
3.400000000000000000e+01 3.000000000000000000e+00
3.800000000000000000e+01 1.000000000000000000e+00
3.600000000000000000e+01 1.000000000000000000e+00

1.000000000000000000e+00 2.536794000000000000e+06
1.500000000000000000e+01 4.873000000000000000e+03
1.400000000000000000e+01 4.768000000000000000e+03
1.600000000000000000e+01 4.733000000000000000e+03
1.700000000000000000e+01 4.306000000000000000e+03
1.300000000000000000e+01 4.231000000000000000e+03
1.800000000000000000e+01 3.734000000000000000e+03
1.200000000000000000e+01 3.589000000000000000e+03
1.900000000000000000e+01 3.089000000000000000e+03
1.100000000000000000e+01 2.840000000000000000e+03
2.000000000000000000e+01 2.512000000000000000e+03
1.000000000000000000e+01 2.092000000000000000e+03
2.100000000000000000e+01 1.727000000000000000e+03
9.000000000000000000e+00 1.468000000000000000e+03
2.200000000000000000e+01 1.188000000000000000e+03
8.000000000000000000e+00 9.340000000000000000e+02
2.300000000000000000e+01 8.460000000000000000e+02
2.000000000000000000e+00 6.930000000000000000e+02
7.000000000000000000e+00 6.170000000000000000e+02
2.400000000000000000e+01 5.390000000000000000e+02
6.000000000000000000e+00 3.750000000000000000e+02
2.500000000000000000e+01 3.440000000000000000e+02
5.000000000000000000e+00 2.650000000000000000e+02
3.000000000000000000e+00 2.610000000000000000e+02
4.000000000000000000e+00 2.460000000000000000e+02
2.600000000000000000e+01 2.260000000000000000e+02
2.700000000000000000e+01 1.140000000000000000e+02
2.800000000000000000e+01 5.800000000000000000e+01
2.900000000000000000e+01 3.400000000000000000e+01
3.000000000000000000e+01 1.900000000000000000e+01
3.100000000000000000e+01 1.400000000000000000e+01
3.200000000000000000e+01 7.000000000000000000e+00
3.300000000000000000e+01 3.000000000000000000e+00
3.600000000000000000e+01 1.000000000000000000e+00

1.000000000000000000e+00 2.552124000000000000e+06
1.500000000000000000e+01 4.830000000000000000e+03
1.400000000000000000e+01 4.668000000000000000e+03
1.600000000000000000e+01 4.432000000000000000e+03
1.300000000000000000e+01 4.291000000000000000e+03
1.700000000000000000e+01 3.963000000000000000e+03
1.200000000000000000e+01 3.742000000000000000e+03
1.800000000000000000e+01 3.572000000000000000e+03
1.100000000000000000e+01 3.038000000000000000e+03
1.900000000000000000e+01 2.906000000000000000e+03
1.000000000000000000e+01 2.334000000000000000e+03
2.000000000000000000e+01 2.179000000000000000e+03
2.100000000000000000e+01 1.674000000000000000e+03
9.000000000000000000e+00 1.669000000000000000e+03
2.200000000000000000e+01 1.161000000000000000e+03
8.000000000000000000e+00 1.142000000000000000e+03
2.000000000000000000e+00 8.430000000000000000e+02
2.300000000000000000e+01 7.750000000000000000e+02
7.000000000000000000e+00 7.590000000000000000e+02
2.400000000000000000e+01 5.370000000000000000e+02
6.000000000000000000e+00 5.090000000000000000e+02
3.000000000000000000e+00 3.620000000000000000e+02
5.000000000000000000e+00 3.490000000000000000e+02
2.500000000000000000e+01 3.270000000000000000e+02
4.000000000000000000e+00 3.080000000000000000e+02
2.600000000000000000e+01 2.000000000000000000e+02
2.700000000000000000e+01 1.180000000000000000e+02
2.800000000000000000e+01 6.700000000000000000e+01
2.900000000000000000e+01 5.000000000000000000e+01
3.000000000000000000e+01 2.400000000000000000e+01
3.100000000000000000e+01 1.500000000000000000e+01
3.200000000000000000e+01 7.000000000000000000e+00
3.300000000000000000e+01 3.000000000000000000e+00
3.400000000000000000e+01 2.000000000000000000e+00
3.700000000000000000e+01 1.000000000000000000e+00
3.800000000000000000e+01 1.000000000000000000e+00
3.600000000000000000e+01 1.000000000000000000e+00

1.000000000000000000e+00 2.570132000000000000e+06
1.500000000000000000e+01 4.558000000000000000e+03
1.400000000000000000e+01 4.527000000000000000e+03
1.600000000000000000e+01 4.408000000000000000e+03
1.300000000000000000e+01 4.379000000000000000e+03
1.200000000000000000e+01 3.989000000000000000e+03
1.700000000000000000e+01 3.774000000000000000e+03
1.800000000000000000e+01 3.146000000000000000e+03
1.100000000000000000e+01 3.089000000000000000e+03
1.900000000000000000e+01 2.642000000000000000e+03
1.000000000000000000e+01 2.517000000000000000e+03
2.000000000000000000e+01 2.019000000000000000e+03
9.000000000000000000e+00 1.952000000000000000e+03
2.100000000000000000e+01 1.501000000000000000e+03
8.000000000000000000e+00 1.386000000000000000e+03
2.200000000000000000e+01 1.092000000000000000e+03
2.000000000000000000e+00 1.085000000000000000e+03
7.000000000000000000e+00 9.510000000000000000e+02
2.300000000000000000e+01 7.500000000000000000e+02
6.000000000000000000e+00 6.700000000000000000e+02
3.000000000000000000e+00 4.990000000000000000e+02
2.400000000000000000e+01 4.800000000000000000e+02
5.000000000000000000e+00 4.590000000000000000e+02
4.000000000000000000e+00 4.320000000000000000e+02
2.500000000000000000e+01 3.100000000000000000e+02
2.600000000000000000e+01 1.970000000000000000e+02
2.700000000000000000e+01 1.310000000000000000e+02
2.800000000000000000e+01 7.600000000000000000e+01
2.900000000000000000e+01 3.600000000000000000e+01
3.000000000000000000e+01 2.100000000000000000e+01
3.100000000000000000e+01 9.000000000000000000e+00
3.200000000000000000e+01 9.000000000000000000e+00
3.300000000000000000e+01 3.000000000000000000e+00
3.500000000000000000e+01 1.000000000000000000e+00
3.400000000000000000e+01 1.000000000000000000e+00

1.000000000000000000e+00 2.596260000000000000e+06
1.400000000000000000e+01 4.400000000000000000e+03
1.500000000000000000e+01 4.237000000000000000e+03
1.300000000000000000e+01 4.219000000000000000e+03
1.600000000000000000e+01 3.879000000000000000e+03
1.200000000000000000e+01 3.879000000000000000e+03
1.700000000000000000e+01 3.507000000000000000e+03
1.100000000000000000e+01 3.506000000000000000e+03
1.800000000000000000e+01 2.943000000000000000e+03
1.000000000000000000e+01 2.833000000000000000e+03
1.900000000000000000e+01 2.395000000000000000e+03
9.000000000000000000e+00 2.263000000000000000e+03
2.000000000000000000e+01 1.745000000000000000e+03
8.000000000000000000e+00 1.719000000000000000e+03
2.000000000000000000e+00 1.494000000000000000e+03
2.100000000000000000e+01 1.385000000000000000e+03
7.000000000000000000e+00 1.205000000000000000e+03
2.200000000000000000e+01 9.380000000000000000e+02
6.000000000000000000e+00 8.940000000000000000e+02
5.000000000000000000e+00 7.410000000000000000e+02
3.000000000000000000e+00 7.280000000000000000e+02
2.300000000000000000e+01 6.670000000000000000e+02
4.000000000000000000e+00 6.070000000000000000e+02
2.400000000000000000e+01 4.390000000000000000e+02
2.500000000000000000e+01 2.960000000000000000e+02
2.600000000000000000e+01 1.910000000000000000e+02
2.700000000000000000e+01 1.160000000000000000e+02
2.800000000000000000e+01 7.600000000000000000e+01
2.900000000000000000e+01 4.600000000000000000e+01
3.000000000000000000e+01 2.200000000000000000e+01
3.100000000000000000e+01 1.500000000000000000e+01
3.200000000000000000e+01 5.000000000000000000e+00
3.300000000000000000e+01 4.000000000000000000e+00
3.400000000000000000e+01 1.000000000000000000e+00

1.000000000000000000e+00 2.625337000000000000e+06
1.300000000000000000e+01 4.235000000000000000e+03
1.400000000000000000e+01 4.190000000000000000e+03
1.500000000000000000e+01 4.040000000000000000e+03
1.200000000000000000e+01 4.027000000000000000e+03
1.100000000000000000e+01 3.599000000000000000e+03
1.600000000000000000e+01 3.574000000000000000e+03
1.000000000000000000e+01 3.168000000000000000e+03
1.700000000000000000e+01 3.119000000000000000e+03
1.800000000000000000e+01 2.534000000000000000e+03
9.000000000000000000e+00 2.517000000000000000e+03
1.900000000000000000e+01 2.109000000000000000e+03
8.000000000000000000e+00 1.985000000000000000e+03
2.000000000000000000e+00 1.875000000000000000e+03
7.000000000000000000e+00 1.559000000000000000e+03
2.000000000000000000e+01 1.547000000000000000e+03
2.100000000000000000e+01 1.145000000000000000e+03
6.000000000000000000e+00 1.137000000000000000e+03
3.000000000000000000e+00 9.570000000000000000e+02
5.000000000000000000e+00 8.920000000000000000e+02
2.200000000000000000e+01 8.330000000000000000e+02
4.000000000000000000e+00 7.750000000000000000e+02
2.300000000000000000e+01 6.320000000000000000e+02
2.400000000000000000e+01 4.070000000000000000e+02
2.500000000000000000e+01 2.650000000000000000e+02
2.600000000000000000e+01 1.600000000000000000e+02
2.700000000000000000e+01 7.700000000000000000e+01
2.800000000000000000e+01 6.000000000000000000e+01
2.900000000000000000e+01 3.800000000000000000e+01
3.000000000000000000e+01 1.700000000000000000e+01
3.300000000000000000e+01 8.000000000000000000e+00
3.200000000000000000e+01 6.000000000000000000e+00
3.100000000000000000e+01 5.000000000000000000e+00
3.400000000000000000e+01 1.000000000000000000e+00

1.000000000000000000e+00 2.656955000000000000e+06
1.300000000000000000e+01 4.061000000000000000e+03
1.400000000000000000e+01 3.922000000000000000e+03
1.200000000000000000e+01 3.895000000000000000e+03
1.500000000000000000e+01 3.696000000000000000e+03
1.100000000000000000e+01 3.673000000000000000e+03
1.000000000000000000e+01 3.389000000000000000e+03
1.600000000000000000e+01 3.208000000000000000e+03
9.000000000000000000e+00 2.803000000000000000e+03
1.700000000000000000e+01 2.761000000000000000e+03
2.000000000000000000e+00 2.445000000000000000e+03
8.000000000000000000e+00 2.326000000000000000e+03
1.800000000000000000e+01 2.276000000000000000e+03
7.000000000000000000e+00 1.873000000000000000e+03
1.900000000000000000e+01 1.844000000000000000e+03
6.000000000000000000e+00 1.465000000000000000e+03
2.000000000000000000e+01 1.371000000000000000e+03
3.000000000000000000e+00 1.249000000000000000e+03
5.000000000000000000e+00 1.212000000000000000e+03
4.000000000000000000e+00 1.085000000000000000e+03
2.100000000000000000e+01 1.049000000000000000e+03
2.200000000000000000e+01 7.210000000000000000e+02
2.300000000000000000e+01 5.570000000000000000e+02
2.400000000000000000e+01 3.310000000000000000e+02
2.500000000000000000e+01 2.130000000000000000e+02
2.600000000000000000e+01 1.420000000000000000e+02
2.700000000000000000e+01 8.000000000000000000e+01
2.800000000000000000e+01 4.200000000000000000e+01
2.900000000000000000e+01 2.500000000000000000e+01
3.000000000000000000e+01 1.000000000000000000e+01
3.100000000000000000e+01 5.000000000000000000e+00
3.200000000000000000e+01 4.000000000000000000e+00
3.400000000000000000e+01 3.000000000000000000e+00

1.000000000000000000e+00 2.697236000000000000e+06
1.200000000000000000e+01 3.956000000000000000e+03
1.300000000000000000e+01 3.824000000000000000e+03
1.100000000000000000e+01 3.799000000000000000e+03
1.400000000000000000e+01 3.681000000000000000e+03
1.000000000000000000e+01 3.486000000000000000e+03
1.500000000000000000e+01 3.306000000000000000e+03
2.000000000000000000e+00 3.302000000000000000e+03
9.000000000000000000e+00 3.018000000000000000e+03
1.600000000000000000e+01 2.823000000000000000e+03
8.000000000000000000e+00 2.600000000000000000e+03
1.700000000000000000e+01 2.422000000000000000e+03
7.000000000000000000e+00 2.140000000000000000e+03
1.800000000000000000e+01 1.965000000000000000e+03
6.000000000000000000e+00 1.778000000000000000e+03
3.000000000000000000e+00 1.719000000000000000e+03
1.900000000000000000e+01 1.517000000000000000e+03
4.000000000000000000e+00 1.502000000000000000e+03
5.000000000000000000e+00 1.475000000000000000e+03
2.000000000000000000e+01 1.126000000000000000e+03
2.100000000000000000e+01 8.220000000000000000e+02
2.200000000000000000e+01 5.750000000000000000e+02
2.300000000000000000e+01 4.130000000000000000e+02
2.400000000000000000e+01 2.770000000000000000e+02
2.500000000000000000e+01 1.670000000000000000e+02
2.600000000000000000e+01 9.000000000000000000e+01
2.700000000000000000e+01 6.000000000000000000e+01
2.800000000000000000e+01 2.600000000000000000e+01
2.900000000000000000e+01 2.000000000000000000e+01
3.000000000000000000e+01 7.000000000000000000e+00
3.200000000000000000e+01 4.000000000000000000e+00
3.100000000000000000e+01 4.000000000000000000e+00
3.400000000000000000e+01 1.000000000000000000e+00

1.000000000000000000e+00 2.744870000000000000e+06
2.000000000000000000e+00 4.294000000000000000e+03
1.100000000000000000e+01 3.598000000000000000e+03
1.200000000000000000e+01 3.576000000000000000e+03
1.300000000000000000e+01 3.522000000000000000e+03
1.000000000000000000e+01 3.521000000000000000e+03
9.000000000000000000e+00 3.369000000000000000e+03
1.400000000000000000e+01 3.149000000000000000e+03
8.000000000000000000e+00 2.904000000000000000e+03
1.500000000000000000e+01 2.872000000000000000e+03
7.000000000000000000e+00 2.525000000000000000e+03
1.600000000000000000e+01 2.470000000000000000e+03
6.000000000000000000e+00 2.269000000000000000e+03
3.000000000000000000e+00 2.268000000000000000e+03
1.700000000000000000e+01 2.009000000000000000e+03
5.000000000000000000e+00 1.976000000000000000e+03
4.000000000000000000e+00 1.861000000000000000e+03
1.800000000000000000e+01 1.690000000000000000e+03
1.900000000000000000e+01 1.239000000000000000e+03
2.000000000000000000e+01 9.330000000000000000e+02
2.100000000000000000e+01 6.430000000000000000e+02
2.200000000000000000e+01 4.430000000000000000e+02
2.300000000000000000e+01 2.920000000000000000e+02
2.400000000000000000e+01 1.750000000000000000e+02
2.500000000000000000e+01 1.260000000000000000e+02
2.600000000000000000e+01 6.400000000000000000e+01
2.700000000000000000e+01 2.600000000000000000e+01
2.800000000000000000e+01 2.000000000000000000e+01
2.900000000000000000e+01 6.000000000000000000e+00
3.000000000000000000e+01 6.000000000000000000e+00
3.100000000000000000e+01 1.000000000000000000e+00

1.000000000000000000e+00 2.796505000000000000e+06
2.000000000000000000e+00 5.389000000000000000e+03
1.100000000000000000e+01 3.581000000000000000e+03
1.000000000000000000e+01 3.527000000000000000e+03
1.200000000000000000e+01 3.405000000000000000e+03
9.000000000000000000e+00 3.393000000000000000e+03
1.300000000000000000e+01 3.159000000000000000e+03
8.000000000000000000e+00 3.155000000000000000e+03
3.000000000000000000e+00 2.983000000000000000e+03
7.000000000000000000e+00 2.921000000000000000e+03
1.400000000000000000e+01 2.820000000000000000e+03
6.000000000000000000e+00 2.655000000000000000e+03
1.500000000000000000e+01 2.458000000000000000e+03
5.000000000000000000e+00 2.428000000000000000e+03
4.000000000000000000e+00 2.369000000000000000e+03
1.600000000000000000e+01 2.039000000000000000e+03
1.700000000000000000e+01 1.584000000000000000e+03
1.800000000000000000e+01 1.298000000000000000e+03
1.900000000000000000e+01 9.350000000000000000e+02
2.000000000000000000e+01 5.930000000000000000e+02
2.100000000000000000e+01 4.430000000000000000e+02
2.200000000000000000e+01 2.830000000000000000e+02
2.300000000000000000e+01 1.650000000000000000e+02
2.400000000000000000e+01 9.800000000000000000e+01
2.500000000000000000e+01 6.000000000000000000e+01
2.600000000000000000e+01 2.700000000000000000e+01
2.700000000000000000e+01 1.400000000000000000e+01
2.800000000000000000e+01 3.000000000000000000e+00
2.900000000000000000e+01 3.000000000000000000e+00
3.000000000000000000e+01 2.000000000000000000e+00
3.200000000000000000e+01 1.000000000000000000e+00

1.000000000000000000e+00 2.856579000000000000e+06
2.000000000000000000e+00 6.814000000000000000e+03
3.000000000000000000e+00 3.651000000000000000e+03
1.000000000000000000e+01 3.546000000000000000e+03
9.000000000000000000e+00 3.457000000000000000e+03
8.000000000000000000e+00 3.286000000000000000e+03
1.100000000000000000e+01 3.285000000000000000e+03
7.000000000000000000e+00 3.264000000000000000e+03
1.200000000000000000e+01 3.100000000000000000e+03
4.000000000000000000e+00 3.031000000000000000e+03
6.000000000000000000e+00 2.961000000000000000e+03
5.000000000000000000e+00 2.849000000000000000e+03
1.300000000000000000e+01 2.669000000000000000e+03
1.400000000000000000e+01 2.234000000000000000e+03
1.500000000000000000e+01 1.869000000000000000e+03
1.600000000000000000e+01 1.483000000000000000e+03
1.700000000000000000e+01 1.202000000000000000e+03
1.800000000000000000e+01 8.380000000000000000e+02
1.900000000000000000e+01 5.850000000000000000e+02
2.000000000000000000e+01 3.670000000000000000e+02
2.100000000000000000e+01 2.870000000000000000e+02
2.200000000000000000e+01 1.410000000000000000e+02
2.300000000000000000e+01 1.020000000000000000e+02
2.400000000000000000e+01 5.400000000000000000e+01
2.500000000000000000e+01 2.800000000000000000e+01
2.600000000000000000e+01 1.000000000000000000e+01
2.700000000000000000e+01 4.000000000000000000e+00
2.800000000000000000e+01 3.000000000000000000e+00
2.900000000000000000e+01 1.000000000000000000e+00

1.000000000000000000e+00 2.925727000000000000e+06
2.000000000000000000e+00 8.762000000000000000e+03
3.000000000000000000e+00 4.825000000000000000e+03
4.000000000000000000e+00 3.809000000000000000e+03
5.000000000000000000e+00 3.437000000000000000e+03
6.000000000000000000e+00 3.390000000000000000e+03
8.000000000000000000e+00 3.313000000000000000e+03
7.000000000000000000e+00 3.230000000000000000e+03
9.000000000000000000e+00 3.203000000000000000e+03
1.000000000000000000e+01 3.035000000000000000e+03
1.100000000000000000e+01 2.787000000000000000e+03
1.200000000000000000e+01 2.437000000000000000e+03
1.300000000000000000e+01 2.066000000000000000e+03
1.400000000000000000e+01 1.671000000000000000e+03
1.500000000000000000e+01 1.337000000000000000e+03
1.600000000000000000e+01 1.002000000000000000e+03
1.700000000000000000e+01 6.590000000000000000e+02
1.800000000000000000e+01 4.880000000000000000e+02
1.900000000000000000e+01 3.110000000000000000e+02
2.000000000000000000e+01 1.910000000000000000e+02
2.100000000000000000e+01 1.090000000000000000e+02
2.200000000000000000e+01 5.900000000000000000e+01
2.300000000000000000e+01 3.200000000000000000e+01
2.400000000000000000e+01 1.700000000000000000e+01
2.500000000000000000e+01 1.300000000000000000e+01
2.600000000000000000e+01 7.000000000000000000e+00
2.800000000000000000e+01 1.000000000000000000e+00

1.000000000000000000e+00 3.000769000000000000e+06
2.000000000000000000e+00 1.088000000000000000e+04
3.000000000000000000e+00 5.967000000000000000e+03
4.000000000000000000e+00 4.431000000000000000e+03
5.000000000000000000e+00 3.750000000000000000e+03
6.000000000000000000e+00 3.415000000000000000e+03
7.000000000000000000e+00 3.193000000000000000e+03
8.000000000000000000e+00 2.998000000000000000e+03
9.000000000000000000e+00 2.730000000000000000e+03
1.000000000000000000e+01 2.340000000000000000e+03
1.100000000000000000e+01 2.040000000000000000e+03
1.200000000000000000e+01 1.669000000000000000e+03
1.300000000000000000e+01 1.289000000000000000e+03
1.400000000000000000e+01 9.890000000000000000e+02
1.500000000000000000e+01 7.110000000000000000e+02
1.600000000000000000e+01 4.870000000000000000e+02
1.700000000000000000e+01 3.370000000000000000e+02
1.800000000000000000e+01 2.360000000000000000e+02
1.900000000000000000e+01 1.610000000000000000e+02
2.000000000000000000e+01 6.600000000000000000e+01
2.100000000000000000e+01 5.200000000000000000e+01
2.200000000000000000e+01 3.200000000000000000e+01
2.300000000000000000e+01 1.200000000000000000e+01
2.400000000000000000e+01 9.000000000000000000e+00
2.500000000000000000e+01 3.000000000000000000e+00
2.800000000000000000e+01 1.000000000000000000e+00
2.600000000000000000e+01 1.000000000000000000e+00

1.000000000000000000e+00 3.065324000000000000e+06
2.000000000000000000e+00 1.267200000000000000e+04
3.000000000000000000e+00 6.777000000000000000e+03
4.000000000000000000e+00 4.768000000000000000e+03
5.000000000000000000e+00 3.961000000000000000e+03
6.000000000000000000e+00 3.291000000000000000e+03
7.000000000000000000e+00 2.733000000000000000e+03
8.000000000000000000e+00 2.434000000000000000e+03
9.000000000000000000e+00 2.052000000000000000e+03
1.000000000000000000e+01 1.657000000000000000e+03
1.100000000000000000e+01 1.267000000000000000e+03
1.200000000000000000e+01 9.710000000000000000e+02
1.300000000000000000e+01 7.090000000000000000e+02
1.400000000000000000e+01 5.020000000000000000e+02
1.500000000000000000e+01 3.540000000000000000e+02
1.600000000000000000e+01 2.150000000000000000e+02
1.700000000000000000e+01 1.540000000000000000e+02
1.800000000000000000e+01 9.400000000000000000e+01
1.900000000000000000e+01 4.600000000000000000e+01
2.000000000000000000e+01 2.200000000000000000e+01
2.100000000000000000e+01 1.000000000000000000e+01
2.200000000000000000e+01 8.000000000000000000e+00
2.300000000000000000e+01 3.000000000000000000e+00
2.500000000000000000e+01 2.000000000000000000e+00
2.400000000000000000e+01 1.000000000000000000e+00

1.000000000000000000e+00 3.115990000000000000e+06
2.000000000000000000e+00 1.379300000000000000e+04
3.000000000000000000e+00 7.158000000000000000e+03
4.000000000000000000e+00 4.914000000000000000e+03
5.000000000000000000e+00 3.632000000000000000e+03
6.000000000000000000e+00 2.964000000000000000e+03
7.000000000000000000e+00 2.312000000000000000e+03
8.000000000000000000e+00 1.795000000000000000e+03
9.000000000000000000e+00 1.317000000000000000e+03
1.000000000000000000e+01 1.016000000000000000e+03
1.100000000000000000e+01 7.160000000000000000e+02
1.200000000000000000e+01 5.230000000000000000e+02
1.300000000000000000e+01 3.300000000000000000e+02
1.400000000000000000e+01 2.350000000000000000e+02
1.500000000000000000e+01 1.300000000000000000e+02
1.600000000000000000e+01 8.400000000000000000e+01
1.700000000000000000e+01 5.400000000000000000e+01
1.800000000000000000e+01 1.600000000000000000e+01
1.900000000000000000e+01 1.400000000000000000e+01
2.000000000000000000e+01 7.000000000000000000e+00
2.100000000000000000e+01 5.000000000000000000e+00
2.600000000000000000e+01 1.000000000000000000e+00
2.400000000000000000e+01 1.000000000000000000e+00

1.000000000000000000e+00 3.155621000000000000e+06
2.000000000000000000e+00 1.450100000000000000e+04
3.000000000000000000e+00 7.328000000000000000e+03
4.000000000000000000e+00 4.600000000000000000e+03
5.000000000000000000e+00 3.317000000000000000e+03
6.000000000000000000e+00 2.295000000000000000e+03
7.000000000000000000e+00 1.742000000000000000e+03
8.000000000000000000e+00 1.183000000000000000e+03
9.000000000000000000e+00 8.090000000000000000e+02
1.000000000000000000e+01 5.240000000000000000e+02
1.100000000000000000e+01 3.360000000000000000e+02
1.200000000000000000e+01 2.150000000000000000e+02
1.300000000000000000e+01 1.200000000000000000e+02
1.400000000000000000e+01 7.900000000000000000e+01
1.500000000000000000e+01 4.400000000000000000e+01
1.600000000000000000e+01 2.700000000000000000e+01
1.700000000000000000e+01 1.400000000000000000e+01
1.800000000000000000e+01 7.000000000000000000e+00
2.100000000000000000e+01 2.000000000000000000e+00
1.900000000000000000e+01 1.000000000000000000e+00

1.000000000000000000e+00 3.185625000000000000e+06
2.000000000000000000e+00 1.424700000000000000e+04
3.000000000000000000e+00 6.822000000000000000e+03
4.000000000000000000e+00 4.114000000000000000e+03
5.000000000000000000e+00 2.639000000000000000e+03
6.000000000000000000e+00 1.798000000000000000e+03
7.000000000000000000e+00 1.117000000000000000e+03
8.000000000000000000e+00 7.020000000000000000e+02
9.000000000000000000e+00 4.790000000000000000e+02
1.000000000000000000e+01 2.840000000000000000e+02
1.100000000000000000e+01 1.530000000000000000e+02
1.200000000000000000e+01 8.500000000000000000e+01
1.300000000000000000e+01 5.900000000000000000e+01
1.400000000000000000e+01 3.100000000000000000e+01
1.500000000000000000e+01 1.100000000000000000e+01
1.600000000000000000e+01 8.000000000000000000e+00
1.700000000000000000e+01 6.000000000000000000e+00
1.800000000000000000e+01 4.000000000000000000e+00
1.900000000000000000e+01 1.000000000000000000e+00

1.000000000000000000e+00 3.203526000000000000e+06
2.000000000000000000e+00 1.410500000000000000e+04
3.000000000000000000e+00 6.438000000000000000e+03
4.000000000000000000e+00 3.796000000000000000e+03
5.000000000000000000e+00 2.283000000000000000e+03
6.000000000000000000e+00 1.285000000000000000e+03
7.000000000000000000e+00 7.890000000000000000e+02
8.000000000000000000e+00 4.820000000000000000e+02
9.000000000000000000e+00 2.550000000000000000e+02
1.000000000000000000e+01 1.360000000000000000e+02
1.100000000000000000e+01 7.000000000000000000e+01
1.200000000000000000e+01 3.000000000000000000e+01
1.300000000000000000e+01 1.900000000000000000e+01
1.400000000000000000e+01 6.000000000000000000e+00
1.500000000000000000e+01 5.000000000000000000e+00
1.600000000000000000e+01 2.000000000000000000e+00
1.700000000000000000e+01 1.000000000000000000e+00
2.200000000000000000e+01 1.000000000000000000e+00

1.000000000000000000e+00 3.215587000000000000e+06
2.000000000000000000e+00 1.387300000000000000e+04
3.000000000000000000e+00 5.981000000000000000e+03
4.000000000000000000e+00 3.282000000000000000e+03
5.000000000000000000e+00 1.950000000000000000e+03
6.000000000000000000e+00 1.111000000000000000e+03
7.000000000000000000e+00 6.060000000000000000e+02
8.000000000000000000e+00 2.830000000000000000e+02
9.000000000000000000e+00 1.620000000000000000e+02
1.000000000000000000e+01 5.900000000000000000e+01
1.100000000000000000e+01 3.700000000000000000e+01
1.200000000000000000e+01 1.000000000000000000e+01
1.500000000000000000e+01 3.000000000000000000e+00
1.400000000000000000e+01 2.000000000000000000e+00
1.300000000000000000e+01 2.000000000000000000e+00

1.000000000000000000e+00 3.224818000000000000e+06
2.000000000000000000e+00 1.359000000000000000e+04
3.000000000000000000e+00 5.615000000000000000e+03
4.000000000000000000e+00 2.988000000000000000e+03
5.000000000000000000e+00 1.635000000000000000e+03
6.000000000000000000e+00 8.270000000000000000e+02
7.000000000000000000e+00 3.980000000000000000e+02
8.000000000000000000e+00 2.020000000000000000e+02
9.000000000000000000e+00 8.900000000000000000e+01
1.000000000000000000e+01 4.400000000000000000e+01
1.100000000000000000e+01 2.400000000000000000e+01
1.200000000000000000e+01 1.000000000000000000e+01
1.300000000000000000e+01 2.000000000000000000e+00
1.500000000000000000e+01 1.000000000000000000e+00

1.000000000000000000e+00 3.231357000000000000e+06
2.000000000000000000e+00 1.302800000000000000e+04
3.000000000000000000e+00 5.462000000000000000e+03
4.000000000000000000e+00 2.687000000000000000e+03
5.000000000000000000e+00 1.417000000000000000e+03
6.000000000000000000e+00 6.720000000000000000e+02
7.000000000000000000e+00 3.210000000000000000e+02
8.000000000000000000e+00 1.430000000000000000e+02
9.000000000000000000e+00 6.000000000000000000e+01
1.000000000000000000e+01 1.900000000000000000e+01
1.100000000000000000e+01 1.400000000000000000e+01
1.200000000000000000e+01 4.000000000000000000e+00
1.300000000000000000e+01 1.000000000000000000e+00

1.000000000000000000e+00 3.236886000000000000e+06
2.000000000000000000e+00 1.281500000000000000e+04
3.000000000000000000e+00 5.119000000000000000e+03
4.000000000000000000e+00 2.364000000000000000e+03
5.000000000000000000e+00 1.175000000000000000e+03
6.000000000000000000e+00 5.820000000000000000e+02
7.000000000000000000e+00 2.800000000000000000e+02
8.000000000000000000e+00 8.700000000000000000e+01
9.000000000000000000e+00 4.800000000000000000e+01
1.000000000000000000e+01 1.500000000000000000e+01
1.100000000000000000e+01 6.000000000000000000e+00

1.000000000000000000e+00 3.240301000000000000e+06
2.000000000000000000e+00 1.259000000000000000e+04
3.000000000000000000e+00 4.995000000000000000e+03
4.000000000000000000e+00 2.267000000000000000e+03
5.000000000000000000e+00 1.062000000000000000e+03
6.000000000000000000e+00 4.780000000000000000e+02
7.000000000000000000e+00 2.010000000000000000e+02
8.000000000000000000e+00 6.700000000000000000e+01
9.000000000000000000e+00 2.200000000000000000e+01
1.000000000000000000e+01 9.000000000000000000e+00
1.100000000000000000e+01 3.000000000000000000e+00
1.200000000000000000e+01 2.000000000000000000e+00

1.000000000000000000e+00 3.244467000000000000e+06
2.000000000000000000e+00 1.240200000000000000e+04
3.000000000000000000e+00 4.556000000000000000e+03
4.000000000000000000e+00 2.067000000000000000e+03
5.000000000000000000e+00 9.840000000000000000e+02
6.000000000000000000e+00 3.630000000000000000e+02
7.000000000000000000e+00 1.490000000000000000e+02
8.000000000000000000e+00 4.800000000000000000e+01
9.000000000000000000e+00 1.800000000000000000e+01
1.000000000000000000e+01 5.000000000000000000e+00
1.100000000000000000e+01 4.000000000000000000e+00
1.200000000000000000e+01 1.000000000000000000e+00

1.000000000000000000e+00 3.246176000000000000e+06
2.000000000000000000e+00 1.210200000000000000e+04
3.000000000000000000e+00 4.418000000000000000e+03
4.000000000000000000e+00 2.069000000000000000e+03
5.000000000000000000e+00 8.750000000000000000e+02
6.000000000000000000e+00 3.910000000000000000e+02
7.000000000000000000e+00 1.240000000000000000e+02
8.000000000000000000e+00 3.700000000000000000e+01
9.000000000000000000e+00 1.600000000000000000e+01
1.000000000000000000e+01 5.000000000000000000e+00
1.100000000000000000e+01 1.000000000000000000e+00

1.000000000000000000e+00 3.249748000000000000e+06
2.000000000000000000e+00 1.163300000000000000e+04
3.000000000000000000e+00 4.312000000000000000e+03
4.000000000000000000e+00 1.862000000000000000e+03
5.000000000000000000e+00 7.300000000000000000e+02
6.000000000000000000e+00 2.990000000000000000e+02
7.000000000000000000e+00 1.000000000000000000e+02
8.000000000000000000e+00 3.400000000000000000e+01
9.000000000000000000e+00 1.400000000000000000e+01
1.000000000000000000e+01 6.000000000000000000e+00

