1.000000000000000000e+00 2.491460000000000000e+06
1.600000000000000000e+01 5.398000000000000000e+03
1.500000000000000000e+01 5.275000000000000000e+03
1.700000000000000000e+01 5.137000000000000000e+03
1.400000000000000000e+01 4.810000000000000000e+03
1.800000000000000000e+01 4.482000000000000000e+03
1.300000000000000000e+01 4.045000000000000000e+03
1.900000000000000000e+01 3.745000000000000000e+03
1.200000000000000000e+01 3.057000000000000000e+03
2.000000000000000000e+01 2.940000000000000000e+03
2.100000000000000000e+01 2.167000000000000000e+03
1.100000000000000000e+01 2.149000000000000000e+03
2.200000000000000000e+01 1.564000000000000000e+03
1.000000000000000000e+01 1.314000000000000000e+03
2.300000000000000000e+01 9.640000000000000000e+02
9.000000000000000000e+00 7.080000000000000000e+02
2.400000000000000000e+01 6.250000000000000000e+02
2.500000000000000000e+01 3.900000000000000000e+02
8.000000000000000000e+00 3.650000000000000000e+02
2.600000000000000000e+01 2.240000000000000000e+02
7.000000000000000000e+00 1.810000000000000000e+02
2.700000000000000000e+01 1.350000000000000000e+02
6.000000000000000000e+00 6.700000000000000000e+01
2.800000000000000000e+01 6.300000000000000000e+01
2.900000000000000000e+01 3.800000000000000000e+01
2.000000000000000000e+00 3.200000000000000000e+01
5.000000000000000000e+00 3.100000000000000000e+01
3.000000000000000000e+01 1.700000000000000000e+01
4.000000000000000000e+00 1.600000000000000000e+01
3.000000000000000000e+00 1.400000000000000000e+01
3.100000000000000000e+01 1.200000000000000000e+01
3.200000000000000000e+01 6.000000000000000000e+00
3.300000000000000000e+01 3.000000000000000000e+00
3.400000000000000000e+01 2.000000000000000000e+00

1.000000000000000000e+00 2.500664000000000000e+06
1.500000000000000000e+01 5.181000000000000000e+03
1.600000000000000000e+01 5.181000000000000000e+03
1.700000000000000000e+01 4.888000000000000000e+03
1.400000000000000000e+01 4.808000000000000000e+03
1.800000000000000000e+01 4.252000000000000000e+03
1.300000000000000000e+01 4.135000000000000000e+03
1.900000000000000000e+01 3.451000000000000000e+03
1.200000000000000000e+01 3.302000000000000000e+03
2.000000000000000000e+01 2.818000000000000000e+03
1.100000000000000000e+01 2.356000000000000000e+03
2.100000000000000000e+01 2.082000000000000000e+03
1.000000000000000000e+01 1.574000000000000000e+03
2.200000000000000000e+01 1.527000000000000000e+03
2.300000000000000000e+01 9.620000000000000000e+02
9.000000000000000000e+00 9.070000000000000000e+02
2.400000000000000000e+01 6.340000000000000000e+02
8.000000000000000000e+00 4.910000000000000000e+02
2.500000000000000000e+01 4.170000000000000000e+02
7.000000000000000000e+00 2.490000000000000000e+02
2.600000000000000000e+01 2.440000000000000000e+02
2.700000000000000000e+01 1.140000000000000000e+02
6.000000000000000000e+00 9.800000000000000000e+01
2.800000000000000000e+01 8.500000000000000000e+01
5.000000000000000000e+00 5.600000000000000000e+01
2.900000000000000000e+01 4.800000000000000000e+01
2.000000000000000000e+00 3.100000000000000000e+01
3.000000000000000000e+01 2.700000000000000000e+01
4.000000000000000000e+00 2.200000000000000000e+01
3.000000000000000000e+00 1.600000000000000000e+01
3.100000000000000000e+01 1.100000000000000000e+01
3.200000000000000000e+01 1.000000000000000000e+01
3.300000000000000000e+01 3.000000000000000000e+00
3.500000000000000000e+01 2.000000000000000000e+00

1.000000000000000000e+00 2.511636000000000000e+06
1.500000000000000000e+01 5.122000000000000000e+03
1.600000000000000000e+01 5.063000000000000000e+03
1.400000000000000000e+01 4.769000000000000000e+03
1.700000000000000000e+01 4.697000000000000000e+03
1.300000000000000000e+01 4.228000000000000000e+03
1.800000000000000000e+01 4.111000000000000000e+03
1.200000000000000000e+01 3.484000000000000000e+03
1.900000000000000000e+01 3.432000000000000000e+03
1.100000000000000000e+01 2.579000000000000000e+03
2.000000000000000000e+01 2.547000000000000000e+03
2.100000000000000000e+01 1.948000000000000000e+03
1.000000000000000000e+01 1.765000000000000000e+03
2.200000000000000000e+01 1.392000000000000000e+03
9.000000000000000000e+00 1.139000000000000000e+03
2.300000000000000000e+01 9.300000000000000000e+02
2.400000000000000000e+01 6.430000000000000000e+02
8.000000000000000000e+00 6.020000000000000000e+02
2.500000000000000000e+01 3.710000000000000000e+02
7.000000000000000000e+00 3.070000000000000000e+02
2.600000000000000000e+01 2.390000000000000000e+02
6.000000000000000000e+00 1.460000000000000000e+02
2.700000000000000000e+01 1.280000000000000000e+02
5.000000000000000000e+00 8.100000000000000000e+01
2.800000000000000000e+01 8.100000000000000000e+01
2.900000000000000000e+01 4.200000000000000000e+01
2.000000000000000000e+00 3.500000000000000000e+01
4.000000000000000000e+00 3.500000000000000000e+01
3.000000000000000000e+00 2.300000000000000000e+01
3.000000000000000000e+01 1.600000000000000000e+01
3.100000000000000000e+01 1.500000000000000000e+01
3.300000000000000000e+01 5.000000000000000000e+00
3.200000000000000000e+01 5.000000000000000000e+00
3.500000000000000000e+01 3.000000000000000000e+00
3.800000000000000000e+01 1.000000000000000000e+00

1.000000000000000000e+00 2.525054000000000000e+06
1.500000000000000000e+01 5.021000000000000000e+03
1.400000000000000000e+01 4.945000000000000000e+03
1.600000000000000000e+01 4.829000000000000000e+03
1.300000000000000000e+01 4.380000000000000000e+03
1.700000000000000000e+01 4.363000000000000000e+03
1.800000000000000000e+01 3.900000000000000000e+03
1.200000000000000000e+01 3.614000000000000000e+03
1.900000000000000000e+01 3.117000000000000000e+03
1.100000000000000000e+01 2.740000000000000000e+03
2.000000000000000000e+01 2.473000000000000000e+03
1.000000000000000000e+01 1.990000000000000000e+03
2.100000000000000000e+01 1.887000000000000000e+03
9.000000000000000000e+00 1.346000000000000000e+03
2.200000000000000000e+01 1.313000000000000000e+03
2.300000000000000000e+01 8.630000000000000000e+02
8.000000000000000000e+00 8.120000000000000000e+02
2.400000000000000000e+01 6.100000000000000000e+02
7.000000000000000000e+00 4.240000000000000000e+02
2.500000000000000000e+01 3.610000000000000000e+02
6.000000000000000000e+00 2.130000000000000000e+02
2.600000000000000000e+01 1.910000000000000000e+02
2.700000000000000000e+01 1.320000000000000000e+02
5.000000000000000000e+00 1.310000000000000000e+02
2.800000000000000000e+01 8.500000000000000000e+01
2.000000000000000000e+00 6.000000000000000000e+01
4.000000000000000000e+00 5.300000000000000000e+01
2.900000000000000000e+01 4.300000000000000000e+01
3.000000000000000000e+00 3.900000000000000000e+01
3.000000000000000000e+01 2.000000000000000000e+01
3.100000000000000000e+01 1.300000000000000000e+01
3.200000000000000000e+01 1.300000000000000000e+01
3.300000000000000000e+01 2.000000000000000000e+00
3.500000000000000000e+01 2.000000000000000000e+00
3.600000000000000000e+01 1.000000000000000000e+00

1.000000000000000000e+00 2.539714000000000000e+06
1.500000000000000000e+01 4.862000000000000000e+03
1.400000000000000000e+01 4.794000000000000000e+03
1.600000000000000000e+01 4.599000000000000000e+03
1.300000000000000000e+01 4.411000000000000000e+03
1.700000000000000000e+01 4.150000000000000000e+03
1.200000000000000000e+01 3.799000000000000000e+03
1.800000000000000000e+01 3.658000000000000000e+03
1.100000000000000000e+01 3.086000000000000000e+03
1.900000000000000000e+01 2.903000000000000000e+03
2.000000000000000000e+01 2.309000000000000000e+03
1.000000000000000000e+01 2.300000000000000000e+03
2.100000000000000000e+01 1.672000000000000000e+03
9.000000000000000000e+00 1.586000000000000000e+03
2.200000000000000000e+01 1.246000000000000000e+03
8.000000000000000000e+00 1.011000000000000000e+03
2.300000000000000000e+01 8.100000000000000000e+02
7.000000000000000000e+00 5.720000000000000000e+02
2.400000000000000000e+01 5.680000000000000000e+02
2.500000000000000000e+01 3.690000000000000000e+02
6.000000000000000000e+00 3.250000000000000000e+02
2.600000000000000000e+01 2.360000000000000000e+02
5.000000000000000000e+00 1.850000000000000000e+02
2.700000000000000000e+01 1.460000000000000000e+02
4.000000000000000000e+00 8.300000000000000000e+01
2.000000000000000000e+00 8.000000000000000000e+01
2.800000000000000000e+01 6.800000000000000000e+01
3.000000000000000000e+00 5.100000000000000000e+01
2.900000000000000000e+01 4.300000000000000000e+01
3.100000000000000000e+01 2.100000000000000000e+01
3.000000000000000000e+01 1.900000000000000000e+01
3.200000000000000000e+01 1.000000000000000000e+01
3.400000000000000000e+01 3.000000000000000000e+00
3.300000000000000000e+01 3.000000000000000000e+00
3.700000000000000000e+01 2.000000000000000000e+00
3.500000000000000000e+01 2.000000000000000000e+00
3.600000000000000000e+01 1.000000000000000000e+00

1.000000000000000000e+00 2.557753000000000000e+06
1.400000000000000000e+01 4.721000000000000000e+03
1.500000000000000000e+01 4.626000000000000000e+03
1.600000000000000000e+01 4.422000000000000000e+03
1.300000000000000000e+01 4.407000000000000000e+03
1.200000000000000000e+01 4.001000000000000000e+03
1.700000000000000000e+01 3.994000000000000000e+03
1.800000000000000000e+01 3.363000000000000000e+03
1.100000000000000000e+01 3.292000000000000000e+03
1.900000000000000000e+01 2.625000000000000000e+03
1.000000000000000000e+01 2.555000000000000000e+03
2.000000000000000000e+01 2.106000000000000000e+03
9.000000000000000000e+00 1.914000000000000000e+03
2.100000000000000000e+01 1.516000000000000000e+03
8.000000000000000000e+00 1.262000000000000000e+03
2.200000000000000000e+01 1.149000000000000000e+03
7.000000000000000000e+00 8.040000000000000000e+02
2.300000000000000000e+01 7.540000000000000000e+02
2.400000000000000000e+01 5.120000000000000000e+02
6.000000000000000000e+00 5.010000000000000000e+02
2.500000000000000000e+01 3.400000000000000000e+02
2.600000000000000000e+01 2.460000000000000000e+02
5.000000000000000000e+00 2.270000000000000000e+02
4.000000000000000000e+00 1.490000000000000000e+02
2.700000000000000000e+01 1.100000000000000000e+02
2.000000000000000000e+00 1.020000000000000000e+02
3.000000000000000000e+00 8.600000000000000000e+01
2.800000000000000000e+01 7.000000000000000000e+01
2.900000000000000000e+01 5.900000000000000000e+01
3.000000000000000000e+01 2.900000000000000000e+01
3.100000000000000000e+01 2.000000000000000000e+01
3.200000000000000000e+01 1.000000000000000000e+01
3.300000000000000000e+01 3.000000000000000000e+00
3.600000000000000000e+01 3.000000000000000000e+00
3.400000000000000000e+01 1.000000000000000000e+00
3.800000000000000000e+01 1.000000000000000000e+00

1.000000000000000000e+00 2.582956000000000000e+06
1.400000000000000000e+01 4.568000000000000000e+03
1.300000000000000000e+01 4.494000000000000000e+03
1.500000000000000000e+01 4.340000000000000000e+03
1.200000000000000000e+01 4.188000000000000000e+03
1.600000000000000000e+01 4.117000000000000000e+03
1.100000000000000000e+01 3.588000000000000000e+03
1.700000000000000000e+01 3.478000000000000000e+03
1.800000000000000000e+01 3.010000000000000000e+03
1.000000000000000000e+01 2.885000000000000000e+03
1.900000000000000000e+01 2.375000000000000000e+03
9.000000000000000000e+00 2.310000000000000000e+03
2.000000000000000000e+01 1.890000000000000000e+03
8.000000000000000000e+00 1.627000000000000000e+03
2.100000000000000000e+01 1.403000000000000000e+03
7.000000000000000000e+00 1.060000000000000000e+03
2.200000000000000000e+01 1.007000000000000000e+03
6.000000000000000000e+00 6.950000000000000000e+02
2.300000000000000000e+01 6.710000000000000000e+02
2.400000000000000000e+01 4.750000000000000000e+02
5.000000000000000000e+00 4.170000000000000000e+02
2.500000000000000000e+01 2.770000000000000000e+02
4.000000000000000000e+00 2.540000000000000000e+02
2.600000000000000000e+01 2.140000000000000000e+02
2.000000000000000000e+00 1.680000000000000000e+02
3.000000000000000000e+00 1.650000000000000000e+02
2.700000000000000000e+01 1.120000000000000000e+02
2.800000000000000000e+01 8.500000000000000000e+01
2.900000000000000000e+01 4.300000000000000000e+01
3.000000000000000000e+01 3.100000000000000000e+01
3.100000000000000000e+01 1.800000000000000000e+01
3.200000000000000000e+01 1.200000000000000000e+01
3.400000000000000000e+01 1.000000000000000000e+00
3.300000000000000000e+01 1.000000000000000000e+00
3.600000000000000000e+01 1.000000000000000000e+00

1.000000000000000000e+00 2.609643000000000000e+06
1.400000000000000000e+01 4.490000000000000000e+03
1.300000000000000000e+01 4.417000000000000000e+03
1.200000000000000000e+01 4.201000000000000000e+03
1.500000000000000000e+01 4.138000000000000000e+03
1.100000000000000000e+01 3.817000000000000000e+03
1.600000000000000000e+01 3.741000000000000000e+03
1.000000000000000000e+01 3.321000000000000000e+03
1.700000000000000000e+01 3.157000000000000000e+03
9.000000000000000000e+00 2.648000000000000000e+03
1.800000000000000000e+01 2.619000000000000000e+03
1.900000000000000000e+01 2.190000000000000000e+03
8.000000000000000000e+00 1.990000000000000000e+03
2.000000000000000000e+01 1.616000000000000000e+03
7.000000000000000000e+00 1.400000000000000000e+03
2.100000000000000000e+01 1.236000000000000000e+03
6.000000000000000000e+00 9.200000000000000000e+02
2.200000000000000000e+01 8.520000000000000000e+02
5.000000000000000000e+00 6.060000000000000000e+02
2.300000000000000000e+01 5.730000000000000000e+02
2.400000000000000000e+01 3.900000000000000000e+02
4.000000000000000000e+00 3.260000000000000000e+02
2.000000000000000000e+00 2.870000000000000000e+02
2.500000000000000000e+01 2.730000000000000000e+02
3.000000000000000000e+00 2.700000000000000000e+02
2.600000000000000000e+01 1.860000000000000000e+02
2.700000000000000000e+01 1.250000000000000000e+02
2.800000000000000000e+01 7.300000000000000000e+01
2.900000000000000000e+01 3.900000000000000000e+01
3.000000000000000000e+01 2.400000000000000000e+01
3.200000000000000000e+01 1.000000000000000000e+01
3.100000000000000000e+01 7.000000000000000000e+00
3.300000000000000000e+01 5.000000000000000000e+00
3.400000000000000000e+01 3.000000000000000000e+00
3.600000000000000000e+01 1.000000000000000000e+00

1.000000000000000000e+00 2.643336000000000000e+06
1.200000000000000000e+01 4.384000000000000000e+03
1.300000000000000000e+01 4.332000000000000000e+03
1.400000000000000000e+01 4.117000000000000000e+03
1.100000000000000000e+01 4.029000000000000000e+03
1.500000000000000000e+01 3.874000000000000000e+03
1.000000000000000000e+01 3.555000000000000000e+03
1.600000000000000000e+01 3.355000000000000000e+03
9.000000000000000000e+00 3.079000000000000000e+03
1.700000000000000000e+01 2.786000000000000000e+03
8.000000000000000000e+00 2.444000000000000000e+03
1.800000000000000000e+01 2.260000000000000000e+03
1.900000000000000000e+01 1.955000000000000000e+03
7.000000000000000000e+00 1.731000000000000000e+03
2.000000000000000000e+01 1.403000000000000000e+03
6.000000000000000000e+00 1.275000000000000000e+03
2.100000000000000000e+01 9.500000000000000000e+02
5.000000000000000000e+00 8.250000000000000000e+02
2.200000000000000000e+01 7.330000000000000000e+02
4.000000000000000000e+00 5.450000000000000000e+02
2.300000000000000000e+01 4.980000000000000000e+02
2.000000000000000000e+00 4.820000000000000000e+02
3.000000000000000000e+00 4.380000000000000000e+02
2.400000000000000000e+01 3.660000000000000000e+02
2.500000000000000000e+01 2.030000000000000000e+02
2.600000000000000000e+01 1.230000000000000000e+02
2.700000000000000000e+01 8.200000000000000000e+01
2.800000000000000000e+01 4.600000000000000000e+01
2.900000000000000000e+01 2.300000000000000000e+01
3.000000000000000000e+01 1.600000000000000000e+01
3.100000000000000000e+01 7.000000000000000000e+00
3.200000000000000000e+01 2.000000000000000000e+00
3.300000000000000000e+01 2.000000000000000000e+00

1.000000000000000000e+00 2.685149000000000000e+06
1.200000000000000000e+01 4.181000000000000000e+03
1.300000000000000000e+01 4.094000000000000000e+03
1.100000000000000000e+01 3.998000000000000000e+03
1.000000000000000000e+01 3.901000000000000000e+03
1.400000000000000000e+01 3.747000000000000000e+03
9.000000000000000000e+00 3.402000000000000000e+03
1.500000000000000000e+01 3.378000000000000000e+03
1.600000000000000000e+01 3.016000000000000000e+03
8.000000000000000000e+00 3.002000000000000000e+03
1.700000000000000000e+01 2.393000000000000000e+03
7.000000000000000000e+00 2.353000000000000000e+03
1.800000000000000000e+01 1.918000000000000000e+03
6.000000000000000000e+00 1.738000000000000000e+03
1.900000000000000000e+01 1.495000000000000000e+03
5.000000000000000000e+00 1.249000000000000000e+03
2.000000000000000000e+01 1.140000000000000000e+03
4.000000000000000000e+00 8.900000000000000000e+02
2.100000000000000000e+01 8.060000000000000000e+02
2.000000000000000000e+00 7.390000000000000000e+02
3.000000000000000000e+00 6.620000000000000000e+02
2.200000000000000000e+01 5.930000000000000000e+02
2.300000000000000000e+01 3.830000000000000000e+02
2.400000000000000000e+01 2.740000000000000000e+02
2.500000000000000000e+01 1.830000000000000000e+02
2.600000000000000000e+01 9.000000000000000000e+01
2.700000000000000000e+01 6.700000000000000000e+01
2.800000000000000000e+01 3.000000000000000000e+01
2.900000000000000000e+01 1.800000000000000000e+01
3.000000000000000000e+01 7.000000000000000000e+00
3.100000000000000000e+01 4.000000000000000000e+00
3.200000000000000000e+01 3.000000000000000000e+00

1.000000000000000000e+00 2.736230000000000000e+06
1.100000000000000000e+01 4.089000000000000000e+03
1.000000000000000000e+01 4.029000000000000000e+03
1.200000000000000000e+01 3.950000000000000000e+03
9.000000000000000000e+00 3.839000000000000000e+03
1.300000000000000000e+01 3.747000000000000000e+03
8.000000000000000000e+00 3.477000000000000000e+03
1.400000000000000000e+01 3.336000000000000000e+03
7.000000000000000000e+00 2.836000000000000000e+03
1.500000000000000000e+01 2.823000000000000000e+03
1.600000000000000000e+01 2.463000000000000000e+03
6.000000000000000000e+00 2.356000000000000000e+03
1.700000000000000000e+01 2.061000000000000000e+03
5.000000000000000000e+00 1.833000000000000000e+03
1.800000000000000000e+01 1.524000000000000000e+03
4.000000000000000000e+00 1.334000000000000000e+03
2.000000000000000000e+00 1.212000000000000000e+03
1.900000000000000000e+01 1.128000000000000000e+03
3.000000000000000000e+00 1.024000000000000000e+03
2.000000000000000000e+01 8.310000000000000000e+02
2.100000000000000000e+01 6.060000000000000000e+02
2.200000000000000000e+01 4.200000000000000000e+02
2.300000000000000000e+01 2.600000000000000000e+02
2.400000000000000000e+01 1.560000000000000000e+02
2.500000000000000000e+01 9.600000000000000000e+01
2.600000000000000000e+01 5.900000000000000000e+01
2.700000000000000000e+01 3.300000000000000000e+01
2.800000000000000000e+01 1.300000000000000000e+01
3.000000000000000000e+01 3.000000000000000000e+00
3.100000000000000000e+01 2.000000000000000000e+00
2.900000000000000000e+01 1.000000000000000000e+00

1.000000000000000000e+00 2.797974000000000000e+06
1.000000000000000000e+01 4.046000000000000000e+03
9.000000000000000000e+00 3.992000000000000000e+03
1.100000000000000000e+01 3.937000000000000000e+03
8.000000000000000000e+00 3.792000000000000000e+03
1.200000000000000000e+01 3.610000000000000000e+03
7.000000000000000000e+00 3.454000000000000000e+03
1.300000000000000000e+01 3.242000000000000000e+03
6.000000000000000000e+00 3.106000000000000000e+03
1.400000000000000000e+01 2.812000000000000000e+03
5.000000000000000000e+00 2.460000000000000000e+03
1.500000000000000000e+01 2.257000000000000000e+03
4.000000000000000000e+00 1.931000000000000000e+03
1.600000000000000000e+01 1.889000000000000000e+03
2.000000000000000000e+00 1.843000000000000000e+03
3.000000000000000000e+00 1.631000000000000000e+03
1.700000000000000000e+01 1.432000000000000000e+03
1.800000000000000000e+01 1.171000000000000000e+03
1.900000000000000000e+01 8.300000000000000000e+02
2.000000000000000000e+01 5.280000000000000000e+02
2.100000000000000000e+01 3.600000000000000000e+02
2.200000000000000000e+01 2.220000000000000000e+02
2.300000000000000000e+01 1.450000000000000000e+02
2.400000000000000000e+01 8.400000000000000000e+01
2.500000000000000000e+01 5.000000000000000000e+01
2.600000000000000000e+01 1.500000000000000000e+01
2.700000000000000000e+01 7.000000000000000000e+00
2.800000000000000000e+01 5.000000000000000000e+00
2.900000000000000000e+01 3.000000000000000000e+00
3.100000000000000000e+01 2.000000000000000000e+00

1.000000000000000000e+00 2.870778000000000000e+06
9.000000000000000000e+00 4.101000000000000000e+03
8.000000000000000000e+00 4.073000000000000000e+03
7.000000000000000000e+00 3.915000000000000000e+03
1.000000000000000000e+01 3.851000000000000000e+03
6.000000000000000000e+00 3.691000000000000000e+03
1.100000000000000000e+01 3.369000000000000000e+03
5.000000000000000000e+00 3.282000000000000000e+03
1.200000000000000000e+01 2.995000000000000000e+03
2.000000000000000000e+00 2.968000000000000000e+03
4.000000000000000000e+00 2.849000000000000000e+03
3.000000000000000000e+00 2.508000000000000000e+03
1.300000000000000000e+01 2.468000000000000000e+03
1.400000000000000000e+01 2.072000000000000000e+03
1.500000000000000000e+01 1.610000000000000000e+03
1.600000000000000000e+01 1.303000000000000000e+03
1.700000000000000000e+01 9.810000000000000000e+02
1.800000000000000000e+01 6.420000000000000000e+02
1.900000000000000000e+01 4.320000000000000000e+02
2.000000000000000000e+01 2.990000000000000000e+02
2.100000000000000000e+01 1.980000000000000000e+02
2.200000000000000000e+01 9.500000000000000000e+01
2.300000000000000000e+01 6.100000000000000000e+01
2.400000000000000000e+01 2.800000000000000000e+01
2.600000000000000000e+01 9.000000000000000000e+00
2.500000000000000000e+01 8.000000000000000000e+00
2.700000000000000000e+01 5.000000000000000000e+00

1.000000000000000000e+00 2.953150000000000000e+06
2.000000000000000000e+00 4.540000000000000000e+03
6.000000000000000000e+00 4.266000000000000000e+03
7.000000000000000000e+00 4.228000000000000000e+03
5.000000000000000000e+00 4.170000000000000000e+03
8.000000000000000000e+00 3.892000000000000000e+03
4.000000000000000000e+00 3.779000000000000000e+03
3.000000000000000000e+00 3.744000000000000000e+03
9.000000000000000000e+00 3.600000000000000000e+03
1.000000000000000000e+01 3.119000000000000000e+03
1.100000000000000000e+01 2.629000000000000000e+03
1.200000000000000000e+01 2.119000000000000000e+03
1.300000000000000000e+01 1.663000000000000000e+03
1.400000000000000000e+01 1.225000000000000000e+03
1.500000000000000000e+01 9.690000000000000000e+02
1.600000000000000000e+01 7.240000000000000000e+02
1.700000000000000000e+01 4.200000000000000000e+02
1.800000000000000000e+01 2.900000000000000000e+02
1.900000000000000000e+01 1.950000000000000000e+02
2.000000000000000000e+01 1.300000000000000000e+02
2.100000000000000000e+01 5.400000000000000000e+01
2.200000000000000000e+01 3.700000000000000000e+01
2.300000000000000000e+01 2.100000000000000000e+01
2.400000000000000000e+01 6.000000000000000000e+00
2.600000000000000000e+01 4.000000000000000000e+00
2.500000000000000000e+01 3.000000000000000000e+00

1.000000000000000000e+00 3.029966000000000000e+06
2.000000000000000000e+00 6.507000000000000000e+03
3.000000000000000000e+00 4.898000000000000000e+03
4.000000000000000000e+00 4.888000000000000000e+03
5.000000000000000000e+00 4.817000000000000000e+03
6.000000000000000000e+00 4.575000000000000000e+03
7.000000000000000000e+00 3.930000000000000000e+03
8.000000000000000000e+00 3.305000000000000000e+03
9.000000000000000000e+00 2.719000000000000000e+03
1.000000000000000000e+01 2.133000000000000000e+03
1.100000000000000000e+01 1.663000000000000000e+03
1.200000000000000000e+01 1.254000000000000000e+03
1.300000000000000000e+01 9.020000000000000000e+02
1.400000000000000000e+01 6.250000000000000000e+02
1.500000000000000000e+01 4.190000000000000000e+02
1.600000000000000000e+01 2.570000000000000000e+02
1.700000000000000000e+01 1.920000000000000000e+02
1.800000000000000000e+01 8.000000000000000000e+01
1.900000000000000000e+01 5.900000000000000000e+01
2.000000000000000000e+01 4.000000000000000000e+01
2.100000000000000000e+01 1.900000000000000000e+01
2.200000000000000000e+01 7.000000000000000000e+00
2.400000000000000000e+01 2.000000000000000000e+00
2.300000000000000000e+01 1.000000000000000000e+00
2.500000000000000000e+01 1.000000000000000000e+00

1.000000000000000000e+00 3.088390000000000000e+06
2.000000000000000000e+00 8.146000000000000000e+03
3.000000000000000000e+00 6.087000000000000000e+03
4.000000000000000000e+00 5.458000000000000000e+03
5.000000000000000000e+00 5.045000000000000000e+03
6.000000000000000000e+00 4.320000000000000000e+03
7.000000000000000000e+00 3.480000000000000000e+03
8.000000000000000000e+00 2.484000000000000000e+03
9.000000000000000000e+00 1.802000000000000000e+03
1.000000000000000000e+01 1.297000000000000000e+03
1.100000000000000000e+01 9.340000000000000000e+02
1.200000000000000000e+01 5.590000000000000000e+02
1.300000000000000000e+01 3.610000000000000000e+02
1.400000000000000000e+01 2.610000000000000000e+02
1.500000000000000000e+01 1.490000000000000000e+02
1.600000000000000000e+01 7.700000000000000000e+01
1.700000000000000000e+01 5.200000000000000000e+01
1.800000000000000000e+01 2.600000000000000000e+01
1.900000000000000000e+01 1.700000000000000000e+01
2.000000000000000000e+01 5.000000000000000000e+00
2.300000000000000000e+01 2.000000000000000000e+00
2.200000000000000000e+01 1.000000000000000000e+00
2.100000000000000000e+01 1.000000000000000000e+00

1.000000000000000000e+00 3.130955000000000000e+06
2.000000000000000000e+00 9.656000000000000000e+03
3.000000000000000000e+00 6.728000000000000000e+03
4.000000000000000000e+00 5.812000000000000000e+03
5.000000000000000000e+00 4.759000000000000000e+03
6.000000000000000000e+00 3.758000000000000000e+03
7.000000000000000000e+00 2.560000000000000000e+03
8.000000000000000000e+00 1.686000000000000000e+03
9.000000000000000000e+00 1.072000000000000000e+03
1.000000000000000000e+01 6.410000000000000000e+02
1.100000000000000000e+01 4.050000000000000000e+02
1.200000000000000000e+01 2.500000000000000000e+02
1.300000000000000000e+01 1.760000000000000000e+02
1.400000000000000000e+01 8.800000000000000000e+01
1.500000000000000000e+01 5.200000000000000000e+01
1.600000000000000000e+01 1.800000000000000000e+01
1.700000000000000000e+01 1.400000000000000000e+01
1.800000000000000000e+01 5.000000000000000000e+00
2.000000000000000000e+01 2.000000000000000000e+00
1.900000000000000000e+01 2.000000000000000000e+00
2.200000000000000000e+01 1.000000000000000000e+00
2.100000000000000000e+01 1.000000000000000000e+00

1.000000000000000000e+00 3.157382000000000000e+06
2.000000000000000000e+00 1.058300000000000000e+04
3.000000000000000000e+00 7.219000000000000000e+03
4.000000000000000000e+00 5.795000000000000000e+03
5.000000000000000000e+00 4.556000000000000000e+03
6.000000000000000000e+00 3.003000000000000000e+03
7.000000000000000000e+00 1.898000000000000000e+03
8.000000000000000000e+00 1.030000000000000000e+03
9.000000000000000000e+00 6.490000000000000000e+02
1.000000000000000000e+01 3.380000000000000000e+02
1.100000000000000000e+01 2.100000000000000000e+02
1.200000000000000000e+01 9.700000000000000000e+01
1.300000000000000000e+01 6.700000000000000000e+01
1.400000000000000000e+01 2.500000000000000000e+01
1.500000000000000000e+01 1.600000000000000000e+01
1.700000000000000000e+01 4.000000000000000000e+00
1.600000000000000000e+01 3.000000000000000000e+00
1.900000000000000000e+01 1.000000000000000000e+00

1.000000000000000000e+00 3.185170000000000000e+06
2.000000000000000000e+00 1.117900000000000000e+04
3.000000000000000000e+00 7.092000000000000000e+03
4.000000000000000000e+00 5.221000000000000000e+03
5.000000000000000000e+00 3.578000000000000000e+03
6.000000000000000000e+00 2.106000000000000000e+03
7.000000000000000000e+00 1.199000000000000000e+03
8.000000000000000000e+00 6.500000000000000000e+02
9.000000000000000000e+00 3.370000000000000000e+02
1.000000000000000000e+01 1.530000000000000000e+02
1.100000000000000000e+01 7.500000000000000000e+01
1.200000000000000000e+01 3.500000000000000000e+01
1.300000000000000000e+01 1.500000000000000000e+01
1.400000000000000000e+01 1.100000000000000000e+01
1.600000000000000000e+01 1.000000000000000000e+00
2.000000000000000000e+01 1.000000000000000000e+00

1.000000000000000000e+00 3.207298000000000000e+06
2.000000000000000000e+00 1.149500000000000000e+04
3.000000000000000000e+00 6.932000000000000000e+03
4.000000000000000000e+00 4.394000000000000000e+03
5.000000000000000000e+00 2.610000000000000000e+03
6.000000000000000000e+00 1.408000000000000000e+03
7.000000000000000000e+00 7.010000000000000000e+02
8.000000000000000000e+00 3.200000000000000000e+02
9.000000000000000000e+00 1.540000000000000000e+02
1.000000000000000000e+01 5.300000000000000000e+01
1.100000000000000000e+01 2.700000000000000000e+01
1.200000000000000000e+01 7.000000000000000000e+00
1.300000000000000000e+01 6.000000000000000000e+00

1.000000000000000000e+00 3.221852000000000000e+06
2.000000000000000000e+00 1.140600000000000000e+04
3.000000000000000000e+00 6.384000000000000000e+03
4.000000000000000000e+00 3.868000000000000000e+03
5.000000000000000000e+00 2.010000000000000000e+03
6.000000000000000000e+00 9.470000000000000000e+02
7.000000000000000000e+00 4.290000000000000000e+02
8.000000000000000000e+00 1.550000000000000000e+02
9.000000000000000000e+00 4.500000000000000000e+01
1.000000000000000000e+01 2.300000000000000000e+01
1.100000000000000000e+01 6.000000000000000000e+00
1.200000000000000000e+01 3.000000000000000000e+00

1.000000000000000000e+00 3.232286000000000000e+06
2.000000000000000000e+00 1.139700000000000000e+04
3.000000000000000000e+00 5.804000000000000000e+03
4.000000000000000000e+00 3.296000000000000000e+03
5.000000000000000000e+00 1.550000000000000000e+03
6.000000000000000000e+00 6.760000000000000000e+02
7.000000000000000000e+00 2.440000000000000000e+02
8.000000000000000000e+00 6.900000000000000000e+01
9.000000000000000000e+00 1.700000000000000000e+01
1.000000000000000000e+01 8.000000000000000000e+00
1.100000000000000000e+01 1.000000000000000000e+00
1.400000000000000000e+01 1.000000000000000000e+00

1.000000000000000000e+00 3.235834000000000000e+06
2.000000000000000000e+00 1.129000000000000000e+04
3.000000000000000000e+00 5.821000000000000000e+03
4.000000000000000000e+00 2.986000000000000000e+03
5.000000000000000000e+00 1.410000000000000000e+03
6.000000000000000000e+00 5.610000000000000000e+02
7.000000000000000000e+00 1.760000000000000000e+02
8.000000000000000000e+00 4.100000000000000000e+01
9.000000000000000000e+00 1.800000000000000000e+01
1.000000000000000000e+01 3.000000000000000000e+00
1.100000000000000000e+01 1.000000000000000000e+00

1.000000000000000000e+00 3.238136000000000000e+06
2.000000000000000000e+00 1.122900000000000000e+04
3.000000000000000000e+00 5.642000000000000000e+03
4.000000000000000000e+00 2.892000000000000000e+03
5.000000000000000000e+00 1.249000000000000000e+03
6.000000000000000000e+00 4.970000000000000000e+02
7.000000000000000000e+00 1.730000000000000000e+02
8.000000000000000000e+00 4.300000000000000000e+01
9.000000000000000000e+00 1.000000000000000000e+01
1.000000000000000000e+01 4.000000000000000000e+00

1.000000000000000000e+00 3.239769000000000000e+06
2.000000000000000000e+00 1.106100000000000000e+04
3.000000000000000000e+00 5.535000000000000000e+03
4.000000000000000000e+00 2.815000000000000000e+03
5.000000000000000000e+00 1.254000000000000000e+03
6.000000000000000000e+00 4.540000000000000000e+02
7.000000000000000000e+00 1.280000000000000000e+02
8.000000000000000000e+00 3.500000000000000000e+01
9.000000000000000000e+00 6.000000000000000000e+00
1.000000000000000000e+01 2.000000000000000000e+00

1.000000000000000000e+00 3.241409000000000000e+06
2.000000000000000000e+00 1.101300000000000000e+04
3.000000000000000000e+00 5.563000000000000000e+03
4.000000000000000000e+00 2.663000000000000000e+03
5.000000000000000000e+00 1.154000000000000000e+03
6.000000000000000000e+00 4.020000000000000000e+02
7.000000000000000000e+00 1.130000000000000000e+02
8.000000000000000000e+00 2.800000000000000000e+01
9.000000000000000000e+00 3.000000000000000000e+00

1.000000000000000000e+00 3.242046000000000000e+06
2.000000000000000000e+00 1.092700000000000000e+04
3.000000000000000000e+00 5.420000000000000000e+03
4.000000000000000000e+00 2.673000000000000000e+03
5.000000000000000000e+00 1.120000000000000000e+03
6.000000000000000000e+00 3.970000000000000000e+02
7.000000000000000000e+00 1.150000000000000000e+02
8.000000000000000000e+00 3.800000000000000000e+01
9.000000000000000000e+00 5.000000000000000000e+00
1.200000000000000000e+01 1.000000000000000000e+00

1.000000000000000000e+00 2.488140000000000000e+06
1.600000000000000000e+01 5.468000000000000000e+03
1.500000000000000000e+01 5.272000000000000000e+03
1.700000000000000000e+01 5.217000000000000000e+03
1.400000000000000000e+01 4.925000000000000000e+03
1.800000000000000000e+01 4.570000000000000000e+03
1.300000000000000000e+01 3.874000000000000000e+03
1.900000000000000000e+01 3.844000000000000000e+03
1.200000000000000000e+01 2.986000000000000000e+03
2.000000000000000000e+01 2.922000000000000000e+03
2.100000000000000000e+01 2.207000000000000000e+03
1.100000000000000000e+01 1.986000000000000000e+03
2.200000000000000000e+01 1.506000000000000000e+03
1.000000000000000000e+01 1.242000000000000000e+03
2.300000000000000000e+01 1.041000000000000000e+03
9.000000000000000000e+00 7.070000000000000000e+02
2.400000000000000000e+01 6.480000000000000000e+02
2.500000000000000000e+01 3.960000000000000000e+02
8.000000000000000000e+00 3.620000000000000000e+02
2.600000000000000000e+01 2.160000000000000000e+02
7.000000000000000000e+00 1.590000000000000000e+02
2.700000000000000000e+01 1.290000000000000000e+02
2.800000000000000000e+01 6.700000000000000000e+01
6.000000000000000000e+00 6.300000000000000000e+01
2.900000000000000000e+01 3.700000000000000000e+01
5.000000000000000000e+00 3.100000000000000000e+01
2.000000000000000000e+00 2.500000000000000000e+01
3.000000000000000000e+01 1.900000000000000000e+01
4.000000000000000000e+00 1.200000000000000000e+01
3.100000000000000000e+01 1.100000000000000000e+01
3.000000000000000000e+00 8.000000000000000000e+00
3.200000000000000000e+01 8.000000000000000000e+00
3.300000000000000000e+01 5.000000000000000000e+00
3.400000000000000000e+01 2.000000000000000000e+00
3.700000000000000000e+01 1.000000000000000000e+00
3.500000000000000000e+01 1.000000000000000000e+00
3.600000000000000000e+01 1.000000000000000000e+00

1.000000000000000000e+00 2.494929000000000000e+06
1.600000000000000000e+01 5.433000000000000000e+03
1.500000000000000000e+01 5.304000000000000000e+03
1.700000000000000000e+01 4.998000000000000000e+03
1.400000000000000000e+01 4.760000000000000000e+03
1.800000000000000000e+01 4.361000000000000000e+03
1.300000000000000000e+01 4.055000000000000000e+03
1.900000000000000000e+01 3.680000000000000000e+03
1.200000000000000000e+01 3.000000000000000000e+03
2.000000000000000000e+01 2.809000000000000000e+03
1.100000000000000000e+01 2.272000000000000000e+03
2.100000000000000000e+01 2.082000000000000000e+03
2.200000000000000000e+01 1.523000000000000000e+03
1.000000000000000000e+01 1.413000000000000000e+03
2.300000000000000000e+01 1.029000000000000000e+03
9.000000000000000000e+00 8.490000000000000000e+02
2.400000000000000000e+01 6.430000000000000000e+02
8.000000000000000000e+00 4.260000000000000000e+02
2.500000000000000000e+01 3.880000000000000000e+02
2.600000000000000000e+01 2.290000000000000000e+02
7.000000000000000000e+00 1.840000000000000000e+02
2.700000000000000000e+01 1.490000000000000000e+02
6.000000000000000000e+00 9.800000000000000000e+01
2.800000000000000000e+01 8.000000000000000000e+01
5.000000000000000000e+00 4.600000000000000000e+01
2.900000000000000000e+01 4.600000000000000000e+01
2.000000000000000000e+00 2.900000000000000000e+01
3.000000000000000000e+01 2.600000000000000000e+01
4.000000000000000000e+00 1.900000000000000000e+01
3.000000000000000000e+00 1.300000000000000000e+01
3.200000000000000000e+01 8.000000000000000000e+00
3.100000000000000000e+01 7.000000000000000000e+00
3.300000000000000000e+01 6.000000000000000000e+00
3.500000000000000000e+01 2.000000000000000000e+00
3.400000000000000000e+01 2.000000000000000000e+00
4.700000000000000000e+01 1.000000000000000000e+00

1.000000000000000000e+00 2.502962000000000000e+06
1.600000000000000000e+01 5.138000000000000000e+03
1.500000000000000000e+01 5.028000000000000000e+03
1.700000000000000000e+01 4.777000000000000000e+03
1.400000000000000000e+01 4.766000000000000000e+03
1.800000000000000000e+01 4.229000000000000000e+03
1.300000000000000000e+01 4.166000000000000000e+03
1.900000000000000000e+01 3.441000000000000000e+03
1.200000000000000000e+01 3.230000000000000000e+03
2.000000000000000000e+01 2.722000000000000000e+03
1.100000000000000000e+01 2.489000000000000000e+03
2.100000000000000000e+01 2.110000000000000000e+03
1.000000000000000000e+01 1.596000000000000000e+03
2.200000000000000000e+01 1.442000000000000000e+03
2.300000000000000000e+01 1.025000000000000000e+03
9.000000000000000000e+00 9.790000000000000000e+02
2.400000000000000000e+01 6.850000000000000000e+02
8.000000000000000000e+00 5.610000000000000000e+02
2.500000000000000000e+01 4.250000000000000000e+02
7.000000000000000000e+00 2.920000000000000000e+02
2.600000000000000000e+01 2.560000000000000000e+02
2.700000000000000000e+01 1.430000000000000000e+02
6.000000000000000000e+00 1.320000000000000000e+02
2.800000000000000000e+01 7.600000000000000000e+01
5.000000000000000000e+00 6.500000000000000000e+01
2.900000000000000000e+01 4.600000000000000000e+01
4.000000000000000000e+00 4.300000000000000000e+01
3.000000000000000000e+01 3.200000000000000000e+01
2.000000000000000000e+00 3.000000000000000000e+01
3.000000000000000000e+00 1.500000000000000000e+01
3.100000000000000000e+01 1.400000000000000000e+01
3.200000000000000000e+01 8.000000000000000000e+00
3.300000000000000000e+01 4.000000000000000000e+00
3.500000000000000000e+01 2.000000000000000000e+00
3.700000000000000000e+01 1.000000000000000000e+00

1.000000000000000000e+00 2.513167000000000000e+06
1.600000000000000000e+01 5.102000000000000000e+03
1.500000000000000000e+01 4.884000000000000000e+03
1.400000000000000000e+01 4.769000000000000000e+03
1.700000000000000000e+01 4.567000000000000000e+03
1.300000000000000000e+01 4.123000000000000000e+03
1.800000000000000000e+01 3.931000000000000000e+03
1.200000000000000000e+01 3.456000000000000000e+03
1.900000000000000000e+01 3.313000000000000000e+03
1.100000000000000000e+01 2.668000000000000000e+03
2.000000000000000000e+01 2.588000000000000000e+03
2.100000000000000000e+01 1.943000000000000000e+03
1.000000000000000000e+01 1.838000000000000000e+03
2.200000000000000000e+01 1.362000000000000000e+03
9.000000000000000000e+00 1.267000000000000000e+03
2.300000000000000000e+01 1.001000000000000000e+03
2.400000000000000000e+01 6.860000000000000000e+02
8.000000000000000000e+00 6.560000000000000000e+02
2.500000000000000000e+01 4.050000000000000000e+02
7.000000000000000000e+00 3.640000000000000000e+02
2.600000000000000000e+01 2.640000000000000000e+02
6.000000000000000000e+00 1.920000000000000000e+02
2.700000000000000000e+01 1.640000000000000000e+02
5.000000000000000000e+00 9.200000000000000000e+01
2.800000000000000000e+01 8.800000000000000000e+01
2.900000000000000000e+01 6.100000000000000000e+01
4.000000000000000000e+00 5.100000000000000000e+01
2.000000000000000000e+00 5.000000000000000000e+01
3.000000000000000000e+01 3.000000000000000000e+01
3.000000000000000000e+00 1.900000000000000000e+01
3.100000000000000000e+01 1.700000000000000000e+01
3.200000000000000000e+01 1.000000000000000000e+01
3.300000000000000000e+01 5.000000000000000000e+00
3.400000000000000000e+01 4.000000000000000000e+00
3.700000000000000000e+01 2.000000000000000000e+00
3.900000000000000000e+01 1.000000000000000000e+00
3.500000000000000000e+01 1.000000000000000000e+00

1.000000000000000000e+00 2.528739000000000000e+06
1.500000000000000000e+01 4.805000000000000000e+03
1.400000000000000000e+01 4.785000000000000000e+03
1.600000000000000000e+01 4.644000000000000000e+03
1.300000000000000000e+01 4.212000000000000000e+03
1.700000000000000000e+01 4.205000000000000000e+03
1.200000000000000000e+01 3.686000000000000000e+03
1.800000000000000000e+01 3.609000000000000000e+03
1.900000000000000000e+01 2.988000000000000000e+03
1.100000000000000000e+01 2.898000000000000000e+03
2.000000000000000000e+01 2.383000000000000000e+03
1.000000000000000000e+01 2.174000000000000000e+03
2.100000000000000000e+01 1.851000000000000000e+03
9.000000000000000000e+00 1.512000000000000000e+03
2.200000000000000000e+01 1.321000000000000000e+03
8.000000000000000000e+00 9.550000000000000000e+02
2.300000000000000000e+01 9.540000000000000000e+02
2.400000000000000000e+01 6.060000000000000000e+02
7.000000000000000000e+00 5.130000000000000000e+02
2.500000000000000000e+01 4.340000000000000000e+02
6.000000000000000000e+00 2.900000000000000000e+02
2.600000000000000000e+01 2.860000000000000000e+02
2.700000000000000000e+01 1.740000000000000000e+02
5.000000000000000000e+00 1.440000000000000000e+02
2.800000000000000000e+01 1.190000000000000000e+02
2.000000000000000000e+00 1.010000000000000000e+02
4.000000000000000000e+00 9.800000000000000000e+01
3.000000000000000000e+00 7.500000000000000000e+01
2.900000000000000000e+01 7.100000000000000000e+01
3.000000000000000000e+01 4.100000000000000000e+01
3.100000000000000000e+01 2.800000000000000000e+01
3.200000000000000000e+01 1.600000000000000000e+01
3.300000000000000000e+01 1.200000000000000000e+01
3.400000000000000000e+01 7.000000000000000000e+00
3.600000000000000000e+01 4.000000000000000000e+00
3.500000000000000000e+01 2.000000000000000000e+00
3.700000000000000000e+01 1.000000000000000000e+00

1.000000000000000000e+00 2.549497000000000000e+06
1.400000000000000000e+01 4.514000000000000000e+03
1.500000000000000000e+01 4.422000000000000000e+03
1.600000000000000000e+01 4.279000000000000000e+03
1.300000000000000000e+01 4.213000000000000000e+03
1.700000000000000000e+01 3.792000000000000000e+03
1.200000000000000000e+01 3.782000000000000000e+03
1.800000000000000000e+01 3.444000000000000000e+03
1.100000000000000000e+01 3.221000000000000000e+03
1.900000000000000000e+01 2.769000000000000000e+03
1.000000000000000000e+01 2.508000000000000000e+03
2.000000000000000000e+01 2.196000000000000000e+03
9.000000000000000000e+00 1.864000000000000000e+03
2.100000000000000000e+01 1.663000000000000000e+03
8.000000000000000000e+00 1.287000000000000000e+03
2.200000000000000000e+01 1.237000000000000000e+03
2.300000000000000000e+01 8.480000000000000000e+02
7.000000000000000000e+00 8.130000000000000000e+02
2.400000000000000000e+01 6.410000000000000000e+02
6.000000000000000000e+00 4.630000000000000000e+02
2.500000000000000000e+01 4.510000000000000000e+02
5.000000000000000000e+00 2.870000000000000000e+02
2.600000000000000000e+01 2.770000000000000000e+02
4.000000000000000000e+00 1.940000000000000000e+02
2.700000000000000000e+01 1.860000000000000000e+02
2.000000000000000000e+00 1.610000000000000000e+02
3.000000000000000000e+00 1.330000000000000000e+02
2.800000000000000000e+01 1.320000000000000000e+02
2.900000000000000000e+01 7.100000000000000000e+01
3.000000000000000000e+01 4.400000000000000000e+01
3.100000000000000000e+01 3.500000000000000000e+01
3.200000000000000000e+01 2.400000000000000000e+01
3.400000000000000000e+01 9.000000000000000000e+00
3.300000000000000000e+01 5.000000000000000000e+00
3.600000000000000000e+01 5.000000000000000000e+00
3.500000000000000000e+01 5.000000000000000000e+00
3.700000000000000000e+01 3.000000000000000000e+00

1.000000000000000000e+00 2.576472000000000000e+06
1.400000000000000000e+01 4.265000000000000000e+03
1.300000000000000000e+01 4.208000000000000000e+03
1.500000000000000000e+01 4.067000000000000000e+03
1.600000000000000000e+01 3.860000000000000000e+03
1.200000000000000000e+01 3.773000000000000000e+03
1.700000000000000000e+01 3.589000000000000000e+03
1.100000000000000000e+01 3.409000000000000000e+03
1.800000000000000000e+01 3.015000000000000000e+03
1.000000000000000000e+01 2.805000000000000000e+03
1.900000000000000000e+01 2.392000000000000000e+03
9.000000000000000000e+00 2.251000000000000000e+03
2.000000000000000000e+01 2.011000000000000000e+03
8.000000000000000000e+00 1.665000000000000000e+03
2.100000000000000000e+01 1.557000000000000000e+03
7.000000000000000000e+00 1.175000000000000000e+03
2.200000000000000000e+01 1.102000000000000000e+03
2.300000000000000000e+01 8.050000000000000000e+02
6.000000000000000000e+00 7.850000000000000000e+02
2.400000000000000000e+01 5.840000000000000000e+02
5.000000000000000000e+00 5.130000000000000000e+02
2.500000000000000000e+01 4.010000000000000000e+02
4.000000000000000000e+00 3.240000000000000000e+02
2.000000000000000000e+00 3.070000000000000000e+02
2.600000000000000000e+01 2.870000000000000000e+02
3.000000000000000000e+00 2.160000000000000000e+02
2.700000000000000000e+01 1.700000000000000000e+02
2.800000000000000000e+01 1.280000000000000000e+02
2.900000000000000000e+01 8.700000000000000000e+01
3.000000000000000000e+01 6.800000000000000000e+01
3.100000000000000000e+01 4.000000000000000000e+01
3.300000000000000000e+01 2.000000000000000000e+01
3.200000000000000000e+01 1.900000000000000000e+01
3.400000000000000000e+01 1.100000000000000000e+01
3.500000000000000000e+01 5.000000000000000000e+00
3.600000000000000000e+01 3.000000000000000000e+00
3.800000000000000000e+01 1.000000000000000000e+00
3.700000000000000000e+01 1.000000000000000000e+00

1.000000000000000000e+00 2.612076000000000000e+06
1.400000000000000000e+01 3.958000000000000000e+03
1.300000000000000000e+01 3.867000000000000000e+03
1.200000000000000000e+01 3.842000000000000000e+03
1.500000000000000000e+01 3.705000000000000000e+03
1.100000000000000000e+01 3.513000000000000000e+03
1.600000000000000000e+01 3.347000000000000000e+03
1.000000000000000000e+01 3.114000000000000000e+03
1.700000000000000000e+01 3.019000000000000000e+03
9.000000000000000000e+00 2.608000000000000000e+03
1.800000000000000000e+01 2.587000000000000000e+03
8.000000000000000000e+00 2.177000000000000000e+03
1.900000000000000000e+01 2.053000000000000000e+03
2.000000000000000000e+01 1.717000000000000000e+03
7.000000000000000000e+00 1.645000000000000000e+03
2.100000000000000000e+01 1.369000000000000000e+03
6.000000000000000000e+00 1.169000000000000000e+03
2.200000000000000000e+01 1.035000000000000000e+03
5.000000000000000000e+00 7.640000000000000000e+02
2.300000000000000000e+01 7.400000000000000000e+02
4.000000000000000000e+00 6.220000000000000000e+02
2.400000000000000000e+01 5.810000000000000000e+02
2.000000000000000000e+00 5.560000000000000000e+02
3.000000000000000000e+00 4.440000000000000000e+02
2.500000000000000000e+01 4.010000000000000000e+02
2.600000000000000000e+01 3.010000000000000000e+02
2.700000000000000000e+01 2.050000000000000000e+02
2.800000000000000000e+01 1.380000000000000000e+02
2.900000000000000000e+01 1.130000000000000000e+02
3.000000000000000000e+01 5.800000000000000000e+01
3.100000000000000000e+01 3.500000000000000000e+01
3.300000000000000000e+01 2.100000000000000000e+01
3.200000000000000000e+01 2.100000000000000000e+01
3.400000000000000000e+01 1.000000000000000000e+01
3.500000000000000000e+01 6.000000000000000000e+00
3.600000000000000000e+01 2.000000000000000000e+00

1.000000000000000000e+00 2.658197000000000000e+06
1.200000000000000000e+01 3.677000000000000000e+03
1.300000000000000000e+01 3.522000000000000000e+03
1.100000000000000000e+01 3.444000000000000000e+03
1.400000000000000000e+01 3.392000000000000000e+03
1.000000000000000000e+01 3.387000000000000000e+03
1.500000000000000000e+01 3.074000000000000000e+03
9.000000000000000000e+00 2.941000000000000000e+03
1.600000000000000000e+01 2.885000000000000000e+03
1.700000000000000000e+01 2.579000000000000000e+03
8.000000000000000000e+00 2.549000000000000000e+03
1.800000000000000000e+01 2.193000000000000000e+03
7.000000000000000000e+00 2.107000000000000000e+03
1.900000000000000000e+01 1.753000000000000000e+03
6.000000000000000000e+00 1.608000000000000000e+03
2.000000000000000000e+01 1.429000000000000000e+03
5.000000000000000000e+00 1.308000000000000000e+03
2.100000000000000000e+01 1.183000000000000000e+03
2.000000000000000000e+00 1.086000000000000000e+03
4.000000000000000000e+00 9.810000000000000000e+02
2.200000000000000000e+01 9.490000000000000000e+02
3.000000000000000000e+00 8.800000000000000000e+02
2.300000000000000000e+01 7.420000000000000000e+02
2.400000000000000000e+01 5.470000000000000000e+02
2.500000000000000000e+01 4.350000000000000000e+02
2.600000000000000000e+01 2.800000000000000000e+02
2.700000000000000000e+01 1.910000000000000000e+02
2.800000000000000000e+01 1.100000000000000000e+02
2.900000000000000000e+01 8.900000000000000000e+01
3.000000000000000000e+01 4.800000000000000000e+01
3.100000000000000000e+01 3.000000000000000000e+01
3.200000000000000000e+01 2.100000000000000000e+01
3.400000000000000000e+01 9.000000000000000000e+00
3.300000000000000000e+01 7.000000000000000000e+00
3.500000000000000000e+01 4.000000000000000000e+00
3.600000000000000000e+01 1.000000000000000000e+00

1.000000000000000000e+00 2.721466000000000000e+06
1.000000000000000000e+01 3.287000000000000000e+03
1.100000000000000000e+01 3.279000000000000000e+03
1.200000000000000000e+01 3.255000000000000000e+03
9.000000000000000000e+00 3.163000000000000000e+03
1.300000000000000000e+01 3.146000000000000000e+03
1.400000000000000000e+01 2.926000000000000000e+03
8.000000000000000000e+00 2.871000000000000000e+03
1.500000000000000000e+01 2.753000000000000000e+03
7.000000000000000000e+00 2.644000000000000000e+03
1.600000000000000000e+01 2.283000000000000000e+03
6.000000000000000000e+00 2.206000000000000000e+03
1.700000000000000000e+01 1.951000000000000000e+03
2.000000000000000000e+00 1.892000000000000000e+03
5.000000000000000000e+00 1.839000000000000000e+03
1.800000000000000000e+01 1.785000000000000000e+03
4.000000000000000000e+00 1.586000000000000000e+03
3.000000000000000000e+00 1.496000000000000000e+03
1.900000000000000000e+01 1.425000000000000000e+03
2.000000000000000000e+01 1.167000000000000000e+03
2.100000000000000000e+01 9.620000000000000000e+02
2.200000000000000000e+01 7.950000000000000000e+02
2.300000000000000000e+01 5.820000000000000000e+02
2.400000000000000000e+01 4.510000000000000000e+02
2.500000000000000000e+01 3.350000000000000000e+02
2.600000000000000000e+01 2.480000000000000000e+02
2.700000000000000000e+01 1.520000000000000000e+02
2.800000000000000000e+01 9.300000000000000000e+01
2.900000000000000000e+01 7.100000000000000000e+01
3.000000000000000000e+01 4.800000000000000000e+01
3.100000000000000000e+01 1.900000000000000000e+01
3.200000000000000000e+01 8.000000000000000000e+00
3.300000000000000000e+01 6.000000000000000000e+00
3.500000000000000000e+01 3.000000000000000000e+00
3.400000000000000000e+01 2.000000000000000000e+00

1.000000000000000000e+00 2.803194000000000000e+06
1.000000000000000000e+01 3.132000000000000000e+03
9.000000000000000000e+00 3.110000000000000000e+03
8.000000000000000000e+00 3.104000000000000000e+03
2.000000000000000000e+00 3.089000000000000000e+03
1.100000000000000000e+01 2.994000000000000000e+03
7.000000000000000000e+00 2.987000000000000000e+03
6.000000000000000000e+00 2.838000000000000000e+03
1.200000000000000000e+01 2.756000000000000000e+03
5.000000000000000000e+00 2.576000000000000000e+03
1.300000000000000000e+01 2.516000000000000000e+03
4.000000000000000000e+00 2.369000000000000000e+03
1.400000000000000000e+01 2.346000000000000000e+03
3.000000000000000000e+00 2.343000000000000000e+03
1.500000000000000000e+01 2.063000000000000000e+03
1.600000000000000000e+01 1.786000000000000000e+03
1.700000000000000000e+01 1.581000000000000000e+03
1.800000000000000000e+01 1.338000000000000000e+03
1.900000000000000000e+01 1.078000000000000000e+03
2.000000000000000000e+01 9.550000000000000000e+02
2.100000000000000000e+01 6.990000000000000000e+02
2.200000000000000000e+01 5.590000000000000000e+02
2.300000000000000000e+01 4.280000000000000000e+02
2.400000000000000000e+01 3.000000000000000000e+02
2.500000000000000000e+01 1.910000000000000000e+02
2.600000000000000000e+01 1.460000000000000000e+02
2.700000000000000000e+01 7.600000000000000000e+01
2.800000000000000000e+01 4.800000000000000000e+01
2.900000000000000000e+01 2.600000000000000000e+01
3.000000000000000000e+01 1.200000000000000000e+01
3.100000000000000000e+01 1.000000000000000000e+01
3.200000000000000000e+01 3.000000000000000000e+00
3.400000000000000000e+01 1.000000000000000000e+00

1.000000000000000000e+00 2.896220000000000000e+06
2.000000000000000000e+00 4.807000000000000000e+03
3.000000000000000000e+00 3.312000000000000000e+03
6.000000000000000000e+00 3.289000000000000000e+03
5.000000000000000000e+00 3.229000000000000000e+03
4.000000000000000000e+00 3.188000000000000000e+03
7.000000000000000000e+00 3.159000000000000000e+03
8.000000000000000000e+00 3.150000000000000000e+03
9.000000000000000000e+00 2.900000000000000000e+03
1.000000000000000000e+01 2.702000000000000000e+03
1.100000000000000000e+01 2.476000000000000000e+03
1.200000000000000000e+01 2.226000000000000000e+03
1.300000000000000000e+01 1.972000000000000000e+03
1.400000000000000000e+01 1.772000000000000000e+03
1.500000000000000000e+01 1.481000000000000000e+03
1.600000000000000000e+01 1.285000000000000000e+03
1.700000000000000000e+01 1.094000000000000000e+03
1.800000000000000000e+01 8.530000000000000000e+02
1.900000000000000000e+01 6.860000000000000000e+02
2.000000000000000000e+01 5.760000000000000000e+02
2.100000000000000000e+01 3.850000000000000000e+02
2.200000000000000000e+01 3.260000000000000000e+02
2.300000000000000000e+01 2.090000000000000000e+02
2.400000000000000000e+01 1.510000000000000000e+02
2.500000000000000000e+01 1.000000000000000000e+02
2.600000000000000000e+01 5.400000000000000000e+01
2.700000000000000000e+01 3.100000000000000000e+01
2.800000000000000000e+01 2.300000000000000000e+01
2.900000000000000000e+01 6.000000000000000000e+00
3.000000000000000000e+01 5.000000000000000000e+00
3.200000000000000000e+01 1.000000000000000000e+00
3.300000000000000000e+01 1.000000000000000000e+00
3.100000000000000000e+01 1.000000000000000000e+00

1.000000000000000000e+00 3.003553000000000000e+06
2.000000000000000000e+00 7.022000000000000000e+03
3.000000000000000000e+00 4.808000000000000000e+03
4.000000000000000000e+00 4.181000000000000000e+03
5.000000000000000000e+00 3.941000000000000000e+03
6.000000000000000000e+00 3.426000000000000000e+03
7.000000000000000000e+00 3.154000000000000000e+03
8.000000000000000000e+00 2.721000000000000000e+03
9.000000000000000000e+00 2.404000000000000000e+03
1.000000000000000000e+01 2.017000000000000000e+03
1.100000000000000000e+01 1.666000000000000000e+03
1.200000000000000000e+01 1.415000000000000000e+03
1.300000000000000000e+01 1.207000000000000000e+03
1.400000000000000000e+01 1.055000000000000000e+03
1.500000000000000000e+01 8.550000000000000000e+02
1.600000000000000000e+01 6.520000000000000000e+02
1.700000000000000000e+01 5.420000000000000000e+02
1.800000000000000000e+01 4.230000000000000000e+02
1.900000000000000000e+01 3.180000000000000000e+02
2.000000000000000000e+01 2.240000000000000000e+02
2.100000000000000000e+01 1.540000000000000000e+02
2.200000000000000000e+01 1.020000000000000000e+02
2.300000000000000000e+01 6.300000000000000000e+01
2.500000000000000000e+01 2.600000000000000000e+01
2.400000000000000000e+01 2.600000000000000000e+01
2.600000000000000000e+01 2.000000000000000000e+01
2.700000000000000000e+01 6.000000000000000000e+00
2.800000000000000000e+01 2.000000000000000000e+00
2.900000000000000000e+01 1.000000000000000000e+00

1.000000000000000000e+00 3.100965000000000000e+06
2.000000000000000000e+00 9.421000000000000000e+03
3.000000000000000000e+00 6.294000000000000000e+03
4.000000000000000000e+00 4.941000000000000000e+03
5.000000000000000000e+00 4.045000000000000000e+03
6.000000000000000000e+00 3.261000000000000000e+03
7.000000000000000000e+00 2.472000000000000000e+03
8.000000000000000000e+00 1.926000000000000000e+03
9.000000000000000000e+00 1.412000000000000000e+03
1.000000000000000000e+01 1.090000000000000000e+03
1.100000000000000000e+01 8.220000000000000000e+02
1.200000000000000000e+01 6.260000000000000000e+02
1.300000000000000000e+01 5.040000000000000000e+02
1.400000000000000000e+01 3.710000000000000000e+02
1.500000000000000000e+01 2.920000000000000000e+02
1.600000000000000000e+01 2.160000000000000000e+02
1.700000000000000000e+01 1.660000000000000000e+02
1.800000000000000000e+01 1.180000000000000000e+02
1.900000000000000000e+01 7.100000000000000000e+01
2.000000000000000000e+01 5.100000000000000000e+01
2.100000000000000000e+01 4.200000000000000000e+01
2.200000000000000000e+01 1.700000000000000000e+01
2.300000000000000000e+01 1.100000000000000000e+01
2.400000000000000000e+01 8.000000000000000000e+00
2.500000000000000000e+01 5.000000000000000000e+00
2.600000000000000000e+01 4.000000000000000000e+00
2.700000000000000000e+01 1.000000000000000000e+00
2.800000000000000000e+01 1.000000000000000000e+00

1.000000000000000000e+00 3.158433000000000000e+06
2.000000000000000000e+00 1.077300000000000000e+04
3.000000000000000000e+00 6.779000000000000000e+03
4.000000000000000000e+00 4.981000000000000000e+03
5.000000000000000000e+00 3.625000000000000000e+03
6.000000000000000000e+00 2.627000000000000000e+03
7.000000000000000000e+00 1.720000000000000000e+03
8.000000000000000000e+00 1.104000000000000000e+03
9.000000000000000000e+00 6.800000000000000000e+02
1.000000000000000000e+01 5.280000000000000000e+02
1.100000000000000000e+01 3.000000000000000000e+02
1.200000000000000000e+01 2.530000000000000000e+02
1.300000000000000000e+01 1.610000000000000000e+02
1.400000000000000000e+01 1.230000000000000000e+02
1.500000000000000000e+01 6.200000000000000000e+01
1.600000000000000000e+01 5.100000000000000000e+01
1.700000000000000000e+01 3.600000000000000000e+01
1.800000000000000000e+01 2.300000000000000000e+01
1.900000000000000000e+01 1.000000000000000000e+01
2.000000000000000000e+01 9.000000000000000000e+00
2.100000000000000000e+01 8.000000000000000000e+00
2.300000000000000000e+01 4.000000000000000000e+00
2.600000000000000000e+01 1.000000000000000000e+00
2.200000000000000000e+01 1.000000000000000000e+00

1.000000000000000000e+00 3.188177000000000000e+06
2.000000000000000000e+00 1.160700000000000000e+04
3.000000000000000000e+00 6.867000000000000000e+03
4.000000000000000000e+00 4.694000000000000000e+03
5.000000000000000000e+00 3.108000000000000000e+03
6.000000000000000000e+00 2.005000000000000000e+03
7.000000000000000000e+00 1.082000000000000000e+03
8.000000000000000000e+00 6.360000000000000000e+02
9.000000000000000000e+00 3.400000000000000000e+02
1.000000000000000000e+01 2.260000000000000000e+02
1.100000000000000000e+01 1.190000000000000000e+02
1.200000000000000000e+01 7.600000000000000000e+01
1.300000000000000000e+01 4.200000000000000000e+01
1.400000000000000000e+01 2.500000000000000000e+01
1.600000000000000000e+01 1.400000000000000000e+01
1.500000000000000000e+01 9.000000000000000000e+00
1.800000000000000000e+01 4.000000000000000000e+00
1.700000000000000000e+01 3.000000000000000000e+00
2.000000000000000000e+01 2.000000000000000000e+00
1.900000000000000000e+01 1.000000000000000000e+00
2.200000000000000000e+01 1.000000000000000000e+00

1.000000000000000000e+00 3.204699000000000000e+06
2.000000000000000000e+00 1.189300000000000000e+04
3.000000000000000000e+00 6.885000000000000000e+03
4.000000000000000000e+00 4.297000000000000000e+03
5.000000000000000000e+00 2.637000000000000000e+03
6.000000000000000000e+00 1.428000000000000000e+03
7.000000000000000000e+00 7.740000000000000000e+02
8.000000000000000000e+00 3.420000000000000000e+02
9.000000000000000000e+00 1.780000000000000000e+02
1.000000000000000000e+01 9.000000000000000000e+01
1.100000000000000000e+01 4.700000000000000000e+01
1.200000000000000000e+01 3.000000000000000000e+01
1.300000000000000000e+01 1.300000000000000000e+01
1.400000000000000000e+01 6.000000000000000000e+00
1.500000000000000000e+01 4.000000000000000000e+00
1.900000000000000000e+01 3.000000000000000000e+00
1.600000000000000000e+01 1.000000000000000000e+00

1.000000000000000000e+00 3.217111000000000000e+06
2.000000000000000000e+00 1.165400000000000000e+04
3.000000000000000000e+00 6.491000000000000000e+03
4.000000000000000000e+00 3.775000000000000000e+03
5.000000000000000000e+00 2.217000000000000000e+03
6.000000000000000000e+00 1.157000000000000000e+03
7.000000000000000000e+00 5.060000000000000000e+02
8.000000000000000000e+00 2.170000000000000000e+02
9.000000000000000000e+00 1.010000000000000000e+02
1.000000000000000000e+01 3.900000000000000000e+01
1.100000000000000000e+01 2.100000000000000000e+01
1.200000000000000000e+01 6.000000000000000000e+00
1.300000000000000000e+01 5.000000000000000000e+00
1.400000000000000000e+01 1.000000000000000000e+00
2.200000000000000000e+01 1.000000000000000000e+00

1.000000000000000000e+00 3.224914000000000000e+06
2.000000000000000000e+00 1.171200000000000000e+04
3.000000000000000000e+00 6.252000000000000000e+03
4.000000000000000000e+00 3.543000000000000000e+03
5.000000000000000000e+00 1.881000000000000000e+03
6.000000000000000000e+00 8.550000000000000000e+02
7.000000000000000000e+00 3.450000000000000000e+02
8.000000000000000000e+00 1.220000000000000000e+02
9.000000000000000000e+00 5.200000000000000000e+01
1.000000000000000000e+01 2.700000000000000000e+01
1.100000000000000000e+01 3.000000000000000000e+00
1.200000000000000000e+01 2.000000000000000000e+00
1.300000000000000000e+01 1.000000000000000000e+00

1.000000000000000000e+00 3.228793000000000000e+06
2.000000000000000000e+00 1.159300000000000000e+04
3.000000000000000000e+00 5.966000000000000000e+03
4.000000000000000000e+00 3.485000000000000000e+03
5.000000000000000000e+00 1.719000000000000000e+03
6.000000000000000000e+00 7.220000000000000000e+02
7.000000000000000000e+00 2.840000000000000000e+02
8.000000000000000000e+00 1.040000000000000000e+02
9.000000000000000000e+00 3.300000000000000000e+01
1.100000000000000000e+01 7.000000000000000000e+00
1.000000000000000000e+01 5.000000000000000000e+00
1.200000000000000000e+01 1.000000000000000000e+00

1.000000000000000000e+00 3.231430000000000000e+06
2.000000000000000000e+00 1.149300000000000000e+04
3.000000000000000000e+00 6.057000000000000000e+03
4.000000000000000000e+00 3.262000000000000000e+03
5.000000000000000000e+00 1.595000000000000000e+03
6.000000000000000000e+00 6.540000000000000000e+02
7.000000000000000000e+00 2.410000000000000000e+02
8.000000000000000000e+00 6.700000000000000000e+01
9.000000000000000000e+00 2.000000000000000000e+01
1.000000000000000000e+01 4.000000000000000000e+00
1.100000000000000000e+01 1.000000000000000000e+00
1.200000000000000000e+01 1.000000000000000000e+00

1.000000000000000000e+00 3.235265000000000000e+06
2.000000000000000000e+00 1.140300000000000000e+04
3.000000000000000000e+00 5.777000000000000000e+03
4.000000000000000000e+00 3.043000000000000000e+03
5.000000000000000000e+00 1.456000000000000000e+03
6.000000000000000000e+00 5.600000000000000000e+02
7.000000000000000000e+00 1.900000000000000000e+02
8.000000000000000000e+00 4.200000000000000000e+01
9.000000000000000000e+00 1.000000000000000000e+01
1.000000000000000000e+01 3.000000000000000000e+00

1.000000000000000000e+00 3.238095000000000000e+06
2.000000000000000000e+00 1.124300000000000000e+04
3.000000000000000000e+00 5.550000000000000000e+03
4.000000000000000000e+00 2.823000000000000000e+03
5.000000000000000000e+00 1.310000000000000000e+03
6.000000000000000000e+00 5.340000000000000000e+02
7.000000000000000000e+00 1.580000000000000000e+02
8.000000000000000000e+00 5.000000000000000000e+01
9.000000000000000000e+00 1.700000000000000000e+01
1.000000000000000000e+01 4.000000000000000000e+00
1.200000000000000000e+01 2.000000000000000000e+00

1.000000000000000000e+00 3.239507000000000000e+06
2.000000000000000000e+00 1.104800000000000000e+04
3.000000000000000000e+00 5.473000000000000000e+03
4.000000000000000000e+00 2.856000000000000000e+03
5.000000000000000000e+00 1.258000000000000000e+03
6.000000000000000000e+00 4.950000000000000000e+02
7.000000000000000000e+00 1.230000000000000000e+02
8.000000000000000000e+00 4.600000000000000000e+01
9.000000000000000000e+00 6.000000000000000000e+00
1.100000000000000000e+01 1.000000000000000000e+00

1.000000000000000000e+00 3.242191000000000000e+06
2.000000000000000000e+00 1.102500000000000000e+04
3.000000000000000000e+00 5.417000000000000000e+03
4.000000000000000000e+00 2.636000000000000000e+03
5.000000000000000000e+00 1.084000000000000000e+03
6.000000000000000000e+00 4.140000000000000000e+02
7.000000000000000000e+00 1.130000000000000000e+02
8.000000000000000000e+00 2.800000000000000000e+01
9.000000000000000000e+00 5.000000000000000000e+00

1.000000000000000000e+00 3.243017000000000000e+06
2.000000000000000000e+00 1.080400000000000000e+04
3.000000000000000000e+00 5.517000000000000000e+03
4.000000000000000000e+00 2.567000000000000000e+03
5.000000000000000000e+00 1.095000000000000000e+03
6.000000000000000000e+00 3.510000000000000000e+02
7.000000000000000000e+00 1.040000000000000000e+02
8.000000000000000000e+00 2.500000000000000000e+01
9.000000000000000000e+00 3.000000000000000000e+00
1.000000000000000000e+01 2.000000000000000000e+00

1.000000000000000000e+00 3.243068000000000000e+06
2.000000000000000000e+00 1.091500000000000000e+04
3.000000000000000000e+00 5.345000000000000000e+03
4.000000000000000000e+00 2.608000000000000000e+03
5.000000000000000000e+00 1.091000000000000000e+03
6.000000000000000000e+00 3.620000000000000000e+02
7.000000000000000000e+00 1.060000000000000000e+02
8.000000000000000000e+00 2.400000000000000000e+01
9.000000000000000000e+00 6.000000000000000000e+00
1.000000000000000000e+01 2.000000000000000000e+00

