1.000000000000000000e+00 2.504607000000000000e+06
1.600000000000000000e+01 5.299000000000000000e+03
1.500000000000000000e+01 5.153000000000000000e+03
1.400000000000000000e+01 4.824000000000000000e+03
1.700000000000000000e+01 4.818000000000000000e+03
1.800000000000000000e+01 4.363000000000000000e+03
1.300000000000000000e+01 4.107000000000000000e+03
1.900000000000000000e+01 3.535000000000000000e+03
1.200000000000000000e+01 3.320000000000000000e+03
2.000000000000000000e+01 2.760000000000000000e+03
1.100000000000000000e+01 2.322000000000000000e+03
2.100000000000000000e+01 1.981000000000000000e+03
1.000000000000000000e+01 1.588000000000000000e+03
2.200000000000000000e+01 1.456000000000000000e+03
9.000000000000000000e+00 9.590000000000000000e+02
2.300000000000000000e+01 9.470000000000000000e+02
2.400000000000000000e+01 6.350000000000000000e+02
8.000000000000000000e+00 5.060000000000000000e+02
2.500000000000000000e+01 3.660000000000000000e+02
7.000000000000000000e+00 2.760000000000000000e+02
2.600000000000000000e+01 2.000000000000000000e+02
6.000000000000000000e+00 1.360000000000000000e+02
2.700000000000000000e+01 1.150000000000000000e+02
2.000000000000000000e+00 7.500000000000000000e+01
5.000000000000000000e+00 7.100000000000000000e+01
2.800000000000000000e+01 6.700000000000000000e+01
4.000000000000000000e+00 4.400000000000000000e+01
3.000000000000000000e+00 4.200000000000000000e+01
2.900000000000000000e+01 2.800000000000000000e+01
3.000000000000000000e+01 2.300000000000000000e+01
3.100000000000000000e+01 1.200000000000000000e+01
3.200000000000000000e+01 6.000000000000000000e+00
3.500000000000000000e+01 1.000000000000000000e+00

1.000000000000000000e+00 2.518865000000000000e+06
1.500000000000000000e+01 5.155000000000000000e+03
1.600000000000000000e+01 5.154000000000000000e+03
1.400000000000000000e+01 4.726000000000000000e+03
1.700000000000000000e+01 4.669000000000000000e+03
1.300000000000000000e+01 4.351000000000000000e+03
1.800000000000000000e+01 3.984000000000000000e+03
1.200000000000000000e+01 3.425000000000000000e+03
1.900000000000000000e+01 3.340000000000000000e+03
1.100000000000000000e+01 2.793000000000000000e+03
2.000000000000000000e+01 2.536000000000000000e+03
2.100000000000000000e+01 1.871000000000000000e+03
1.000000000000000000e+01 1.811000000000000000e+03
2.200000000000000000e+01 1.353000000000000000e+03
9.000000000000000000e+00 1.147000000000000000e+03
2.300000000000000000e+01 9.020000000000000000e+02
8.000000000000000000e+00 6.710000000000000000e+02
2.400000000000000000e+01 5.400000000000000000e+02
7.000000000000000000e+00 3.770000000000000000e+02
2.500000000000000000e+01 3.110000000000000000e+02
2.600000000000000000e+01 2.020000000000000000e+02
6.000000000000000000e+00 1.870000000000000000e+02
2.700000000000000000e+01 1.280000000000000000e+02
5.000000000000000000e+00 9.700000000000000000e+01
2.000000000000000000e+00 9.000000000000000000e+01
2.800000000000000000e+01 5.800000000000000000e+01
4.000000000000000000e+00 5.000000000000000000e+01
3.000000000000000000e+00 4.400000000000000000e+01
2.900000000000000000e+01 3.700000000000000000e+01
3.000000000000000000e+01 2.100000000000000000e+01
3.100000000000000000e+01 4.000000000000000000e+00
3.200000000000000000e+01 3.000000000000000000e+00
3.400000000000000000e+01 2.000000000000000000e+00
3.300000000000000000e+01 2.000000000000000000e+00
4.500000000000000000e+01 1.000000000000000000e+00

1.000000000000000000e+00 2.532906000000000000e+06
1.500000000000000000e+01 5.068000000000000000e+03
1.600000000000000000e+01 4.880000000000000000e+03
1.400000000000000000e+01 4.862000000000000000e+03
1.300000000000000000e+01 4.416000000000000000e+03
1.700000000000000000e+01 4.376000000000000000e+03
1.800000000000000000e+01 3.905000000000000000e+03
1.200000000000000000e+01 3.749000000000000000e+03
1.900000000000000000e+01 3.069000000000000000e+03
1.100000000000000000e+01 2.827000000000000000e+03
2.000000000000000000e+01 2.477000000000000000e+03
1.000000000000000000e+01 2.156000000000000000e+03
2.100000000000000000e+01 1.745000000000000000e+03
9.000000000000000000e+00 1.325000000000000000e+03
2.200000000000000000e+01 1.222000000000000000e+03
8.000000000000000000e+00 8.310000000000000000e+02
2.300000000000000000e+01 8.290000000000000000e+02
2.400000000000000000e+01 5.020000000000000000e+02
7.000000000000000000e+00 4.790000000000000000e+02
2.500000000000000000e+01 3.060000000000000000e+02
6.000000000000000000e+00 2.650000000000000000e+02
2.600000000000000000e+01 1.730000000000000000e+02
5.000000000000000000e+00 1.390000000000000000e+02
2.000000000000000000e+00 1.120000000000000000e+02
2.700000000000000000e+01 7.800000000000000000e+01
4.000000000000000000e+00 7.500000000000000000e+01
2.800000000000000000e+01 6.200000000000000000e+01
3.000000000000000000e+00 5.500000000000000000e+01
2.900000000000000000e+01 2.800000000000000000e+01
3.000000000000000000e+01 1.700000000000000000e+01
3.100000000000000000e+01 6.000000000000000000e+00
3.200000000000000000e+01 4.000000000000000000e+00
3.300000000000000000e+01 3.000000000000000000e+00
3.700000000000000000e+01 1.000000000000000000e+00
3.400000000000000000e+01 1.000000000000000000e+00

1.000000000000000000e+00 2.548293000000000000e+06
1.500000000000000000e+01 5.026000000000000000e+03
1.400000000000000000e+01 4.892000000000000000e+03
1.600000000000000000e+01 4.733000000000000000e+03
1.300000000000000000e+01 4.581000000000000000e+03
1.700000000000000000e+01 4.138000000000000000e+03
1.200000000000000000e+01 3.850000000000000000e+03
1.800000000000000000e+01 3.598000000000000000e+03
1.100000000000000000e+01 3.152000000000000000e+03
1.900000000000000000e+01 2.899000000000000000e+03
1.000000000000000000e+01 2.359000000000000000e+03
2.000000000000000000e+01 2.257000000000000000e+03
9.000000000000000000e+00 1.660000000000000000e+03
2.100000000000000000e+01 1.559000000000000000e+03
2.200000000000000000e+01 1.099000000000000000e+03
8.000000000000000000e+00 1.000000000000000000e+03
2.300000000000000000e+01 7.290000000000000000e+02
7.000000000000000000e+00 6.180000000000000000e+02
2.400000000000000000e+01 4.690000000000000000e+02
6.000000000000000000e+00 3.040000000000000000e+02
2.500000000000000000e+01 2.910000000000000000e+02
5.000000000000000000e+00 1.810000000000000000e+02
2.600000000000000000e+01 1.520000000000000000e+02
2.000000000000000000e+00 1.380000000000000000e+02
4.000000000000000000e+00 1.040000000000000000e+02
2.700000000000000000e+01 9.600000000000000000e+01
3.000000000000000000e+00 8.100000000000000000e+01
2.800000000000000000e+01 5.500000000000000000e+01
2.900000000000000000e+01 2.600000000000000000e+01
3.000000000000000000e+01 1.300000000000000000e+01
3.100000000000000000e+01 8.000000000000000000e+00
3.200000000000000000e+01 2.000000000000000000e+00
3.500000000000000000e+01 2.000000000000000000e+00

1.000000000000000000e+00 2.567084000000000000e+06
1.400000000000000000e+01 4.917000000000000000e+03
1.500000000000000000e+01 4.850000000000000000e+03
1.300000000000000000e+01 4.580000000000000000e+03
1.600000000000000000e+01 4.518000000000000000e+03
1.200000000000000000e+01 4.136000000000000000e+03
1.700000000000000000e+01 3.976000000000000000e+03
1.100000000000000000e+01 3.436000000000000000e+03
1.800000000000000000e+01 3.312000000000000000e+03
1.000000000000000000e+01 2.642000000000000000e+03
1.900000000000000000e+01 2.556000000000000000e+03
2.000000000000000000e+01 2.029000000000000000e+03
9.000000000000000000e+00 1.873000000000000000e+03
2.100000000000000000e+01 1.460000000000000000e+03
8.000000000000000000e+00 1.229000000000000000e+03
2.200000000000000000e+01 9.490000000000000000e+02
7.000000000000000000e+00 7.510000000000000000e+02
2.300000000000000000e+01 6.350000000000000000e+02
6.000000000000000000e+00 4.400000000000000000e+02
2.400000000000000000e+01 4.180000000000000000e+02
5.000000000000000000e+00 2.760000000000000000e+02
2.500000000000000000e+01 2.720000000000000000e+02
2.000000000000000000e+00 2.560000000000000000e+02
4.000000000000000000e+00 1.600000000000000000e+02
2.600000000000000000e+01 1.370000000000000000e+02
3.000000000000000000e+00 1.340000000000000000e+02
2.700000000000000000e+01 8.200000000000000000e+01
2.800000000000000000e+01 4.800000000000000000e+01
2.900000000000000000e+01 3.000000000000000000e+01
3.000000000000000000e+01 1.200000000000000000e+01
3.300000000000000000e+01 5.000000000000000000e+00
3.100000000000000000e+01 5.000000000000000000e+00
3.400000000000000000e+01 2.000000000000000000e+00
3.500000000000000000e+01 1.000000000000000000e+00
3.200000000000000000e+01 1.000000000000000000e+00

1.000000000000000000e+00 2.590006000000000000e+06
1.400000000000000000e+01 4.846000000000000000e+03
1.300000000000000000e+01 4.780000000000000000e+03
1.500000000000000000e+01 4.709000000000000000e+03
1.200000000000000000e+01 4.301000000000000000e+03
1.600000000000000000e+01 4.218000000000000000e+03
1.100000000000000000e+01 3.655000000000000000e+03
1.700000000000000000e+01 3.548000000000000000e+03
1.800000000000000000e+01 2.993000000000000000e+03
1.000000000000000000e+01 2.955000000000000000e+03
1.900000000000000000e+01 2.365000000000000000e+03
9.000000000000000000e+00 2.165000000000000000e+03
2.000000000000000000e+01 1.777000000000000000e+03
8.000000000000000000e+00 1.604000000000000000e+03
2.100000000000000000e+01 1.212000000000000000e+03
7.000000000000000000e+00 1.023000000000000000e+03
2.200000000000000000e+01 8.160000000000000000e+02
6.000000000000000000e+00 5.900000000000000000e+02
2.300000000000000000e+01 5.330000000000000000e+02
5.000000000000000000e+00 3.660000000000000000e+02
2.400000000000000000e+01 3.540000000000000000e+02
2.000000000000000000e+00 3.370000000000000000e+02
4.000000000000000000e+00 2.460000000000000000e+02
2.500000000000000000e+01 2.320000000000000000e+02
3.000000000000000000e+00 2.090000000000000000e+02
2.600000000000000000e+01 1.440000000000000000e+02
2.700000000000000000e+01 6.800000000000000000e+01
2.800000000000000000e+01 4.200000000000000000e+01
2.900000000000000000e+01 3.000000000000000000e+01
3.000000000000000000e+01 1.400000000000000000e+01
3.200000000000000000e+01 6.000000000000000000e+00
3.100000000000000000e+01 6.000000000000000000e+00
3.300000000000000000e+01 4.000000000000000000e+00
3.400000000000000000e+01 3.000000000000000000e+00
3.500000000000000000e+01 3.000000000000000000e+00

1.000000000000000000e+00 2.616564000000000000e+06
1.400000000000000000e+01 4.592000000000000000e+03
1.300000000000000000e+01 4.541000000000000000e+03
1.200000000000000000e+01 4.504000000000000000e+03
1.500000000000000000e+01 4.433000000000000000e+03
1.100000000000000000e+01 4.146000000000000000e+03
1.600000000000000000e+01 3.875000000000000000e+03
1.000000000000000000e+01 3.387000000000000000e+03
1.700000000000000000e+01 3.319000000000000000e+03
1.800000000000000000e+01 2.730000000000000000e+03
9.000000000000000000e+00 2.660000000000000000e+03
1.900000000000000000e+01 2.008000000000000000e+03
8.000000000000000000e+00 1.894000000000000000e+03
2.000000000000000000e+01 1.443000000000000000e+03
7.000000000000000000e+00 1.284000000000000000e+03
2.100000000000000000e+01 1.039000000000000000e+03
6.000000000000000000e+00 8.250000000000000000e+02
2.200000000000000000e+01 7.420000000000000000e+02
5.000000000000000000e+00 5.440000000000000000e+02
2.300000000000000000e+01 4.940000000000000000e+02
2.000000000000000000e+00 4.100000000000000000e+02
4.000000000000000000e+00 3.220000000000000000e+02
3.000000000000000000e+00 2.990000000000000000e+02
2.400000000000000000e+01 2.800000000000000000e+02
2.500000000000000000e+01 1.550000000000000000e+02
2.600000000000000000e+01 1.180000000000000000e+02
2.700000000000000000e+01 6.200000000000000000e+01
2.800000000000000000e+01 2.400000000000000000e+01
2.900000000000000000e+01 2.100000000000000000e+01
3.000000000000000000e+01 1.300000000000000000e+01
3.100000000000000000e+01 5.000000000000000000e+00
3.200000000000000000e+01 2.000000000000000000e+00
3.400000000000000000e+01 1.000000000000000000e+00

1.000000000000000000e+00 2.641331000000000000e+06
1.200000000000000000e+01 4.565000000000000000e+03
1.400000000000000000e+01 4.564000000000000000e+03
1.300000000000000000e+01 4.544000000000000000e+03
1.500000000000000000e+01 4.187000000000000000e+03
1.100000000000000000e+01 4.094000000000000000e+03
1.000000000000000000e+01 3.645000000000000000e+03
1.600000000000000000e+01 3.557000000000000000e+03
1.700000000000000000e+01 3.043000000000000000e+03
9.000000000000000000e+00 3.014000000000000000e+03
1.800000000000000000e+01 2.359000000000000000e+03
8.000000000000000000e+00 2.307000000000000000e+03
1.900000000000000000e+01 1.683000000000000000e+03
7.000000000000000000e+00 1.618000000000000000e+03
2.000000000000000000e+01 1.276000000000000000e+03
6.000000000000000000e+00 1.108000000000000000e+03
2.100000000000000000e+01 9.160000000000000000e+02
5.000000000000000000e+00 7.380000000000000000e+02
2.200000000000000000e+01 6.360000000000000000e+02
2.000000000000000000e+00 5.980000000000000000e+02
4.000000000000000000e+00 4.570000000000000000e+02
2.300000000000000000e+01 3.970000000000000000e+02
3.000000000000000000e+00 3.740000000000000000e+02
2.400000000000000000e+01 2.370000000000000000e+02
2.500000000000000000e+01 1.380000000000000000e+02
2.600000000000000000e+01 9.000000000000000000e+01
2.700000000000000000e+01 4.600000000000000000e+01
2.800000000000000000e+01 3.000000000000000000e+01
2.900000000000000000e+01 1.200000000000000000e+01
3.100000000000000000e+01 5.000000000000000000e+00
3.000000000000000000e+01 4.000000000000000000e+00
3.200000000000000000e+01 3.000000000000000000e+00

1.000000000000000000e+00 2.671090000000000000e+06
1.300000000000000000e+01 4.690000000000000000e+03
1.200000000000000000e+01 4.567000000000000000e+03
1.400000000000000000e+01 4.341000000000000000e+03
1.100000000000000000e+01 4.328000000000000000e+03
1.000000000000000000e+01 3.931000000000000000e+03
1.500000000000000000e+01 3.789000000000000000e+03
9.000000000000000000e+00 3.354000000000000000e+03
1.600000000000000000e+01 3.120000000000000000e+03
1.700000000000000000e+01 2.615000000000000000e+03
8.000000000000000000e+00 2.562000000000000000e+03
1.800000000000000000e+01 2.049000000000000000e+03
7.000000000000000000e+00 2.005000000000000000e+03
1.900000000000000000e+01 1.461000000000000000e+03
6.000000000000000000e+00 1.361000000000000000e+03
2.000000000000000000e+01 1.055000000000000000e+03
5.000000000000000000e+00 9.560000000000000000e+02
2.000000000000000000e+00 8.400000000000000000e+02
2.100000000000000000e+01 7.820000000000000000e+02
4.000000000000000000e+00 6.880000000000000000e+02
3.000000000000000000e+00 6.010000000000000000e+02
2.200000000000000000e+01 4.780000000000000000e+02
2.300000000000000000e+01 2.870000000000000000e+02
2.400000000000000000e+01 2.150000000000000000e+02
2.500000000000000000e+01 9.800000000000000000e+01
2.600000000000000000e+01 6.600000000000000000e+01
2.700000000000000000e+01 3.600000000000000000e+01
2.800000000000000000e+01 1.000000000000000000e+01
3.000000000000000000e+01 7.000000000000000000e+00
2.900000000000000000e+01 6.000000000000000000e+00
3.100000000000000000e+01 2.000000000000000000e+00
3.200000000000000000e+01 1.000000000000000000e+00

1.000000000000000000e+00 2.705685000000000000e+06
1.200000000000000000e+01 4.601000000000000000e+03
1.100000000000000000e+01 4.480000000000000000e+03
1.300000000000000000e+01 4.328000000000000000e+03
1.000000000000000000e+01 4.172000000000000000e+03
1.400000000000000000e+01 3.969000000000000000e+03
9.000000000000000000e+00 3.715000000000000000e+03
1.500000000000000000e+01 3.453000000000000000e+03
8.000000000000000000e+00 3.086000000000000000e+03
1.600000000000000000e+01 2.773000000000000000e+03
7.000000000000000000e+00 2.376000000000000000e+03
1.700000000000000000e+01 2.295000000000000000e+03
6.000000000000000000e+00 1.733000000000000000e+03
1.800000000000000000e+01 1.700000000000000000e+03
5.000000000000000000e+00 1.248000000000000000e+03
1.900000000000000000e+01 1.215000000000000000e+03
2.000000000000000000e+00 1.184000000000000000e+03
4.000000000000000000e+00 8.790000000000000000e+02
3.000000000000000000e+00 8.510000000000000000e+02
2.000000000000000000e+01 8.400000000000000000e+02
2.100000000000000000e+01 5.400000000000000000e+02
2.200000000000000000e+01 3.670000000000000000e+02
2.300000000000000000e+01 2.080000000000000000e+02
2.400000000000000000e+01 1.280000000000000000e+02
2.500000000000000000e+01 7.200000000000000000e+01
2.600000000000000000e+01 2.700000000000000000e+01
2.800000000000000000e+01 1.600000000000000000e+01
2.700000000000000000e+01 1.300000000000000000e+01
2.900000000000000000e+01 3.000000000000000000e+00
3.000000000000000000e+01 2.000000000000000000e+00
3.100000000000000000e+01 2.000000000000000000e+00

1.000000000000000000e+00 2.743638000000000000e+06
1.100000000000000000e+01 4.421000000000000000e+03
1.200000000000000000e+01 4.410000000000000000e+03
1.000000000000000000e+01 4.311000000000000000e+03
9.000000000000000000e+00 4.030000000000000000e+03
1.300000000000000000e+01 3.972000000000000000e+03
8.000000000000000000e+00 3.616000000000000000e+03
1.400000000000000000e+01 3.608000000000000000e+03
1.500000000000000000e+01 2.904000000000000000e+03
7.000000000000000000e+00 2.819000000000000000e+03
1.600000000000000000e+01 2.397000000000000000e+03
6.000000000000000000e+00 2.187000000000000000e+03
1.700000000000000000e+01 1.886000000000000000e+03
5.000000000000000000e+00 1.647000000000000000e+03
2.000000000000000000e+00 1.620000000000000000e+03
1.800000000000000000e+01 1.356000000000000000e+03
4.000000000000000000e+00 1.262000000000000000e+03
3.000000000000000000e+00 1.158000000000000000e+03
1.900000000000000000e+01 9.080000000000000000e+02
2.000000000000000000e+01 6.440000000000000000e+02
2.100000000000000000e+01 4.210000000000000000e+02
2.200000000000000000e+01 2.790000000000000000e+02
2.300000000000000000e+01 1.640000000000000000e+02
2.400000000000000000e+01 7.500000000000000000e+01
2.500000000000000000e+01 4.500000000000000000e+01
2.600000000000000000e+01 2.300000000000000000e+01
2.700000000000000000e+01 1.900000000000000000e+01
2.800000000000000000e+01 3.000000000000000000e+00
2.900000000000000000e+01 2.000000000000000000e+00
3.000000000000000000e+01 2.000000000000000000e+00

1.000000000000000000e+00 2.784446000000000000e+06
1.000000000000000000e+01 4.528000000000000000e+03
1.100000000000000000e+01 4.313000000000000000e+03
9.000000000000000000e+00 4.120000000000000000e+03
1.200000000000000000e+01 4.100000000000000000e+03
8.000000000000000000e+00 3.848000000000000000e+03
1.300000000000000000e+01 3.718000000000000000e+03
7.000000000000000000e+00 3.351000000000000000e+03
1.400000000000000000e+01 3.149000000000000000e+03
6.000000000000000000e+00 2.630000000000000000e+03
1.500000000000000000e+01 2.438000000000000000e+03
2.000000000000000000e+00 2.250000000000000000e+03
5.000000000000000000e+00 2.183000000000000000e+03
1.600000000000000000e+01 1.955000000000000000e+03
4.000000000000000000e+00 1.621000000000000000e+03
3.000000000000000000e+00 1.531000000000000000e+03
1.700000000000000000e+01 1.480000000000000000e+03
1.800000000000000000e+01 1.043000000000000000e+03
1.900000000000000000e+01 6.920000000000000000e+02
2.000000000000000000e+01 4.400000000000000000e+02
2.100000000000000000e+01 2.730000000000000000e+02
2.200000000000000000e+01 1.880000000000000000e+02
2.300000000000000000e+01 8.600000000000000000e+01
2.400000000000000000e+01 5.300000000000000000e+01
2.500000000000000000e+01 1.900000000000000000e+01
2.600000000000000000e+01 6.000000000000000000e+00
2.700000000000000000e+01 4.000000000000000000e+00
2.800000000000000000e+01 1.000000000000000000e+00

1.000000000000000000e+00 2.823355000000000000e+06
1.000000000000000000e+01 4.560000000000000000e+03
9.000000000000000000e+00 4.533000000000000000e+03
1.100000000000000000e+01 4.214000000000000000e+03
8.000000000000000000e+00 4.117000000000000000e+03
1.200000000000000000e+01 3.851000000000000000e+03
7.000000000000000000e+00 3.795000000000000000e+03
1.300000000000000000e+01 3.219000000000000000e+03
6.000000000000000000e+00 3.143000000000000000e+03
2.000000000000000000e+00 2.686000000000000000e+03
1.400000000000000000e+01 2.651000000000000000e+03
5.000000000000000000e+00 2.556000000000000000e+03
1.500000000000000000e+01 2.072000000000000000e+03
4.000000000000000000e+00 2.061000000000000000e+03
3.000000000000000000e+00 1.952000000000000000e+03
1.600000000000000000e+01 1.517000000000000000e+03
1.700000000000000000e+01 1.062000000000000000e+03
1.800000000000000000e+01 6.820000000000000000e+02
1.900000000000000000e+01 4.630000000000000000e+02
2.000000000000000000e+01 3.170000000000000000e+02
2.100000000000000000e+01 1.630000000000000000e+02
2.200000000000000000e+01 8.700000000000000000e+01
2.300000000000000000e+01 4.300000000000000000e+01
2.400000000000000000e+01 2.000000000000000000e+01
2.500000000000000000e+01 1.200000000000000000e+01
2.600000000000000000e+01 5.000000000000000000e+00
2.800000000000000000e+01 1.000000000000000000e+00
2.700000000000000000e+01 1.000000000000000000e+00

1.000000000000000000e+00 2.864555000000000000e+06
9.000000000000000000e+00 4.488000000000000000e+03
8.000000000000000000e+00 4.440000000000000000e+03
1.000000000000000000e+01 4.369000000000000000e+03
7.000000000000000000e+00 4.175000000000000000e+03
1.100000000000000000e+01 3.857000000000000000e+03
6.000000000000000000e+00 3.654000000000000000e+03
2.000000000000000000e+00 3.495000000000000000e+03
1.200000000000000000e+01 3.337000000000000000e+03
5.000000000000000000e+00 3.033000000000000000e+03
1.300000000000000000e+01 2.825000000000000000e+03
4.000000000000000000e+00 2.624000000000000000e+03
3.000000000000000000e+00 2.510000000000000000e+03
1.400000000000000000e+01 2.112000000000000000e+03
1.500000000000000000e+01 1.652000000000000000e+03
1.600000000000000000e+01 1.126000000000000000e+03
1.700000000000000000e+01 7.260000000000000000e+02
1.800000000000000000e+01 5.120000000000000000e+02
1.900000000000000000e+01 2.600000000000000000e+02
2.000000000000000000e+01 1.350000000000000000e+02
2.100000000000000000e+01 1.000000000000000000e+02
2.200000000000000000e+01 4.500000000000000000e+01
2.300000000000000000e+01 1.500000000000000000e+01
2.500000000000000000e+01 6.000000000000000000e+00
2.400000000000000000e+01 6.000000000000000000e+00
2.600000000000000000e+01 1.000000000000000000e+00

1.000000000000000000e+00 2.917968000000000000e+06
2.000000000000000000e+00 4.685000000000000000e+03
7.000000000000000000e+00 4.444000000000000000e+03
8.000000000000000000e+00 4.393000000000000000e+03
9.000000000000000000e+00 4.312000000000000000e+03
6.000000000000000000e+00 4.168000000000000000e+03
1.000000000000000000e+01 3.841000000000000000e+03
5.000000000000000000e+00 3.730000000000000000e+03
1.100000000000000000e+01 3.333000000000000000e+03
3.000000000000000000e+00 3.303000000000000000e+03
4.000000000000000000e+00 3.254000000000000000e+03
1.200000000000000000e+01 2.719000000000000000e+03
1.300000000000000000e+01 2.166000000000000000e+03
1.400000000000000000e+01 1.563000000000000000e+03
1.500000000000000000e+01 9.990000000000000000e+02
1.600000000000000000e+01 6.710000000000000000e+02
1.700000000000000000e+01 4.320000000000000000e+02
1.800000000000000000e+01 2.650000000000000000e+02
1.900000000000000000e+01 1.510000000000000000e+02
2.000000000000000000e+01 8.200000000000000000e+01
2.100000000000000000e+01 2.200000000000000000e+01
2.200000000000000000e+01 1.400000000000000000e+01
2.300000000000000000e+01 4.000000000000000000e+00
2.400000000000000000e+01 3.000000000000000000e+00

1.000000000000000000e+00 2.981684000000000000e+06
2.000000000000000000e+00 6.473000000000000000e+03
7.000000000000000000e+00 4.409000000000000000e+03
6.000000000000000000e+00 4.346000000000000000e+03
3.000000000000000000e+00 4.327000000000000000e+03
5.000000000000000000e+00 4.188000000000000000e+03
8.000000000000000000e+00 3.978000000000000000e+03
4.000000000000000000e+00 3.925000000000000000e+03
9.000000000000000000e+00 3.748000000000000000e+03
1.000000000000000000e+01 3.023000000000000000e+03
1.100000000000000000e+01 2.391000000000000000e+03
1.200000000000000000e+01 1.867000000000000000e+03
1.300000000000000000e+01 1.400000000000000000e+03
1.400000000000000000e+01 9.360000000000000000e+02
1.500000000000000000e+01 5.910000000000000000e+02
1.600000000000000000e+01 3.740000000000000000e+02
1.700000000000000000e+01 2.120000000000000000e+02
1.800000000000000000e+01 1.120000000000000000e+02
1.900000000000000000e+01 7.200000000000000000e+01
2.000000000000000000e+01 3.400000000000000000e+01
2.100000000000000000e+01 1.300000000000000000e+01
2.200000000000000000e+01 7.000000000000000000e+00
2.400000000000000000e+01 2.000000000000000000e+00
2.300000000000000000e+01 1.000000000000000000e+00

1.000000000000000000e+00 3.040814000000000000e+06
2.000000000000000000e+00 7.987000000000000000e+03
3.000000000000000000e+00 5.272000000000000000e+03
4.000000000000000000e+00 4.744000000000000000e+03
5.000000000000000000e+00 4.557000000000000000e+03
6.000000000000000000e+00 4.397000000000000000e+03
7.000000000000000000e+00 3.855000000000000000e+03
8.000000000000000000e+00 3.462000000000000000e+03
9.000000000000000000e+00 2.748000000000000000e+03
1.000000000000000000e+01 2.225000000000000000e+03
1.100000000000000000e+01 1.629000000000000000e+03
1.200000000000000000e+01 1.156000000000000000e+03
1.300000000000000000e+01 7.540000000000000000e+02
1.400000000000000000e+01 4.560000000000000000e+02
1.500000000000000000e+01 2.840000000000000000e+02
1.600000000000000000e+01 1.450000000000000000e+02
1.700000000000000000e+01 9.200000000000000000e+01
1.800000000000000000e+01 4.400000000000000000e+01
1.900000000000000000e+01 2.500000000000000000e+01
2.000000000000000000e+01 8.000000000000000000e+00
2.100000000000000000e+01 2.000000000000000000e+00

1.000000000000000000e+00 3.089496000000000000e+06
2.000000000000000000e+00 9.595000000000000000e+03
3.000000000000000000e+00 6.245000000000000000e+03
4.000000000000000000e+00 5.148000000000000000e+03
5.000000000000000000e+00 4.547000000000000000e+03
6.000000000000000000e+00 4.014000000000000000e+03
7.000000000000000000e+00 3.452000000000000000e+03
8.000000000000000000e+00 2.685000000000000000e+03
9.000000000000000000e+00 2.044000000000000000e+03
1.000000000000000000e+01 1.354000000000000000e+03
1.100000000000000000e+01 9.400000000000000000e+02
1.200000000000000000e+01 5.500000000000000000e+02
1.300000000000000000e+01 3.290000000000000000e+02
1.400000000000000000e+01 2.040000000000000000e+02
1.500000000000000000e+01 1.110000000000000000e+02
1.600000000000000000e+01 5.600000000000000000e+01
1.700000000000000000e+01 3.200000000000000000e+01
1.800000000000000000e+01 1.200000000000000000e+01
1.900000000000000000e+01 7.000000000000000000e+00
2.000000000000000000e+01 2.000000000000000000e+00
2.100000000000000000e+01 1.000000000000000000e+00

1.000000000000000000e+00 3.126763000000000000e+06
2.000000000000000000e+00 1.052200000000000000e+04
3.000000000000000000e+00 6.545000000000000000e+03
4.000000000000000000e+00 5.145000000000000000e+03
5.000000000000000000e+00 4.310000000000000000e+03
6.000000000000000000e+00 3.559000000000000000e+03
7.000000000000000000e+00 2.771000000000000000e+03
8.000000000000000000e+00 2.035000000000000000e+03
9.000000000000000000e+00 1.345000000000000000e+03
1.000000000000000000e+01 8.360000000000000000e+02
1.100000000000000000e+01 5.220000000000000000e+02
1.200000000000000000e+01 2.750000000000000000e+02
1.300000000000000000e+01 1.500000000000000000e+02
1.400000000000000000e+01 6.700000000000000000e+01
1.500000000000000000e+01 4.200000000000000000e+01
1.600000000000000000e+01 1.300000000000000000e+01
1.700000000000000000e+01 4.000000000000000000e+00
1.800000000000000000e+01 2.000000000000000000e+00
2.000000000000000000e+01 1.000000000000000000e+00
2.100000000000000000e+01 1.000000000000000000e+00
1.900000000000000000e+01 1.000000000000000000e+00

1.000000000000000000e+00 3.163445000000000000e+06
2.000000000000000000e+00 1.173100000000000000e+04
3.000000000000000000e+00 6.848000000000000000e+03
4.000000000000000000e+00 5.098000000000000000e+03
5.000000000000000000e+00 3.733000000000000000e+03
6.000000000000000000e+00 2.757000000000000000e+03
7.000000000000000000e+00 1.807000000000000000e+03
8.000000000000000000e+00 1.222000000000000000e+03
9.000000000000000000e+00 6.880000000000000000e+02
1.000000000000000000e+01 3.970000000000000000e+02
1.100000000000000000e+01 1.770000000000000000e+02
1.200000000000000000e+01 1.090000000000000000e+02
1.300000000000000000e+01 4.000000000000000000e+01
1.400000000000000000e+01 3.100000000000000000e+01
1.500000000000000000e+01 7.000000000000000000e+00
1.600000000000000000e+01 2.000000000000000000e+00
1.700000000000000000e+01 1.000000000000000000e+00

1.000000000000000000e+00 3.187638000000000000e+06
2.000000000000000000e+00 1.176200000000000000e+04
3.000000000000000000e+00 6.683000000000000000e+03
4.000000000000000000e+00 4.501000000000000000e+03
5.000000000000000000e+00 3.117000000000000000e+03
6.000000000000000000e+00 2.143000000000000000e+03
7.000000000000000000e+00 1.299000000000000000e+03
8.000000000000000000e+00 7.660000000000000000e+02
9.000000000000000000e+00 3.770000000000000000e+02
1.000000000000000000e+01 1.850000000000000000e+02
1.100000000000000000e+01 9.000000000000000000e+01
1.200000000000000000e+01 3.900000000000000000e+01
1.300000000000000000e+01 1.900000000000000000e+01
1.400000000000000000e+01 7.000000000000000000e+00
1.500000000000000000e+01 5.000000000000000000e+00

1.000000000000000000e+00 3.206357000000000000e+06
2.000000000000000000e+00 1.204900000000000000e+04
3.000000000000000000e+00 6.542000000000000000e+03
4.000000000000000000e+00 4.102000000000000000e+03
5.000000000000000000e+00 2.503000000000000000e+03
6.000000000000000000e+00 1.545000000000000000e+03
7.000000000000000000e+00 7.920000000000000000e+02
8.000000000000000000e+00 4.060000000000000000e+02
9.000000000000000000e+00 1.590000000000000000e+02
1.000000000000000000e+01 7.900000000000000000e+01
1.100000000000000000e+01 3.600000000000000000e+01
1.200000000000000000e+01 1.300000000000000000e+01
1.300000000000000000e+01 8.000000000000000000e+00
1.400000000000000000e+01 3.000000000000000000e+00
1.500000000000000000e+01 1.000000000000000000e+00

1.000000000000000000e+00 3.221039000000000000e+06
2.000000000000000000e+00 1.192500000000000000e+04
3.000000000000000000e+00 6.062000000000000000e+03
4.000000000000000000e+00 3.565000000000000000e+03
5.000000000000000000e+00 1.970000000000000000e+03
6.000000000000000000e+00 1.010000000000000000e+03
7.000000000000000000e+00 4.940000000000000000e+02
8.000000000000000000e+00 2.400000000000000000e+02
9.000000000000000000e+00 9.900000000000000000e+01
1.000000000000000000e+01 3.500000000000000000e+01
1.100000000000000000e+01 9.000000000000000000e+00
1.200000000000000000e+01 2.000000000000000000e+00
1.300000000000000000e+01 1.000000000000000000e+00

1.000000000000000000e+00 3.232630000000000000e+06
2.000000000000000000e+00 1.158300000000000000e+04
3.000000000000000000e+00 5.611000000000000000e+03
4.000000000000000000e+00 2.970000000000000000e+03
5.000000000000000000e+00 1.533000000000000000e+03
6.000000000000000000e+00 7.320000000000000000e+02
7.000000000000000000e+00 2.810000000000000000e+02
8.000000000000000000e+00 1.070000000000000000e+02
9.000000000000000000e+00 5.300000000000000000e+01
1.000000000000000000e+01 1.000000000000000000e+01
1.100000000000000000e+01 2.000000000000000000e+00
1.200000000000000000e+01 1.000000000000000000e+00

1.000000000000000000e+00 3.237319000000000000e+06
2.000000000000000000e+00 1.139300000000000000e+04
3.000000000000000000e+00 5.415000000000000000e+03
4.000000000000000000e+00 2.791000000000000000e+03
5.000000000000000000e+00 1.368000000000000000e+03
6.000000000000000000e+00 5.740000000000000000e+02
7.000000000000000000e+00 2.080000000000000000e+02
8.000000000000000000e+00 6.400000000000000000e+01
9.000000000000000000e+00 1.800000000000000000e+01
1.000000000000000000e+01 5.000000000000000000e+00
1.100000000000000000e+01 2.000000000000000000e+00

1.000000000000000000e+00 3.241907000000000000e+06
2.000000000000000000e+00 1.114600000000000000e+04
3.000000000000000000e+00 5.003000000000000000e+03
4.000000000000000000e+00 2.633000000000000000e+03
5.000000000000000000e+00 1.216000000000000000e+03
6.000000000000000000e+00 4.260000000000000000e+02
7.000000000000000000e+00 1.600000000000000000e+02
8.000000000000000000e+00 4.800000000000000000e+01
9.000000000000000000e+00 1.000000000000000000e+01
1.000000000000000000e+01 3.000000000000000000e+00

1.000000000000000000e+00 3.244199000000000000e+06
2.000000000000000000e+00 1.099700000000000000e+04
3.000000000000000000e+00 5.083000000000000000e+03
4.000000000000000000e+00 2.368000000000000000e+03
5.000000000000000000e+00 1.052000000000000000e+03
6.000000000000000000e+00 4.040000000000000000e+02
7.000000000000000000e+00 1.380000000000000000e+02
8.000000000000000000e+00 4.100000000000000000e+01
9.000000000000000000e+00 1.200000000000000000e+01

1.000000000000000000e+00 2.496637000000000000e+06
1.600000000000000000e+01 5.263000000000000000e+03
1.500000000000000000e+01 5.202000000000000000e+03
1.700000000000000000e+01 4.981000000000000000e+03
1.400000000000000000e+01 4.716000000000000000e+03
1.800000000000000000e+01 4.513000000000000000e+03
1.300000000000000000e+01 4.019000000000000000e+03
1.900000000000000000e+01 3.575000000000000000e+03
1.200000000000000000e+01 3.154000000000000000e+03
2.000000000000000000e+01 2.849000000000000000e+03
1.100000000000000000e+01 2.242000000000000000e+03
2.100000000000000000e+01 2.107000000000000000e+03
2.200000000000000000e+01 1.559000000000000000e+03
1.000000000000000000e+01 1.423000000000000000e+03
2.300000000000000000e+01 9.660000000000000000e+02
9.000000000000000000e+00 8.430000000000000000e+02
2.400000000000000000e+01 6.500000000000000000e+02
8.000000000000000000e+00 4.960000000000000000e+02
2.500000000000000000e+01 4.180000000000000000e+02
2.600000000000000000e+01 2.360000000000000000e+02
7.000000000000000000e+00 2.330000000000000000e+02
2.700000000000000000e+01 1.260000000000000000e+02
6.000000000000000000e+00 1.010000000000000000e+02
2.800000000000000000e+01 7.900000000000000000e+01
2.000000000000000000e+00 7.200000000000000000e+01
5.000000000000000000e+00 5.400000000000000000e+01
2.900000000000000000e+01 3.800000000000000000e+01
4.000000000000000000e+00 3.500000000000000000e+01
3.000000000000000000e+00 3.200000000000000000e+01
3.000000000000000000e+01 2.000000000000000000e+01
3.100000000000000000e+01 7.000000000000000000e+00
3.300000000000000000e+01 3.000000000000000000e+00
3.200000000000000000e+01 3.000000000000000000e+00
3.600000000000000000e+01 2.000000000000000000e+00
3.400000000000000000e+01 1.000000000000000000e+00
3.500000000000000000e+01 1.000000000000000000e+00
3.800000000000000000e+01 1.000000000000000000e+00

1.000000000000000000e+00 2.508119000000000000e+06
1.500000000000000000e+01 5.304000000000000000e+03
1.600000000000000000e+01 5.131000000000000000e+03
1.400000000000000000e+01 4.812000000000000000e+03
1.700000000000000000e+01 4.781000000000000000e+03
1.300000000000000000e+01 4.251000000000000000e+03
1.800000000000000000e+01 4.118000000000000000e+03
1.900000000000000000e+01 3.445000000000000000e+03
1.200000000000000000e+01 3.304000000000000000e+03
2.000000000000000000e+01 2.635000000000000000e+03
1.100000000000000000e+01 2.424000000000000000e+03
2.100000000000000000e+01 1.967000000000000000e+03
1.000000000000000000e+01 1.674000000000000000e+03
2.200000000000000000e+01 1.430000000000000000e+03
9.000000000000000000e+00 1.010000000000000000e+03
2.300000000000000000e+01 8.940000000000000000e+02
2.400000000000000000e+01 6.170000000000000000e+02
8.000000000000000000e+00 5.670000000000000000e+02
2.500000000000000000e+01 3.920000000000000000e+02
7.000000000000000000e+00 3.020000000000000000e+02
2.600000000000000000e+01 2.230000000000000000e+02
2.700000000000000000e+01 1.740000000000000000e+02
6.000000000000000000e+00 1.690000000000000000e+02
2.000000000000000000e+00 7.700000000000000000e+01
5.000000000000000000e+00 7.600000000000000000e+01
2.800000000000000000e+01 7.200000000000000000e+01
3.000000000000000000e+00 4.700000000000000000e+01
2.900000000000000000e+01 4.700000000000000000e+01
4.000000000000000000e+00 3.800000000000000000e+01
3.000000000000000000e+01 2.200000000000000000e+01
3.100000000000000000e+01 1.200000000000000000e+01
3.200000000000000000e+01 8.000000000000000000e+00
3.300000000000000000e+01 5.000000000000000000e+00
3.500000000000000000e+01 2.000000000000000000e+00
3.600000000000000000e+01 1.000000000000000000e+00
3.400000000000000000e+01 1.000000000000000000e+00

1.000000000000000000e+00 2.519147000000000000e+06
1.500000000000000000e+01 5.016000000000000000e+03
1.600000000000000000e+01 4.796000000000000000e+03
1.400000000000000000e+01 4.771000000000000000e+03
1.700000000000000000e+01 4.522000000000000000e+03
1.300000000000000000e+01 4.255000000000000000e+03
1.800000000000000000e+01 3.962000000000000000e+03
1.200000000000000000e+01 3.563000000000000000e+03
1.900000000000000000e+01 3.231000000000000000e+03
1.100000000000000000e+01 2.700000000000000000e+03
2.000000000000000000e+01 2.526000000000000000e+03
1.000000000000000000e+01 1.945000000000000000e+03
2.100000000000000000e+01 1.853000000000000000e+03
2.200000000000000000e+01 1.418000000000000000e+03
9.000000000000000000e+00 1.253000000000000000e+03
2.300000000000000000e+01 9.330000000000000000e+02
8.000000000000000000e+00 7.390000000000000000e+02
2.400000000000000000e+01 6.550000000000000000e+02
7.000000000000000000e+00 4.090000000000000000e+02
2.500000000000000000e+01 3.940000000000000000e+02
2.600000000000000000e+01 2.420000000000000000e+02
6.000000000000000000e+00 2.190000000000000000e+02
2.000000000000000000e+00 1.340000000000000000e+02
2.700000000000000000e+01 1.340000000000000000e+02
5.000000000000000000e+00 1.150000000000000000e+02
2.800000000000000000e+01 7.500000000000000000e+01
2.900000000000000000e+01 5.800000000000000000e+01
3.000000000000000000e+00 5.300000000000000000e+01
4.000000000000000000e+00 5.300000000000000000e+01
3.000000000000000000e+01 2.500000000000000000e+01
3.100000000000000000e+01 1.000000000000000000e+01
3.200000000000000000e+01 6.000000000000000000e+00
3.300000000000000000e+01 2.000000000000000000e+00
3.500000000000000000e+01 1.000000000000000000e+00

1.000000000000000000e+00 2.535076000000000000e+06
1.500000000000000000e+01 4.846000000000000000e+03
1.600000000000000000e+01 4.729000000000000000e+03
1.400000000000000000e+01 4.702000000000000000e+03
1.300000000000000000e+01 4.322000000000000000e+03
1.700000000000000000e+01 4.235000000000000000e+03
1.200000000000000000e+01 3.757000000000000000e+03
1.800000000000000000e+01 3.731000000000000000e+03
1.900000000000000000e+01 2.977000000000000000e+03
1.100000000000000000e+01 2.976000000000000000e+03
2.000000000000000000e+01 2.376000000000000000e+03
1.000000000000000000e+01 2.151000000000000000e+03
2.100000000000000000e+01 1.757000000000000000e+03
9.000000000000000000e+00 1.501000000000000000e+03
2.200000000000000000e+01 1.247000000000000000e+03
8.000000000000000000e+00 9.420000000000000000e+02
2.300000000000000000e+01 8.600000000000000000e+02
2.400000000000000000e+01 5.830000000000000000e+02
7.000000000000000000e+00 5.390000000000000000e+02
2.500000000000000000e+01 3.790000000000000000e+02
6.000000000000000000e+00 3.040000000000000000e+02
2.600000000000000000e+01 2.200000000000000000e+02
5.000000000000000000e+00 2.010000000000000000e+02
2.000000000000000000e+00 1.900000000000000000e+02
2.700000000000000000e+01 1.540000000000000000e+02
4.000000000000000000e+00 1.320000000000000000e+02
3.000000000000000000e+00 9.100000000000000000e+01
2.800000000000000000e+01 8.700000000000000000e+01
2.900000000000000000e+01 4.400000000000000000e+01
3.000000000000000000e+01 3.200000000000000000e+01
3.100000000000000000e+01 1.300000000000000000e+01
3.300000000000000000e+01 7.000000000000000000e+00
3.200000000000000000e+01 7.000000000000000000e+00
3.400000000000000000e+01 3.000000000000000000e+00
3.700000000000000000e+01 2.000000000000000000e+00

1.000000000000000000e+00 2.552844000000000000e+06
1.500000000000000000e+01 4.614000000000000000e+03
1.400000000000000000e+01 4.580000000000000000e+03
1.600000000000000000e+01 4.469000000000000000e+03
1.300000000000000000e+01 4.340000000000000000e+03
1.700000000000000000e+01 3.938000000000000000e+03
1.200000000000000000e+01 3.863000000000000000e+03
1.800000000000000000e+01 3.468000000000000000e+03
1.100000000000000000e+01 3.363000000000000000e+03
1.900000000000000000e+01 2.702000000000000000e+03
1.000000000000000000e+01 2.552000000000000000e+03
2.000000000000000000e+01 2.195000000000000000e+03
9.000000000000000000e+00 1.760000000000000000e+03
2.100000000000000000e+01 1.628000000000000000e+03
8.000000000000000000e+00 1.182000000000000000e+03
2.200000000000000000e+01 1.123000000000000000e+03
2.300000000000000000e+01 8.100000000000000000e+02
7.000000000000000000e+00 7.830000000000000000e+02
2.400000000000000000e+01 5.560000000000000000e+02
6.000000000000000000e+00 4.480000000000000000e+02
2.500000000000000000e+01 3.460000000000000000e+02
5.000000000000000000e+00 2.500000000000000000e+02
2.000000000000000000e+00 2.460000000000000000e+02
2.600000000000000000e+01 2.420000000000000000e+02
4.000000000000000000e+00 1.620000000000000000e+02
2.700000000000000000e+01 1.540000000000000000e+02
3.000000000000000000e+00 1.480000000000000000e+02
2.800000000000000000e+01 9.700000000000000000e+01
2.900000000000000000e+01 4.300000000000000000e+01
3.000000000000000000e+01 2.800000000000000000e+01
3.100000000000000000e+01 1.700000000000000000e+01
3.200000000000000000e+01 1.400000000000000000e+01
3.300000000000000000e+01 4.000000000000000000e+00
3.400000000000000000e+01 2.000000000000000000e+00
3.500000000000000000e+01 2.000000000000000000e+00
3.600000000000000000e+01 2.000000000000000000e+00
3.800000000000000000e+01 1.000000000000000000e+00

1.000000000000000000e+00 2.571043000000000000e+06
1.400000000000000000e+01 4.536000000000000000e+03
1.500000000000000000e+01 4.525000000000000000e+03
1.300000000000000000e+01 4.436000000000000000e+03
1.600000000000000000e+01 4.089000000000000000e+03
1.200000000000000000e+01 3.943000000000000000e+03
1.700000000000000000e+01 3.702000000000000000e+03
1.100000000000000000e+01 3.454000000000000000e+03
1.800000000000000000e+01 3.115000000000000000e+03
1.000000000000000000e+01 2.821000000000000000e+03
1.900000000000000000e+01 2.552000000000000000e+03
9.000000000000000000e+00 2.152000000000000000e+03
2.000000000000000000e+01 2.031000000000000000e+03
2.100000000000000000e+01 1.471000000000000000e+03
8.000000000000000000e+00 1.391000000000000000e+03
2.200000000000000000e+01 1.049000000000000000e+03
7.000000000000000000e+00 9.760000000000000000e+02
2.300000000000000000e+01 7.290000000000000000e+02
6.000000000000000000e+00 5.570000000000000000e+02
2.400000000000000000e+01 5.560000000000000000e+02
5.000000000000000000e+00 3.850000000000000000e+02
2.500000000000000000e+01 3.370000000000000000e+02
2.000000000000000000e+00 3.080000000000000000e+02
4.000000000000000000e+00 2.700000000000000000e+02
2.600000000000000000e+01 2.420000000000000000e+02
3.000000000000000000e+00 2.030000000000000000e+02
2.700000000000000000e+01 1.240000000000000000e+02
2.800000000000000000e+01 8.500000000000000000e+01
2.900000000000000000e+01 5.600000000000000000e+01
3.000000000000000000e+01 2.200000000000000000e+01
3.100000000000000000e+01 1.900000000000000000e+01
3.200000000000000000e+01 1.100000000000000000e+01
3.300000000000000000e+01 3.000000000000000000e+00
3.400000000000000000e+01 1.000000000000000000e+00
3.500000000000000000e+01 1.000000000000000000e+00
3.600000000000000000e+01 1.000000000000000000e+00

1.000000000000000000e+00 2.595060000000000000e+06
1.400000000000000000e+01 4.407000000000000000e+03
1.300000000000000000e+01 4.370000000000000000e+03
1.500000000000000000e+01 4.197000000000000000e+03
1.200000000000000000e+01 4.036000000000000000e+03
1.600000000000000000e+01 3.771000000000000000e+03
1.100000000000000000e+01 3.599000000000000000e+03
1.700000000000000000e+01 3.411000000000000000e+03
1.000000000000000000e+01 3.111000000000000000e+03
1.800000000000000000e+01 2.738000000000000000e+03
9.000000000000000000e+00 2.411000000000000000e+03
1.900000000000000000e+01 2.383000000000000000e+03
8.000000000000000000e+00 1.779000000000000000e+03
2.000000000000000000e+01 1.740000000000000000e+03
2.100000000000000000e+01 1.387000000000000000e+03
7.000000000000000000e+00 1.236000000000000000e+03
2.200000000000000000e+01 1.020000000000000000e+03
6.000000000000000000e+00 8.430000000000000000e+02
2.300000000000000000e+01 7.360000000000000000e+02
5.000000000000000000e+00 5.340000000000000000e+02
2.400000000000000000e+01 5.030000000000000000e+02
2.000000000000000000e+00 4.790000000000000000e+02
4.000000000000000000e+00 3.820000000000000000e+02
3.000000000000000000e+00 3.270000000000000000e+02
2.500000000000000000e+01 2.910000000000000000e+02
2.600000000000000000e+01 1.840000000000000000e+02
2.700000000000000000e+01 1.350000000000000000e+02
2.800000000000000000e+01 6.200000000000000000e+01
2.900000000000000000e+01 4.900000000000000000e+01
3.000000000000000000e+01 2.100000000000000000e+01
3.100000000000000000e+01 1.300000000000000000e+01
3.200000000000000000e+01 9.000000000000000000e+00
3.400000000000000000e+01 3.000000000000000000e+00
3.300000000000000000e+01 1.000000000000000000e+00

1.000000000000000000e+00 2.621357000000000000e+06
1.300000000000000000e+01 4.246000000000000000e+03
1.400000000000000000e+01 4.195000000000000000e+03
1.200000000000000000e+01 4.144000000000000000e+03
1.500000000000000000e+01 3.883000000000000000e+03
1.100000000000000000e+01 3.793000000000000000e+03
1.600000000000000000e+01 3.537000000000000000e+03
1.000000000000000000e+01 3.372000000000000000e+03
1.700000000000000000e+01 3.091000000000000000e+03
9.000000000000000000e+00 2.694000000000000000e+03
1.800000000000000000e+01 2.543000000000000000e+03
8.000000000000000000e+00 2.190000000000000000e+03
1.900000000000000000e+01 2.104000000000000000e+03
7.000000000000000000e+00 1.563000000000000000e+03
2.000000000000000000e+01 1.532000000000000000e+03
2.100000000000000000e+01 1.189000000000000000e+03
6.000000000000000000e+00 1.086000000000000000e+03
2.200000000000000000e+01 8.530000000000000000e+02
5.000000000000000000e+00 7.410000000000000000e+02
2.000000000000000000e+00 7.400000000000000000e+02
2.300000000000000000e+01 6.420000000000000000e+02
4.000000000000000000e+00 5.090000000000000000e+02
3.000000000000000000e+00 4.440000000000000000e+02
2.400000000000000000e+01 4.120000000000000000e+02
2.500000000000000000e+01 2.820000000000000000e+02
2.600000000000000000e+01 1.680000000000000000e+02
2.700000000000000000e+01 1.240000000000000000e+02
2.800000000000000000e+01 7.800000000000000000e+01
2.900000000000000000e+01 4.000000000000000000e+01
3.000000000000000000e+01 2.100000000000000000e+01
3.100000000000000000e+01 1.200000000000000000e+01
3.200000000000000000e+01 7.000000000000000000e+00
3.300000000000000000e+01 5.000000000000000000e+00
3.400000000000000000e+01 2.000000000000000000e+00
3.600000000000000000e+01 1.000000000000000000e+00

1.000000000000000000e+00 2.657326000000000000e+06
1.200000000000000000e+01 4.074000000000000000e+03
1.400000000000000000e+01 4.014000000000000000e+03
1.300000000000000000e+01 3.997000000000000000e+03
1.100000000000000000e+01 3.974000000000000000e+03
1.000000000000000000e+01 3.551000000000000000e+03
1.500000000000000000e+01 3.540000000000000000e+03
1.600000000000000000e+01 3.196000000000000000e+03
9.000000000000000000e+00 3.144000000000000000e+03
1.700000000000000000e+01 2.669000000000000000e+03
8.000000000000000000e+00 2.573000000000000000e+03
1.800000000000000000e+01 2.189000000000000000e+03
7.000000000000000000e+00 1.931000000000000000e+03
1.900000000000000000e+01 1.729000000000000000e+03
6.000000000000000000e+00 1.464000000000000000e+03
2.000000000000000000e+01 1.362000000000000000e+03
5.000000000000000000e+00 1.037000000000000000e+03
2.100000000000000000e+01 1.037000000000000000e+03
2.000000000000000000e+00 1.000000000000000000e+03
4.000000000000000000e+00 7.720000000000000000e+02
2.200000000000000000e+01 7.290000000000000000e+02
3.000000000000000000e+00 7.040000000000000000e+02
2.300000000000000000e+01 5.400000000000000000e+02
2.400000000000000000e+01 3.410000000000000000e+02
2.500000000000000000e+01 2.070000000000000000e+02
2.600000000000000000e+01 1.570000000000000000e+02
2.700000000000000000e+01 9.800000000000000000e+01
2.800000000000000000e+01 5.600000000000000000e+01
2.900000000000000000e+01 3.200000000000000000e+01
3.000000000000000000e+01 1.800000000000000000e+01
3.100000000000000000e+01 8.000000000000000000e+00
3.200000000000000000e+01 2.000000000000000000e+00
3.400000000000000000e+01 1.000000000000000000e+00
3.300000000000000000e+01 1.000000000000000000e+00

1.000000000000000000e+00 2.701545000000000000e+06
1.200000000000000000e+01 3.922000000000000000e+03
1.000000000000000000e+01 3.876000000000000000e+03
1.100000000000000000e+01 3.875000000000000000e+03
1.300000000000000000e+01 3.760000000000000000e+03
1.400000000000000000e+01 3.443000000000000000e+03
9.000000000000000000e+00 3.416000000000000000e+03
1.500000000000000000e+01 3.241000000000000000e+03
8.000000000000000000e+00 2.947000000000000000e+03
1.600000000000000000e+01 2.670000000000000000e+03
7.000000000000000000e+00 2.448000000000000000e+03
1.700000000000000000e+01 2.274000000000000000e+03
6.000000000000000000e+00 1.933000000000000000e+03
1.800000000000000000e+01 1.845000000000000000e+03
2.000000000000000000e+00 1.574000000000000000e+03
5.000000000000000000e+00 1.449000000000000000e+03
1.900000000000000000e+01 1.433000000000000000e+03
4.000000000000000000e+00 1.183000000000000000e+03
3.000000000000000000e+00 1.091000000000000000e+03
2.000000000000000000e+01 1.069000000000000000e+03
2.100000000000000000e+01 8.540000000000000000e+02
2.200000000000000000e+01 5.870000000000000000e+02
2.300000000000000000e+01 4.290000000000000000e+02
2.400000000000000000e+01 2.640000000000000000e+02
2.500000000000000000e+01 1.910000000000000000e+02
2.600000000000000000e+01 1.240000000000000000e+02
2.700000000000000000e+01 7.800000000000000000e+01
2.800000000000000000e+01 4.500000000000000000e+01
2.900000000000000000e+01 2.300000000000000000e+01
3.000000000000000000e+01 1.200000000000000000e+01
3.100000000000000000e+01 5.000000000000000000e+00
3.200000000000000000e+01 2.000000000000000000e+00

1.000000000000000000e+00 2.755494000000000000e+06
1.100000000000000000e+01 3.854000000000000000e+03
1.000000000000000000e+01 3.820000000000000000e+03
1.200000000000000000e+01 3.626000000000000000e+03
9.000000000000000000e+00 3.563000000000000000e+03
1.300000000000000000e+01 3.364000000000000000e+03
8.000000000000000000e+00 3.275000000000000000e+03
1.400000000000000000e+01 3.131000000000000000e+03
7.000000000000000000e+00 2.845000000000000000e+03
1.500000000000000000e+01 2.636000000000000000e+03
2.000000000000000000e+00 2.386000000000000000e+03
6.000000000000000000e+00 2.366000000000000000e+03
1.600000000000000000e+01 2.205000000000000000e+03
5.000000000000000000e+00 1.982000000000000000e+03
1.700000000000000000e+01 1.848000000000000000e+03
4.000000000000000000e+00 1.646000000000000000e+03
3.000000000000000000e+00 1.643000000000000000e+03
1.800000000000000000e+01 1.485000000000000000e+03
1.900000000000000000e+01 1.136000000000000000e+03
2.000000000000000000e+01 8.630000000000000000e+02
2.100000000000000000e+01 6.540000000000000000e+02
2.200000000000000000e+01 4.350000000000000000e+02
2.300000000000000000e+01 3.000000000000000000e+02
2.400000000000000000e+01 2.090000000000000000e+02
2.500000000000000000e+01 1.010000000000000000e+02
2.600000000000000000e+01 8.000000000000000000e+01
2.700000000000000000e+01 5.500000000000000000e+01
2.800000000000000000e+01 2.500000000000000000e+01
2.900000000000000000e+01 1.000000000000000000e+01
3.000000000000000000e+01 4.000000000000000000e+00
3.100000000000000000e+01 1.000000000000000000e+00

1.000000000000000000e+00 2.830960000000000000e+06
2.000000000000000000e+00 3.885000000000000000e+03
9.000000000000000000e+00 3.641000000000000000e+03
1.000000000000000000e+01 3.504000000000000000e+03
8.000000000000000000e+00 3.454000000000000000e+03
7.000000000000000000e+00 3.323000000000000000e+03
1.100000000000000000e+01 3.318000000000000000e+03
1.200000000000000000e+01 3.075000000000000000e+03
6.000000000000000000e+00 2.970000000000000000e+03
1.300000000000000000e+01 2.818000000000000000e+03
5.000000000000000000e+00 2.677000000000000000e+03
3.000000000000000000e+00 2.500000000000000000e+03
1.400000000000000000e+01 2.435000000000000000e+03
4.000000000000000000e+00 2.429000000000000000e+03
1.500000000000000000e+01 2.106000000000000000e+03
1.600000000000000000e+01 1.670000000000000000e+03
1.700000000000000000e+01 1.363000000000000000e+03
1.800000000000000000e+01 1.039000000000000000e+03
1.900000000000000000e+01 7.940000000000000000e+02
2.000000000000000000e+01 5.720000000000000000e+02
2.100000000000000000e+01 3.850000000000000000e+02
2.200000000000000000e+01 2.560000000000000000e+02
2.300000000000000000e+01 1.510000000000000000e+02
2.400000000000000000e+01 9.200000000000000000e+01
2.500000000000000000e+01 7.600000000000000000e+01
2.600000000000000000e+01 3.400000000000000000e+01
2.700000000000000000e+01 2.400000000000000000e+01
2.800000000000000000e+01 1.000000000000000000e+01
2.900000000000000000e+01 5.000000000000000000e+00
3.000000000000000000e+01 1.000000000000000000e+00
3.100000000000000000e+01 1.000000000000000000e+00

1.000000000000000000e+00 2.929118000000000000e+06
2.000000000000000000e+00 5.840000000000000000e+03
3.000000000000000000e+00 3.766000000000000000e+03
4.000000000000000000e+00 3.424000000000000000e+03
5.000000000000000000e+00 3.407000000000000000e+03
6.000000000000000000e+00 3.361000000000000000e+03
7.000000000000000000e+00 3.314000000000000000e+03
8.000000000000000000e+00 3.261000000000000000e+03
9.000000000000000000e+00 3.089000000000000000e+03
1.000000000000000000e+01 2.923000000000000000e+03
1.100000000000000000e+01 2.628000000000000000e+03
1.200000000000000000e+01 2.288000000000000000e+03
1.300000000000000000e+01 1.997000000000000000e+03
1.400000000000000000e+01 1.666000000000000000e+03
1.500000000000000000e+01 1.220000000000000000e+03
1.600000000000000000e+01 1.041000000000000000e+03
1.700000000000000000e+01 7.920000000000000000e+02
1.800000000000000000e+01 5.980000000000000000e+02
1.900000000000000000e+01 4.290000000000000000e+02
2.000000000000000000e+01 3.000000000000000000e+02
2.100000000000000000e+01 2.050000000000000000e+02
2.200000000000000000e+01 1.110000000000000000e+02
2.300000000000000000e+01 9.400000000000000000e+01
2.400000000000000000e+01 5.100000000000000000e+01
2.500000000000000000e+01 2.900000000000000000e+01
2.600000000000000000e+01 1.500000000000000000e+01
2.700000000000000000e+01 6.000000000000000000e+00
3.100000000000000000e+01 3.000000000000000000e+00
2.800000000000000000e+01 3.000000000000000000e+00
2.900000000000000000e+01 3.000000000000000000e+00
3.200000000000000000e+01 1.000000000000000000e+00

1.000000000000000000e+00 3.034023000000000000e+06
2.000000000000000000e+00 8.639000000000000000e+03
3.000000000000000000e+00 5.322000000000000000e+03
4.000000000000000000e+00 4.169000000000000000e+03
5.000000000000000000e+00 3.699000000000000000e+03
6.000000000000000000e+00 3.435000000000000000e+03
7.000000000000000000e+00 3.123000000000000000e+03
8.000000000000000000e+00 2.659000000000000000e+03
9.000000000000000000e+00 2.293000000000000000e+03
1.000000000000000000e+01 1.919000000000000000e+03
1.100000000000000000e+01 1.582000000000000000e+03
1.200000000000000000e+01 1.313000000000000000e+03
1.300000000000000000e+01 1.051000000000000000e+03
1.400000000000000000e+01 8.180000000000000000e+02
1.500000000000000000e+01 6.170000000000000000e+02
1.600000000000000000e+01 4.950000000000000000e+02
1.700000000000000000e+01 3.430000000000000000e+02
1.800000000000000000e+01 2.390000000000000000e+02
1.900000000000000000e+01 1.580000000000000000e+02
2.000000000000000000e+01 8.800000000000000000e+01
2.100000000000000000e+01 7.500000000000000000e+01
2.200000000000000000e+01 4.200000000000000000e+01
2.300000000000000000e+01 1.800000000000000000e+01
2.400000000000000000e+01 1.700000000000000000e+01
2.500000000000000000e+01 1.100000000000000000e+01
2.600000000000000000e+01 1.000000000000000000e+00
2.700000000000000000e+01 1.000000000000000000e+00

1.000000000000000000e+00 3.115632000000000000e+06
2.000000000000000000e+00 1.090000000000000000e+04
3.000000000000000000e+00 6.292000000000000000e+03
4.000000000000000000e+00 4.548000000000000000e+03
5.000000000000000000e+00 3.701000000000000000e+03
6.000000000000000000e+00 2.975000000000000000e+03
7.000000000000000000e+00 2.363000000000000000e+03
8.000000000000000000e+00 1.903000000000000000e+03
9.000000000000000000e+00 1.407000000000000000e+03
1.000000000000000000e+01 1.080000000000000000e+03
1.100000000000000000e+01 7.830000000000000000e+02
1.200000000000000000e+01 5.740000000000000000e+02
1.300000000000000000e+01 3.470000000000000000e+02
1.400000000000000000e+01 2.760000000000000000e+02
1.500000000000000000e+01 2.060000000000000000e+02
1.600000000000000000e+01 1.410000000000000000e+02
1.700000000000000000e+01 9.200000000000000000e+01
1.800000000000000000e+01 6.600000000000000000e+01
1.900000000000000000e+01 4.400000000000000000e+01
2.000000000000000000e+01 2.200000000000000000e+01
2.100000000000000000e+01 1.200000000000000000e+01
2.200000000000000000e+01 7.000000000000000000e+00
2.400000000000000000e+01 5.000000000000000000e+00
2.300000000000000000e+01 5.000000000000000000e+00
2.600000000000000000e+01 1.000000000000000000e+00

1.000000000000000000e+00 3.160962000000000000e+06
2.000000000000000000e+00 1.174100000000000000e+04
3.000000000000000000e+00 6.776000000000000000e+03
4.000000000000000000e+00 4.509000000000000000e+03
5.000000000000000000e+00 3.412000000000000000e+03
6.000000000000000000e+00 2.416000000000000000e+03
7.000000000000000000e+00 1.764000000000000000e+03
8.000000000000000000e+00 1.149000000000000000e+03
9.000000000000000000e+00 7.340000000000000000e+02
1.000000000000000000e+01 5.180000000000000000e+02
1.100000000000000000e+01 3.380000000000000000e+02
1.200000000000000000e+01 2.250000000000000000e+02
1.300000000000000000e+01 1.440000000000000000e+02
1.400000000000000000e+01 9.700000000000000000e+01
1.500000000000000000e+01 5.800000000000000000e+01
1.600000000000000000e+01 3.400000000000000000e+01
1.700000000000000000e+01 2.800000000000000000e+01
1.900000000000000000e+01 1.600000000000000000e+01
1.800000000000000000e+01 1.000000000000000000e+01
2.000000000000000000e+01 9.000000000000000000e+00
2.100000000000000000e+01 3.000000000000000000e+00
2.300000000000000000e+01 1.000000000000000000e+00
2.200000000000000000e+01 1.000000000000000000e+00

1.000000000000000000e+00 3.187943000000000000e+06
2.000000000000000000e+00 1.264600000000000000e+04
3.000000000000000000e+00 6.582000000000000000e+03
4.000000000000000000e+00 4.255000000000000000e+03
5.000000000000000000e+00 2.818000000000000000e+03
6.000000000000000000e+00 1.851000000000000000e+03
7.000000000000000000e+00 1.191000000000000000e+03
8.000000000000000000e+00 7.030000000000000000e+02
9.000000000000000000e+00 4.590000000000000000e+02
1.000000000000000000e+01 2.400000000000000000e+02
1.100000000000000000e+01 1.510000000000000000e+02
1.200000000000000000e+01 8.500000000000000000e+01
1.300000000000000000e+01 6.000000000000000000e+01
1.400000000000000000e+01 2.900000000000000000e+01
1.500000000000000000e+01 1.700000000000000000e+01
1.600000000000000000e+01 5.000000000000000000e+00
1.700000000000000000e+01 4.000000000000000000e+00
2.200000000000000000e+01 1.000000000000000000e+00
1.900000000000000000e+01 1.000000000000000000e+00

1.000000000000000000e+00 3.205970000000000000e+06
2.000000000000000000e+00 1.249500000000000000e+04
3.000000000000000000e+00 6.197000000000000000e+03
4.000000000000000000e+00 3.783000000000000000e+03
5.000000000000000000e+00 2.384000000000000000e+03
6.000000000000000000e+00 1.507000000000000000e+03
7.000000000000000000e+00 7.890000000000000000e+02
8.000000000000000000e+00 4.510000000000000000e+02
9.000000000000000000e+00 2.470000000000000000e+02
1.000000000000000000e+01 1.350000000000000000e+02
1.100000000000000000e+01 7.300000000000000000e+01
1.200000000000000000e+01 3.800000000000000000e+01
1.300000000000000000e+01 1.500000000000000000e+01
1.400000000000000000e+01 8.000000000000000000e+00
1.500000000000000000e+01 2.000000000000000000e+00
2.000000000000000000e+01 1.000000000000000000e+00
1.600000000000000000e+01 1.000000000000000000e+00
1.900000000000000000e+01 1.000000000000000000e+00

1.000000000000000000e+00 3.215151000000000000e+06
2.000000000000000000e+00 1.239300000000000000e+04
3.000000000000000000e+00 6.075000000000000000e+03
4.000000000000000000e+00 3.617000000000000000e+03
5.000000000000000000e+00 2.121000000000000000e+03
6.000000000000000000e+00 1.200000000000000000e+03
7.000000000000000000e+00 6.280000000000000000e+02
8.000000000000000000e+00 3.200000000000000000e+02
9.000000000000000000e+00 1.360000000000000000e+02
1.000000000000000000e+01 7.200000000000000000e+01
1.100000000000000000e+01 2.800000000000000000e+01
1.200000000000000000e+01 1.200000000000000000e+01
1.300000000000000000e+01 1.000000000000000000e+01
1.400000000000000000e+01 2.000000000000000000e+00
1.800000000000000000e+01 1.000000000000000000e+00
1.500000000000000000e+01 1.000000000000000000e+00
2.200000000000000000e+01 1.000000000000000000e+00

1.000000000000000000e+00 3.221303000000000000e+06
2.000000000000000000e+00 1.228500000000000000e+04
3.000000000000000000e+00 5.925000000000000000e+03
4.000000000000000000e+00 3.290000000000000000e+03
5.000000000000000000e+00 1.970000000000000000e+03
6.000000000000000000e+00 1.037000000000000000e+03
7.000000000000000000e+00 5.100000000000000000e+02
8.000000000000000000e+00 2.320000000000000000e+02
9.000000000000000000e+00 1.020000000000000000e+02
1.000000000000000000e+01 4.500000000000000000e+01
1.100000000000000000e+01 1.700000000000000000e+01
1.200000000000000000e+01 5.000000000000000000e+00
1.300000000000000000e+01 5.000000000000000000e+00
1.400000000000000000e+01 1.000000000000000000e+00

1.000000000000000000e+00 3.228337000000000000e+06
2.000000000000000000e+00 1.250200000000000000e+04
3.000000000000000000e+00 5.645000000000000000e+03
4.000000000000000000e+00 3.089000000000000000e+03
5.000000000000000000e+00 1.605000000000000000e+03
6.000000000000000000e+00 7.970000000000000000e+02
7.000000000000000000e+00 3.350000000000000000e+02
8.000000000000000000e+00 1.540000000000000000e+02
9.000000000000000000e+00 6.000000000000000000e+01
1.000000000000000000e+01 2.700000000000000000e+01
1.100000000000000000e+01 1.000000000000000000e+01
1.300000000000000000e+01 2.000000000000000000e+00
1.200000000000000000e+01 2.000000000000000000e+00
1.400000000000000000e+01 1.000000000000000000e+00

1.000000000000000000e+00 3.233294000000000000e+06
2.000000000000000000e+00 1.197800000000000000e+04
3.000000000000000000e+00 5.550000000000000000e+03
4.000000000000000000e+00 2.930000000000000000e+03
5.000000000000000000e+00 1.478000000000000000e+03
6.000000000000000000e+00 6.570000000000000000e+02
7.000000000000000000e+00 2.690000000000000000e+02
8.000000000000000000e+00 9.500000000000000000e+01
9.000000000000000000e+00 2.600000000000000000e+01
1.000000000000000000e+01 9.000000000000000000e+00
1.100000000000000000e+01 5.000000000000000000e+00
1.200000000000000000e+01 1.000000000000000000e+00
1.400000000000000000e+01 1.000000000000000000e+00

1.000000000000000000e+00 3.237832000000000000e+06
2.000000000000000000e+00 1.180100000000000000e+04
3.000000000000000000e+00 5.223000000000000000e+03
4.000000000000000000e+00 2.678000000000000000e+03
5.000000000000000000e+00 1.305000000000000000e+03
6.000000000000000000e+00 5.260000000000000000e+02
7.000000000000000000e+00 2.140000000000000000e+02
8.000000000000000000e+00 8.400000000000000000e+01
9.000000000000000000e+00 3.000000000000000000e+01
1.000000000000000000e+01 3.000000000000000000e+00
1.100000000000000000e+01 2.000000000000000000e+00
1.200000000000000000e+01 1.000000000000000000e+00

1.000000000000000000e+00 3.239249000000000000e+06
2.000000000000000000e+00 1.153500000000000000e+04
3.000000000000000000e+00 5.153000000000000000e+03
4.000000000000000000e+00 2.670000000000000000e+03
5.000000000000000000e+00 1.254000000000000000e+03
6.000000000000000000e+00 5.440000000000000000e+02
7.000000000000000000e+00 1.830000000000000000e+02
8.000000000000000000e+00 6.000000000000000000e+01
9.000000000000000000e+00 2.300000000000000000e+01
1.000000000000000000e+01 4.000000000000000000e+00

1.000000000000000000e+00 3.241194000000000000e+06
2.000000000000000000e+00 1.153100000000000000e+04
3.000000000000000000e+00 5.203000000000000000e+03
4.000000000000000000e+00 2.525000000000000000e+03
5.000000000000000000e+00 1.149000000000000000e+03
6.000000000000000000e+00 4.330000000000000000e+02
7.000000000000000000e+00 1.650000000000000000e+02
8.000000000000000000e+00 4.500000000000000000e+01
9.000000000000000000e+00 1.500000000000000000e+01
1.000000000000000000e+01 2.000000000000000000e+00
1.100000000000000000e+01 2.000000000000000000e+00

1.000000000000000000e+00 3.243757000000000000e+06
2.000000000000000000e+00 1.127200000000000000e+04
3.000000000000000000e+00 4.965000000000000000e+03
4.000000000000000000e+00 2.412000000000000000e+03
5.000000000000000000e+00 1.081000000000000000e+03
6.000000000000000000e+00 3.800000000000000000e+02
7.000000000000000000e+00 1.440000000000000000e+02
8.000000000000000000e+00 4.300000000000000000e+01
9.000000000000000000e+00 1.100000000000000000e+01
1.000000000000000000e+01 2.000000000000000000e+00

1.000000000000000000e+00 3.245704000000000000e+06
2.000000000000000000e+00 1.120400000000000000e+04
3.000000000000000000e+00 4.869000000000000000e+03
4.000000000000000000e+00 2.330000000000000000e+03
5.000000000000000000e+00 9.740000000000000000e+02
6.000000000000000000e+00 3.470000000000000000e+02
7.000000000000000000e+00 9.900000000000000000e+01
8.000000000000000000e+00 2.900000000000000000e+01
9.000000000000000000e+00 6.000000000000000000e+00
1.000000000000000000e+01 3.000000000000000000e+00

