1.000000000000000000e+00 2.824317000000000000e+06
2.000000000000000000e+00 3.401200000000000000e+04
3.000000000000000000e+00 1.499800000000000000e+04
4.000000000000000000e+00 8.760000000000000000e+03
5.000000000000000000e+00 6.152000000000000000e+03
6.000000000000000000e+00 4.849000000000000000e+03
7.000000000000000000e+00 3.971000000000000000e+03
8.000000000000000000e+00 3.435000000000000000e+03
9.000000000000000000e+00 3.098000000000000000e+03
1.000000000000000000e+01 2.640000000000000000e+03
1.100000000000000000e+01 2.308000000000000000e+03
1.200000000000000000e+01 1.971000000000000000e+03
1.300000000000000000e+01 1.689000000000000000e+03
1.400000000000000000e+01 1.373000000000000000e+03
1.500000000000000000e+01 1.134000000000000000e+03
1.600000000000000000e+01 8.800000000000000000e+02
1.700000000000000000e+01 6.290000000000000000e+02
1.800000000000000000e+01 4.760000000000000000e+02
1.900000000000000000e+01 3.310000000000000000e+02
2.000000000000000000e+01 2.390000000000000000e+02
2.100000000000000000e+01 1.340000000000000000e+02
2.200000000000000000e+01 8.600000000000000000e+01
2.300000000000000000e+01 4.000000000000000000e+01
2.400000000000000000e+01 1.900000000000000000e+01
2.500000000000000000e+01 1.100000000000000000e+01
2.700000000000000000e+01 4.000000000000000000e+00
2.800000000000000000e+01 2.000000000000000000e+00
2.600000000000000000e+01 2.000000000000000000e+00

1.000000000000000000e+00 2.866840000000000000e+06
2.000000000000000000e+00 3.557700000000000000e+04
3.000000000000000000e+00 1.546300000000000000e+04
4.000000000000000000e+00 9.011000000000000000e+03
5.000000000000000000e+00 6.176000000000000000e+03
6.000000000000000000e+00 4.817000000000000000e+03
7.000000000000000000e+00 3.728000000000000000e+03
8.000000000000000000e+00 3.132000000000000000e+03
9.000000000000000000e+00 2.743000000000000000e+03
1.000000000000000000e+01 2.351000000000000000e+03
1.100000000000000000e+01 1.953000000000000000e+03
1.200000000000000000e+01 1.674000000000000000e+03
1.300000000000000000e+01 1.339000000000000000e+03
1.400000000000000000e+01 1.085000000000000000e+03
1.500000000000000000e+01 8.510000000000000000e+02
1.600000000000000000e+01 6.320000000000000000e+02
1.700000000000000000e+01 4.630000000000000000e+02
1.800000000000000000e+01 3.130000000000000000e+02
1.900000000000000000e+01 2.120000000000000000e+02
2.000000000000000000e+01 1.320000000000000000e+02
2.100000000000000000e+01 7.700000000000000000e+01
2.200000000000000000e+01 3.700000000000000000e+01
2.300000000000000000e+01 1.500000000000000000e+01
2.400000000000000000e+01 1.100000000000000000e+01
2.700000000000000000e+01 2.000000000000000000e+00
2.500000000000000000e+01 2.000000000000000000e+00
2.600000000000000000e+01 2.000000000000000000e+00
2.800000000000000000e+01 1.000000000000000000e+00

1.000000000000000000e+00 2.896429000000000000e+06
2.000000000000000000e+00 3.697700000000000000e+04
3.000000000000000000e+00 1.570000000000000000e+04
4.000000000000000000e+00 9.130000000000000000e+03
5.000000000000000000e+00 6.110000000000000000e+03
6.000000000000000000e+00 4.600000000000000000e+03
7.000000000000000000e+00 3.696000000000000000e+03
8.000000000000000000e+00 2.992000000000000000e+03
9.000000000000000000e+00 2.388000000000000000e+03
1.000000000000000000e+01 2.095000000000000000e+03
1.100000000000000000e+01 1.652000000000000000e+03
1.200000000000000000e+01 1.406000000000000000e+03
1.300000000000000000e+01 1.158000000000000000e+03
1.400000000000000000e+01 7.990000000000000000e+02
1.500000000000000000e+01 6.440000000000000000e+02
1.600000000000000000e+01 4.850000000000000000e+02
1.700000000000000000e+01 3.790000000000000000e+02
1.800000000000000000e+01 2.140000000000000000e+02
1.900000000000000000e+01 1.400000000000000000e+02
2.000000000000000000e+01 8.200000000000000000e+01
2.100000000000000000e+01 5.600000000000000000e+01
2.200000000000000000e+01 2.700000000000000000e+01
2.300000000000000000e+01 1.200000000000000000e+01
2.500000000000000000e+01 4.000000000000000000e+00
2.400000000000000000e+01 3.000000000000000000e+00
2.600000000000000000e+01 2.000000000000000000e+00
2.800000000000000000e+01 1.000000000000000000e+00

1.000000000000000000e+00 2.924136000000000000e+06
2.000000000000000000e+00 3.817500000000000000e+04
3.000000000000000000e+00 1.629200000000000000e+04
4.000000000000000000e+00 9.342000000000000000e+03
5.000000000000000000e+00 6.333000000000000000e+03
6.000000000000000000e+00 4.385000000000000000e+03
7.000000000000000000e+00 3.338000000000000000e+03
8.000000000000000000e+00 2.610000000000000000e+03
9.000000000000000000e+00 2.213000000000000000e+03
1.000000000000000000e+01 1.789000000000000000e+03
1.100000000000000000e+01 1.332000000000000000e+03
1.200000000000000000e+01 1.068000000000000000e+03
1.300000000000000000e+01 8.600000000000000000e+02
1.400000000000000000e+01 6.850000000000000000e+02
1.500000000000000000e+01 5.140000000000000000e+02
1.600000000000000000e+01 3.480000000000000000e+02
1.700000000000000000e+01 2.540000000000000000e+02
1.800000000000000000e+01 1.640000000000000000e+02
1.900000000000000000e+01 9.700000000000000000e+01
2.000000000000000000e+01 5.800000000000000000e+01
2.100000000000000000e+01 3.200000000000000000e+01
2.200000000000000000e+01 1.600000000000000000e+01
2.300000000000000000e+01 9.000000000000000000e+00
2.500000000000000000e+01 4.000000000000000000e+00
2.400000000000000000e+01 4.000000000000000000e+00
2.600000000000000000e+01 1.000000000000000000e+00

1.000000000000000000e+00 2.959152000000000000e+06
2.000000000000000000e+00 3.886400000000000000e+04
3.000000000000000000e+00 1.584400000000000000e+04
4.000000000000000000e+00 8.814000000000000000e+03
5.000000000000000000e+00 5.630000000000000000e+03
6.000000000000000000e+00 3.951000000000000000e+03
7.000000000000000000e+00 2.990000000000000000e+03
8.000000000000000000e+00 2.346000000000000000e+03
9.000000000000000000e+00 1.953000000000000000e+03
1.000000000000000000e+01 1.517000000000000000e+03
1.100000000000000000e+01 1.147000000000000000e+03
1.200000000000000000e+01 9.260000000000000000e+02
1.300000000000000000e+01 6.530000000000000000e+02
1.400000000000000000e+01 4.870000000000000000e+02
1.500000000000000000e+01 3.780000000000000000e+02
1.600000000000000000e+01 2.470000000000000000e+02
1.700000000000000000e+01 1.740000000000000000e+02
1.800000000000000000e+01 9.500000000000000000e+01
1.900000000000000000e+01 6.200000000000000000e+01
2.000000000000000000e+01 3.400000000000000000e+01
2.100000000000000000e+01 2.300000000000000000e+01
2.200000000000000000e+01 9.000000000000000000e+00
2.300000000000000000e+01 5.000000000000000000e+00
2.400000000000000000e+01 1.000000000000000000e+00
2.700000000000000000e+01 1.000000000000000000e+00

1.000000000000000000e+00 2.979569000000000000e+06
2.000000000000000000e+00 3.989300000000000000e+04
3.000000000000000000e+00 1.571800000000000000e+04
4.000000000000000000e+00 8.690000000000000000e+03
5.000000000000000000e+00 5.574000000000000000e+03
6.000000000000000000e+00 3.901000000000000000e+03
7.000000000000000000e+00 2.805000000000000000e+03
8.000000000000000000e+00 2.203000000000000000e+03
9.000000000000000000e+00 1.660000000000000000e+03
1.000000000000000000e+01 1.250000000000000000e+03
1.100000000000000000e+01 9.770000000000000000e+02
1.200000000000000000e+01 7.370000000000000000e+02
1.300000000000000000e+01 5.270000000000000000e+02
1.400000000000000000e+01 3.730000000000000000e+02
1.500000000000000000e+01 2.540000000000000000e+02
1.600000000000000000e+01 1.790000000000000000e+02
1.700000000000000000e+01 9.400000000000000000e+01
1.800000000000000000e+01 7.200000000000000000e+01
1.900000000000000000e+01 3.900000000000000000e+01
2.000000000000000000e+01 2.300000000000000000e+01
2.100000000000000000e+01 1.000000000000000000e+01
2.300000000000000000e+01 3.000000000000000000e+00
2.200000000000000000e+01 2.000000000000000000e+00

1.000000000000000000e+00 3.002896000000000000e+06
2.000000000000000000e+00 3.963000000000000000e+04
3.000000000000000000e+00 1.560900000000000000e+04
4.000000000000000000e+00 8.522000000000000000e+03
5.000000000000000000e+00 5.213000000000000000e+03
6.000000000000000000e+00 3.462000000000000000e+03
7.000000000000000000e+00 2.545000000000000000e+03
8.000000000000000000e+00 1.861000000000000000e+03
9.000000000000000000e+00 1.448000000000000000e+03
1.000000000000000000e+01 1.085000000000000000e+03
1.100000000000000000e+01 7.810000000000000000e+02
1.200000000000000000e+01 5.810000000000000000e+02
1.300000000000000000e+01 4.300000000000000000e+02
1.400000000000000000e+01 3.050000000000000000e+02
1.500000000000000000e+01 2.070000000000000000e+02
1.600000000000000000e+01 1.270000000000000000e+02
1.700000000000000000e+01 6.800000000000000000e+01
1.800000000000000000e+01 4.500000000000000000e+01
1.900000000000000000e+01 3.000000000000000000e+01
2.000000000000000000e+01 1.200000000000000000e+01
2.100000000000000000e+01 5.000000000000000000e+00
2.200000000000000000e+01 3.000000000000000000e+00

1.000000000000000000e+00 3.014910000000000000e+06
2.000000000000000000e+00 4.008500000000000000e+04
3.000000000000000000e+00 1.542000000000000000e+04
4.000000000000000000e+00 8.171000000000000000e+03
5.000000000000000000e+00 4.941000000000000000e+03
6.000000000000000000e+00 3.305000000000000000e+03
7.000000000000000000e+00 2.340000000000000000e+03
8.000000000000000000e+00 1.762000000000000000e+03
9.000000000000000000e+00 1.328000000000000000e+03
1.000000000000000000e+01 1.036000000000000000e+03
1.100000000000000000e+01 7.210000000000000000e+02
1.200000000000000000e+01 4.910000000000000000e+02
1.300000000000000000e+01 3.590000000000000000e+02
1.400000000000000000e+01 2.710000000000000000e+02
1.500000000000000000e+01 1.750000000000000000e+02
1.600000000000000000e+01 1.090000000000000000e+02
1.700000000000000000e+01 5.500000000000000000e+01
1.800000000000000000e+01 3.000000000000000000e+01
1.900000000000000000e+01 1.300000000000000000e+01
2.100000000000000000e+01 6.000000000000000000e+00
2.000000000000000000e+01 3.000000000000000000e+00
2.200000000000000000e+01 2.000000000000000000e+00
2.500000000000000000e+01 1.000000000000000000e+00
2.300000000000000000e+01 1.000000000000000000e+00

1.000000000000000000e+00 3.034222000000000000e+06
2.000000000000000000e+00 3.900400000000000000e+04
3.000000000000000000e+00 1.462800000000000000e+04
4.000000000000000000e+00 7.994000000000000000e+03
5.000000000000000000e+00 4.680000000000000000e+03
6.000000000000000000e+00 3.016000000000000000e+03
7.000000000000000000e+00 2.207000000000000000e+03
8.000000000000000000e+00 1.565000000000000000e+03
9.000000000000000000e+00 1.144000000000000000e+03
1.000000000000000000e+01 8.510000000000000000e+02
1.100000000000000000e+01 5.940000000000000000e+02
1.200000000000000000e+01 4.440000000000000000e+02
1.300000000000000000e+01 3.220000000000000000e+02
1.400000000000000000e+01 1.950000000000000000e+02
1.500000000000000000e+01 1.180000000000000000e+02
1.600000000000000000e+01 8.500000000000000000e+01
1.700000000000000000e+01 4.400000000000000000e+01
1.800000000000000000e+01 2.800000000000000000e+01
1.900000000000000000e+01 1.200000000000000000e+01
2.000000000000000000e+01 5.000000000000000000e+00
2.100000000000000000e+01 5.000000000000000000e+00
2.300000000000000000e+01 2.000000000000000000e+00

1.000000000000000000e+00 3.049449000000000000e+06
2.000000000000000000e+00 3.964400000000000000e+04
3.000000000000000000e+00 1.443300000000000000e+04
4.000000000000000000e+00 7.660000000000000000e+03
5.000000000000000000e+00 4.346000000000000000e+03
6.000000000000000000e+00 2.793000000000000000e+03
7.000000000000000000e+00 2.032000000000000000e+03
8.000000000000000000e+00 1.489000000000000000e+03
9.000000000000000000e+00 9.060000000000000000e+02
1.000000000000000000e+01 6.820000000000000000e+02
1.100000000000000000e+01 4.630000000000000000e+02
1.200000000000000000e+01 3.620000000000000000e+02
1.300000000000000000e+01 2.300000000000000000e+02
1.400000000000000000e+01 1.550000000000000000e+02
1.500000000000000000e+01 8.700000000000000000e+01
1.600000000000000000e+01 5.900000000000000000e+01
1.700000000000000000e+01 2.200000000000000000e+01
1.800000000000000000e+01 1.000000000000000000e+01
1.900000000000000000e+01 6.000000000000000000e+00
2.100000000000000000e+01 4.000000000000000000e+00
2.000000000000000000e+01 3.000000000000000000e+00
2.200000000000000000e+01 2.000000000000000000e+00
2.400000000000000000e+01 1.000000000000000000e+00

1.000000000000000000e+00 3.069486000000000000e+06
2.000000000000000000e+00 3.761000000000000000e+04
3.000000000000000000e+00 1.406500000000000000e+04
4.000000000000000000e+00 7.027000000000000000e+03
5.000000000000000000e+00 4.061000000000000000e+03
6.000000000000000000e+00 2.667000000000000000e+03
7.000000000000000000e+00 1.848000000000000000e+03
8.000000000000000000e+00 1.236000000000000000e+03
9.000000000000000000e+00 8.520000000000000000e+02
1.000000000000000000e+01 6.120000000000000000e+02
1.100000000000000000e+01 3.900000000000000000e+02
1.200000000000000000e+01 2.550000000000000000e+02
1.300000000000000000e+01 1.390000000000000000e+02
1.400000000000000000e+01 9.000000000000000000e+01
1.500000000000000000e+01 4.200000000000000000e+01
1.600000000000000000e+01 3.300000000000000000e+01
1.700000000000000000e+01 1.300000000000000000e+01
1.800000000000000000e+01 1.000000000000000000e+01
1.900000000000000000e+01 4.000000000000000000e+00
2.000000000000000000e+01 1.000000000000000000e+00

1.000000000000000000e+00 3.078176000000000000e+06
2.000000000000000000e+00 3.664300000000000000e+04
3.000000000000000000e+00 1.362400000000000000e+04
4.000000000000000000e+00 7.127000000000000000e+03
5.000000000000000000e+00 3.983000000000000000e+03
6.000000000000000000e+00 2.439000000000000000e+03
7.000000000000000000e+00 1.717000000000000000e+03
8.000000000000000000e+00 1.128000000000000000e+03
9.000000000000000000e+00 8.000000000000000000e+02
1.000000000000000000e+01 5.390000000000000000e+02
1.100000000000000000e+01 3.700000000000000000e+02
1.200000000000000000e+01 2.270000000000000000e+02
1.300000000000000000e+01 1.110000000000000000e+02
1.400000000000000000e+01 1.010000000000000000e+02
1.500000000000000000e+01 4.600000000000000000e+01
1.600000000000000000e+01 2.200000000000000000e+01
1.700000000000000000e+01 8.000000000000000000e+00
1.800000000000000000e+01 5.000000000000000000e+00
1.900000000000000000e+01 3.000000000000000000e+00

1.000000000000000000e+00 3.095442000000000000e+06
2.000000000000000000e+00 3.520700000000000000e+04
3.000000000000000000e+00 1.319600000000000000e+04
4.000000000000000000e+00 6.593000000000000000e+03
5.000000000000000000e+00 3.599000000000000000e+03
6.000000000000000000e+00 2.230000000000000000e+03
7.000000000000000000e+00 1.489000000000000000e+03
8.000000000000000000e+00 1.026000000000000000e+03
9.000000000000000000e+00 6.410000000000000000e+02
1.000000000000000000e+01 4.450000000000000000e+02
1.100000000000000000e+01 2.620000000000000000e+02
1.200000000000000000e+01 1.650000000000000000e+02
1.300000000000000000e+01 1.010000000000000000e+02
1.400000000000000000e+01 5.700000000000000000e+01
1.500000000000000000e+01 3.300000000000000000e+01
1.600000000000000000e+01 1.500000000000000000e+01
1.800000000000000000e+01 6.000000000000000000e+00
1.700000000000000000e+01 5.000000000000000000e+00
1.900000000000000000e+01 2.000000000000000000e+00
2.000000000000000000e+01 1.000000000000000000e+00

1.000000000000000000e+00 3.114190000000000000e+06
2.000000000000000000e+00 3.426900000000000000e+04
3.000000000000000000e+00 1.218600000000000000e+04
4.000000000000000000e+00 5.991000000000000000e+03
5.000000000000000000e+00 3.214000000000000000e+03
6.000000000000000000e+00 1.924000000000000000e+03
7.000000000000000000e+00 1.242000000000000000e+03
8.000000000000000000e+00 7.980000000000000000e+02
9.000000000000000000e+00 4.890000000000000000e+02
1.000000000000000000e+01 3.710000000000000000e+02
1.100000000000000000e+01 2.220000000000000000e+02
1.200000000000000000e+01 1.290000000000000000e+02
1.300000000000000000e+01 7.900000000000000000e+01
1.400000000000000000e+01 2.800000000000000000e+01
1.500000000000000000e+01 1.900000000000000000e+01
1.600000000000000000e+01 8.000000000000000000e+00
1.800000000000000000e+01 3.000000000000000000e+00
1.700000000000000000e+01 3.000000000000000000e+00
2.000000000000000000e+01 1.000000000000000000e+00

1.000000000000000000e+00 3.122647000000000000e+06
2.000000000000000000e+00 3.326200000000000000e+04
3.000000000000000000e+00 1.180700000000000000e+04
4.000000000000000000e+00 5.766000000000000000e+03
5.000000000000000000e+00 2.943000000000000000e+03
6.000000000000000000e+00 1.756000000000000000e+03
7.000000000000000000e+00 1.150000000000000000e+03
8.000000000000000000e+00 7.250000000000000000e+02
9.000000000000000000e+00 4.990000000000000000e+02
1.000000000000000000e+01 3.150000000000000000e+02
1.100000000000000000e+01 2.090000000000000000e+02
1.200000000000000000e+01 1.290000000000000000e+02
1.300000000000000000e+01 6.700000000000000000e+01
1.400000000000000000e+01 3.400000000000000000e+01
1.500000000000000000e+01 1.400000000000000000e+01
1.600000000000000000e+01 7.000000000000000000e+00
1.700000000000000000e+01 4.000000000000000000e+00
1.800000000000000000e+01 1.000000000000000000e+00

1.000000000000000000e+00 3.131649000000000000e+06
2.000000000000000000e+00 3.200100000000000000e+04
3.000000000000000000e+00 1.145000000000000000e+04
4.000000000000000000e+00 5.373000000000000000e+03
5.000000000000000000e+00 2.856000000000000000e+03
6.000000000000000000e+00 1.671000000000000000e+03
7.000000000000000000e+00 1.032000000000000000e+03
8.000000000000000000e+00 6.980000000000000000e+02
9.000000000000000000e+00 4.240000000000000000e+02
1.000000000000000000e+01 2.780000000000000000e+02
1.100000000000000000e+01 1.880000000000000000e+02
1.200000000000000000e+01 9.400000000000000000e+01
1.300000000000000000e+01 5.800000000000000000e+01
1.400000000000000000e+01 2.900000000000000000e+01
1.500000000000000000e+01 1.500000000000000000e+01
1.600000000000000000e+01 8.000000000000000000e+00
1.800000000000000000e+01 3.000000000000000000e+00
1.700000000000000000e+01 2.000000000000000000e+00

1.000000000000000000e+00 3.139411000000000000e+06
2.000000000000000000e+00 3.144500000000000000e+04
3.000000000000000000e+00 1.078300000000000000e+04
4.000000000000000000e+00 5.018000000000000000e+03
5.000000000000000000e+00 2.636000000000000000e+03
6.000000000000000000e+00 1.583000000000000000e+03
7.000000000000000000e+00 1.000000000000000000e+03
8.000000000000000000e+00 6.210000000000000000e+02
9.000000000000000000e+00 4.380000000000000000e+02
1.000000000000000000e+01 2.400000000000000000e+02
1.100000000000000000e+01 1.550000000000000000e+02
1.200000000000000000e+01 1.170000000000000000e+02
1.300000000000000000e+01 3.100000000000000000e+01
1.400000000000000000e+01 2.700000000000000000e+01
1.500000000000000000e+01 1.100000000000000000e+01
1.600000000000000000e+01 1.000000000000000000e+01
2.000000000000000000e+01 2.000000000000000000e+00
1.800000000000000000e+01 1.000000000000000000e+00
1.700000000000000000e+01 1.000000000000000000e+00

1.000000000000000000e+00 3.159437000000000000e+06
2.000000000000000000e+00 2.931500000000000000e+04
3.000000000000000000e+00 9.657000000000000000e+03
4.000000000000000000e+00 4.239000000000000000e+03
5.000000000000000000e+00 2.237000000000000000e+03
6.000000000000000000e+00 1.247000000000000000e+03
7.000000000000000000e+00 8.520000000000000000e+02
8.000000000000000000e+00 5.060000000000000000e+02
9.000000000000000000e+00 3.110000000000000000e+02
1.000000000000000000e+01 1.810000000000000000e+02
1.100000000000000000e+01 1.160000000000000000e+02
1.200000000000000000e+01 5.700000000000000000e+01
1.300000000000000000e+01 2.700000000000000000e+01
1.400000000000000000e+01 1.200000000000000000e+01
1.500000000000000000e+01 9.000000000000000000e+00
1.700000000000000000e+01 2.000000000000000000e+00
1.600000000000000000e+01 2.000000000000000000e+00
1.800000000000000000e+01 1.000000000000000000e+00
2.000000000000000000e+01 1.000000000000000000e+00

1.000000000000000000e+00 3.175760000000000000e+06
2.000000000000000000e+00 2.794500000000000000e+04
3.000000000000000000e+00 8.945000000000000000e+03
4.000000000000000000e+00 3.753000000000000000e+03
5.000000000000000000e+00 1.800000000000000000e+03
6.000000000000000000e+00 1.008000000000000000e+03
7.000000000000000000e+00 5.410000000000000000e+02
8.000000000000000000e+00 3.870000000000000000e+02
9.000000000000000000e+00 2.020000000000000000e+02
1.000000000000000000e+01 1.070000000000000000e+02
1.100000000000000000e+01 6.900000000000000000e+01
1.200000000000000000e+01 3.900000000000000000e+01
1.300000000000000000e+01 2.000000000000000000e+01
1.400000000000000000e+01 5.000000000000000000e+00
1.600000000000000000e+01 4.000000000000000000e+00
1.500000000000000000e+01 3.000000000000000000e+00
1.800000000000000000e+01 1.000000000000000000e+00

1.000000000000000000e+00 3.191125000000000000e+06
2.000000000000000000e+00 2.599700000000000000e+04
3.000000000000000000e+00 8.104000000000000000e+03
4.000000000000000000e+00 3.170000000000000000e+03
5.000000000000000000e+00 1.543000000000000000e+03
6.000000000000000000e+00 7.880000000000000000e+02
7.000000000000000000e+00 4.080000000000000000e+02
8.000000000000000000e+00 2.360000000000000000e+02
9.000000000000000000e+00 1.210000000000000000e+02
1.000000000000000000e+01 6.700000000000000000e+01
1.100000000000000000e+01 3.800000000000000000e+01
1.200000000000000000e+01 2.300000000000000000e+01
1.300000000000000000e+01 1.000000000000000000e+01
1.400000000000000000e+01 4.000000000000000000e+00
1.500000000000000000e+01 2.000000000000000000e+00
1.700000000000000000e+01 1.000000000000000000e+00
1.600000000000000000e+01 1.000000000000000000e+00

1.000000000000000000e+00 3.202075000000000000e+06
2.000000000000000000e+00 2.402100000000000000e+04
3.000000000000000000e+00 7.209000000000000000e+03
4.000000000000000000e+00 2.829000000000000000e+03
5.000000000000000000e+00 1.300000000000000000e+03
6.000000000000000000e+00 6.720000000000000000e+02
7.000000000000000000e+00 3.500000000000000000e+02
8.000000000000000000e+00 2.210000000000000000e+02
9.000000000000000000e+00 1.120000000000000000e+02
1.000000000000000000e+01 5.200000000000000000e+01
1.100000000000000000e+01 2.900000000000000000e+01
1.200000000000000000e+01 1.300000000000000000e+01
1.300000000000000000e+01 9.000000000000000000e+00
1.400000000000000000e+01 5.000000000000000000e+00

1.000000000000000000e+00 3.207195000000000000e+06
2.000000000000000000e+00 2.324100000000000000e+04
3.000000000000000000e+00 6.712000000000000000e+03
4.000000000000000000e+00 2.717000000000000000e+03
5.000000000000000000e+00 1.248000000000000000e+03
6.000000000000000000e+00 5.950000000000000000e+02
7.000000000000000000e+00 3.460000000000000000e+02
8.000000000000000000e+00 1.820000000000000000e+02
9.000000000000000000e+00 8.000000000000000000e+01
1.000000000000000000e+01 4.600000000000000000e+01
1.100000000000000000e+01 2.200000000000000000e+01
1.200000000000000000e+01 8.000000000000000000e+00
1.300000000000000000e+01 4.000000000000000000e+00
1.500000000000000000e+01 2.000000000000000000e+00
1.400000000000000000e+01 1.000000000000000000e+00
1.700000000000000000e+01 1.000000000000000000e+00

1.000000000000000000e+00 3.211234000000000000e+06
2.000000000000000000e+00 2.254900000000000000e+04
3.000000000000000000e+00 6.660000000000000000e+03
4.000000000000000000e+00 2.487000000000000000e+03
5.000000000000000000e+00 1.148000000000000000e+03
6.000000000000000000e+00 5.490000000000000000e+02
7.000000000000000000e+00 3.270000000000000000e+02
8.000000000000000000e+00 1.500000000000000000e+02
9.000000000000000000e+00 6.100000000000000000e+01
1.000000000000000000e+01 3.800000000000000000e+01
1.100000000000000000e+01 1.400000000000000000e+01
1.200000000000000000e+01 5.000000000000000000e+00
1.600000000000000000e+01 2.000000000000000000e+00
1.300000000000000000e+01 1.000000000000000000e+00
1.400000000000000000e+01 1.000000000000000000e+00
1.500000000000000000e+01 1.000000000000000000e+00

1.000000000000000000e+00 3.221638000000000000e+06
2.000000000000000000e+00 2.030100000000000000e+04
3.000000000000000000e+00 5.829000000000000000e+03
4.000000000000000000e+00 2.255000000000000000e+03
5.000000000000000000e+00 9.570000000000000000e+02
6.000000000000000000e+00 4.960000000000000000e+02
7.000000000000000000e+00 2.160000000000000000e+02
8.000000000000000000e+00 1.190000000000000000e+02
9.000000000000000000e+00 5.900000000000000000e+01
1.000000000000000000e+01 2.400000000000000000e+01
1.100000000000000000e+01 1.200000000000000000e+01
1.200000000000000000e+01 7.000000000000000000e+00
1.400000000000000000e+01 2.000000000000000000e+00
1.300000000000000000e+01 1.000000000000000000e+00

1.000000000000000000e+00 3.224614000000000000e+06
2.000000000000000000e+00 1.973000000000000000e+04
3.000000000000000000e+00 5.572000000000000000e+03
4.000000000000000000e+00 2.184000000000000000e+03
5.000000000000000000e+00 9.290000000000000000e+02
6.000000000000000000e+00 4.600000000000000000e+02
7.000000000000000000e+00 2.010000000000000000e+02
8.000000000000000000e+00 1.000000000000000000e+02
9.000000000000000000e+00 5.400000000000000000e+01
1.000000000000000000e+01 1.700000000000000000e+01
1.100000000000000000e+01 8.000000000000000000e+00
1.200000000000000000e+01 3.000000000000000000e+00
1.300000000000000000e+01 3.000000000000000000e+00
1.400000000000000000e+01 2.000000000000000000e+00
1.500000000000000000e+01 1.000000000000000000e+00

1.000000000000000000e+00 3.229409000000000000e+06
2.000000000000000000e+00 1.900700000000000000e+04
3.000000000000000000e+00 5.397000000000000000e+03
4.000000000000000000e+00 1.896000000000000000e+03
5.000000000000000000e+00 8.050000000000000000e+02
6.000000000000000000e+00 3.660000000000000000e+02
7.000000000000000000e+00 1.820000000000000000e+02
8.000000000000000000e+00 8.500000000000000000e+01
9.000000000000000000e+00 3.100000000000000000e+01
1.000000000000000000e+01 1.700000000000000000e+01
1.100000000000000000e+01 8.000000000000000000e+00
1.200000000000000000e+01 4.000000000000000000e+00
1.300000000000000000e+01 1.000000000000000000e+00
1.400000000000000000e+01 1.000000000000000000e+00
1.500000000000000000e+01 1.000000000000000000e+00

1.000000000000000000e+00 3.236114000000000000e+06
2.000000000000000000e+00 1.809600000000000000e+04
3.000000000000000000e+00 4.757000000000000000e+03
4.000000000000000000e+00 1.630000000000000000e+03
5.000000000000000000e+00 6.670000000000000000e+02
6.000000000000000000e+00 2.800000000000000000e+02
7.000000000000000000e+00 1.360000000000000000e+02
8.000000000000000000e+00 6.000000000000000000e+01
9.000000000000000000e+00 3.100000000000000000e+01
1.000000000000000000e+01 1.200000000000000000e+01
1.100000000000000000e+01 3.000000000000000000e+00
1.200000000000000000e+01 2.000000000000000000e+00

1.000000000000000000e+00 2.767581000000000000e+06
2.000000000000000000e+00 3.239200000000000000e+04
3.000000000000000000e+00 1.399200000000000000e+04
4.000000000000000000e+00 8.170000000000000000e+03
5.000000000000000000e+00 5.898000000000000000e+03
6.000000000000000000e+00 4.616000000000000000e+03
7.000000000000000000e+00 3.868000000000000000e+03
8.000000000000000000e+00 3.489000000000000000e+03
9.000000000000000000e+00 3.293000000000000000e+03
1.000000000000000000e+01 2.887000000000000000e+03
1.100000000000000000e+01 2.674000000000000000e+03
1.200000000000000000e+01 2.478000000000000000e+03
1.300000000000000000e+01 2.122000000000000000e+03
1.400000000000000000e+01 1.849000000000000000e+03
1.500000000000000000e+01 1.582000000000000000e+03
1.600000000000000000e+01 1.271000000000000000e+03
1.700000000000000000e+01 1.029000000000000000e+03
1.800000000000000000e+01 7.530000000000000000e+02
1.900000000000000000e+01 5.780000000000000000e+02
2.000000000000000000e+01 4.070000000000000000e+02
2.100000000000000000e+01 2.560000000000000000e+02
2.200000000000000000e+01 1.830000000000000000e+02
2.300000000000000000e+01 1.130000000000000000e+02
2.400000000000000000e+01 5.900000000000000000e+01
2.500000000000000000e+01 4.500000000000000000e+01
2.600000000000000000e+01 1.300000000000000000e+01
2.700000000000000000e+01 9.000000000000000000e+00
2.900000000000000000e+01 4.000000000000000000e+00
2.800000000000000000e+01 4.000000000000000000e+00
3.000000000000000000e+01 3.000000000000000000e+00

1.000000000000000000e+00 2.791805000000000000e+06
2.000000000000000000e+00 3.398100000000000000e+04
3.000000000000000000e+00 1.469500000000000000e+04
4.000000000000000000e+00 8.586000000000000000e+03
5.000000000000000000e+00 6.025000000000000000e+03
6.000000000000000000e+00 4.641000000000000000e+03
7.000000000000000000e+00 3.901000000000000000e+03
8.000000000000000000e+00 3.427000000000000000e+03
9.000000000000000000e+00 3.040000000000000000e+03
1.000000000000000000e+01 2.630000000000000000e+03
1.100000000000000000e+01 2.524000000000000000e+03
1.200000000000000000e+01 2.280000000000000000e+03
1.300000000000000000e+01 1.968000000000000000e+03
1.400000000000000000e+01 1.662000000000000000e+03
1.500000000000000000e+01 1.403000000000000000e+03
1.600000000000000000e+01 1.098000000000000000e+03
1.700000000000000000e+01 8.660000000000000000e+02
1.800000000000000000e+01 6.290000000000000000e+02
1.900000000000000000e+01 4.550000000000000000e+02
2.000000000000000000e+01 3.190000000000000000e+02
2.100000000000000000e+01 2.130000000000000000e+02
2.200000000000000000e+01 1.270000000000000000e+02
2.300000000000000000e+01 8.000000000000000000e+01
2.400000000000000000e+01 5.000000000000000000e+01
2.500000000000000000e+01 2.400000000000000000e+01
2.600000000000000000e+01 1.600000000000000000e+01
2.700000000000000000e+01 9.000000000000000000e+00
2.800000000000000000e+01 6.000000000000000000e+00
2.900000000000000000e+01 2.000000000000000000e+00

1.000000000000000000e+00 2.819223000000000000e+06
2.000000000000000000e+00 3.534400000000000000e+04
3.000000000000000000e+00 1.511100000000000000e+04
4.000000000000000000e+00 8.819000000000000000e+03
5.000000000000000000e+00 6.052000000000000000e+03
6.000000000000000000e+00 4.531000000000000000e+03
7.000000000000000000e+00 3.813000000000000000e+03
8.000000000000000000e+00 3.311000000000000000e+03
9.000000000000000000e+00 2.859000000000000000e+03
1.000000000000000000e+01 2.533000000000000000e+03
1.100000000000000000e+01 2.312000000000000000e+03
1.200000000000000000e+01 2.055000000000000000e+03
1.300000000000000000e+01 1.708000000000000000e+03
1.400000000000000000e+01 1.441000000000000000e+03
1.500000000000000000e+01 1.159000000000000000e+03
1.600000000000000000e+01 9.220000000000000000e+02
1.700000000000000000e+01 7.410000000000000000e+02
1.800000000000000000e+01 4.850000000000000000e+02
1.900000000000000000e+01 3.860000000000000000e+02
2.000000000000000000e+01 2.630000000000000000e+02
2.100000000000000000e+01 1.500000000000000000e+02
2.200000000000000000e+01 1.170000000000000000e+02
2.300000000000000000e+01 6.200000000000000000e+01
2.400000000000000000e+01 4.600000000000000000e+01
2.500000000000000000e+01 2.100000000000000000e+01
2.600000000000000000e+01 8.000000000000000000e+00
2.700000000000000000e+01 5.000000000000000000e+00
2.800000000000000000e+01 3.000000000000000000e+00
2.900000000000000000e+01 1.000000000000000000e+00
3.100000000000000000e+01 1.000000000000000000e+00

1.000000000000000000e+00 2.844681000000000000e+06
2.000000000000000000e+00 3.627900000000000000e+04
3.000000000000000000e+00 1.553400000000000000e+04
4.000000000000000000e+00 9.015000000000000000e+03
5.000000000000000000e+00 6.143000000000000000e+03
6.000000000000000000e+00 4.766000000000000000e+03
7.000000000000000000e+00 3.730000000000000000e+03
8.000000000000000000e+00 3.147000000000000000e+03
9.000000000000000000e+00 2.760000000000000000e+03
1.000000000000000000e+01 2.404000000000000000e+03
1.100000000000000000e+01 2.104000000000000000e+03
1.200000000000000000e+01 1.800000000000000000e+03
1.300000000000000000e+01 1.486000000000000000e+03
1.400000000000000000e+01 1.180000000000000000e+03
1.500000000000000000e+01 9.500000000000000000e+02
1.600000000000000000e+01 7.690000000000000000e+02
1.700000000000000000e+01 5.940000000000000000e+02
1.800000000000000000e+01 4.260000000000000000e+02
1.900000000000000000e+01 2.830000000000000000e+02
2.000000000000000000e+01 1.950000000000000000e+02
2.100000000000000000e+01 1.250000000000000000e+02
2.200000000000000000e+01 7.000000000000000000e+01
2.300000000000000000e+01 3.700000000000000000e+01
2.400000000000000000e+01 2.600000000000000000e+01
2.500000000000000000e+01 1.800000000000000000e+01
2.600000000000000000e+01 5.000000000000000000e+00
2.800000000000000000e+01 3.000000000000000000e+00
2.700000000000000000e+01 3.000000000000000000e+00
2.900000000000000000e+01 2.000000000000000000e+00

1.000000000000000000e+00 2.878323000000000000e+06
2.000000000000000000e+00 3.713600000000000000e+04
3.000000000000000000e+00 1.602000000000000000e+04
4.000000000000000000e+00 8.924000000000000000e+03
5.000000000000000000e+00 6.198000000000000000e+03
6.000000000000000000e+00 4.527000000000000000e+03
7.000000000000000000e+00 3.521000000000000000e+03
8.000000000000000000e+00 2.998000000000000000e+03
9.000000000000000000e+00 2.450000000000000000e+03
1.000000000000000000e+01 2.156000000000000000e+03
1.100000000000000000e+01 1.812000000000000000e+03
1.200000000000000000e+01 1.556000000000000000e+03
1.300000000000000000e+01 1.188000000000000000e+03
1.400000000000000000e+01 1.010000000000000000e+03
1.500000000000000000e+01 7.330000000000000000e+02
1.600000000000000000e+01 5.960000000000000000e+02
1.700000000000000000e+01 4.310000000000000000e+02
1.800000000000000000e+01 3.010000000000000000e+02
1.900000000000000000e+01 2.130000000000000000e+02
2.000000000000000000e+01 1.580000000000000000e+02
2.100000000000000000e+01 8.200000000000000000e+01
2.200000000000000000e+01 6.700000000000000000e+01
2.300000000000000000e+01 2.900000000000000000e+01
2.400000000000000000e+01 1.600000000000000000e+01
2.500000000000000000e+01 6.000000000000000000e+00
2.700000000000000000e+01 3.000000000000000000e+00
2.600000000000000000e+01 3.000000000000000000e+00
2.900000000000000000e+01 1.000000000000000000e+00

1.000000000000000000e+00 2.908585000000000000e+06
2.000000000000000000e+00 3.771300000000000000e+04
3.000000000000000000e+00 1.617800000000000000e+04
4.000000000000000000e+00 8.996000000000000000e+03
5.000000000000000000e+00 5.984000000000000000e+03
6.000000000000000000e+00 4.398000000000000000e+03
7.000000000000000000e+00 3.336000000000000000e+03
8.000000000000000000e+00 2.718000000000000000e+03
9.000000000000000000e+00 2.282000000000000000e+03
1.000000000000000000e+01 1.828000000000000000e+03
1.100000000000000000e+01 1.454000000000000000e+03
1.200000000000000000e+01 1.234000000000000000e+03
1.300000000000000000e+01 9.680000000000000000e+02
1.400000000000000000e+01 7.820000000000000000e+02
1.500000000000000000e+01 6.520000000000000000e+02
1.600000000000000000e+01 4.880000000000000000e+02
1.700000000000000000e+01 3.240000000000000000e+02
1.800000000000000000e+01 2.580000000000000000e+02
1.900000000000000000e+01 1.640000000000000000e+02
2.000000000000000000e+01 1.040000000000000000e+02
2.100000000000000000e+01 6.900000000000000000e+01
2.200000000000000000e+01 5.300000000000000000e+01
2.300000000000000000e+01 2.800000000000000000e+01
2.400000000000000000e+01 1.600000000000000000e+01
2.600000000000000000e+01 6.000000000000000000e+00
2.500000000000000000e+01 5.000000000000000000e+00
2.700000000000000000e+01 1.000000000000000000e+00
2.800000000000000000e+01 1.000000000000000000e+00

1.000000000000000000e+00 2.929728000000000000e+06
2.000000000000000000e+00 3.819800000000000000e+04
3.000000000000000000e+00 1.614800000000000000e+04
4.000000000000000000e+00 9.017000000000000000e+03
5.000000000000000000e+00 5.792000000000000000e+03
6.000000000000000000e+00 4.157000000000000000e+03
7.000000000000000000e+00 3.099000000000000000e+03
8.000000000000000000e+00 2.463000000000000000e+03
9.000000000000000000e+00 1.980000000000000000e+03
1.000000000000000000e+01 1.572000000000000000e+03
1.100000000000000000e+01 1.349000000000000000e+03
1.200000000000000000e+01 1.068000000000000000e+03
1.300000000000000000e+01 8.850000000000000000e+02
1.400000000000000000e+01 7.030000000000000000e+02
1.500000000000000000e+01 5.300000000000000000e+02
1.600000000000000000e+01 4.180000000000000000e+02
1.700000000000000000e+01 2.910000000000000000e+02
1.800000000000000000e+01 2.230000000000000000e+02
1.900000000000000000e+01 1.310000000000000000e+02
2.000000000000000000e+01 1.000000000000000000e+02
2.100000000000000000e+01 6.400000000000000000e+01
2.200000000000000000e+01 4.500000000000000000e+01
2.300000000000000000e+01 2.200000000000000000e+01
2.400000000000000000e+01 1.200000000000000000e+01
2.500000000000000000e+01 7.000000000000000000e+00
2.600000000000000000e+01 4.000000000000000000e+00
2.800000000000000000e+01 1.000000000000000000e+00

1.000000000000000000e+00 2.957197000000000000e+06
2.000000000000000000e+00 3.819800000000000000e+04
3.000000000000000000e+00 1.560900000000000000e+04
4.000000000000000000e+00 8.522000000000000000e+03
5.000000000000000000e+00 5.237000000000000000e+03
6.000000000000000000e+00 3.700000000000000000e+03
7.000000000000000000e+00 2.833000000000000000e+03
8.000000000000000000e+00 2.219000000000000000e+03
9.000000000000000000e+00 1.756000000000000000e+03
1.000000000000000000e+01 1.445000000000000000e+03
1.100000000000000000e+01 1.192000000000000000e+03
1.200000000000000000e+01 9.350000000000000000e+02
1.300000000000000000e+01 7.000000000000000000e+02
1.400000000000000000e+01 6.390000000000000000e+02
1.500000000000000000e+01 4.390000000000000000e+02
1.600000000000000000e+01 3.540000000000000000e+02
1.700000000000000000e+01 2.670000000000000000e+02
1.800000000000000000e+01 1.820000000000000000e+02
1.900000000000000000e+01 1.270000000000000000e+02
2.000000000000000000e+01 8.600000000000000000e+01
2.100000000000000000e+01 4.900000000000000000e+01
2.200000000000000000e+01 2.800000000000000000e+01
2.300000000000000000e+01 1.600000000000000000e+01
2.400000000000000000e+01 1.200000000000000000e+01
2.500000000000000000e+01 7.000000000000000000e+00
2.600000000000000000e+01 3.000000000000000000e+00
2.700000000000000000e+01 3.000000000000000000e+00
3.000000000000000000e+01 2.000000000000000000e+00

1.000000000000000000e+00 2.985477000000000000e+06
2.000000000000000000e+00 3.859000000000000000e+04
3.000000000000000000e+00 1.516100000000000000e+04
4.000000000000000000e+00 8.017000000000000000e+03
5.000000000000000000e+00 5.082000000000000000e+03
6.000000000000000000e+00 3.421000000000000000e+03
7.000000000000000000e+00 2.571000000000000000e+03
8.000000000000000000e+00 1.915000000000000000e+03
9.000000000000000000e+00 1.530000000000000000e+03
1.000000000000000000e+01 1.197000000000000000e+03
1.100000000000000000e+01 9.790000000000000000e+02
1.200000000000000000e+01 7.690000000000000000e+02
1.300000000000000000e+01 6.280000000000000000e+02
1.400000000000000000e+01 5.020000000000000000e+02
1.500000000000000000e+01 3.490000000000000000e+02
1.600000000000000000e+01 3.050000000000000000e+02
1.700000000000000000e+01 1.860000000000000000e+02
1.800000000000000000e+01 1.170000000000000000e+02
1.900000000000000000e+01 8.600000000000000000e+01
2.000000000000000000e+01 5.400000000000000000e+01
2.100000000000000000e+01 2.900000000000000000e+01
2.200000000000000000e+01 1.800000000000000000e+01
2.400000000000000000e+01 8.000000000000000000e+00
2.300000000000000000e+01 7.000000000000000000e+00
2.500000000000000000e+01 3.000000000000000000e+00
2.700000000000000000e+01 2.000000000000000000e+00
2.600000000000000000e+01 1.000000000000000000e+00

1.000000000000000000e+00 3.013450000000000000e+06
2.000000000000000000e+00 3.820100000000000000e+04
3.000000000000000000e+00 1.496500000000000000e+04
4.000000000000000000e+00 7.868000000000000000e+03
5.000000000000000000e+00 4.621000000000000000e+03
6.000000000000000000e+00 3.150000000000000000e+03
7.000000000000000000e+00 2.200000000000000000e+03
8.000000000000000000e+00 1.769000000000000000e+03
9.000000000000000000e+00 1.345000000000000000e+03
1.000000000000000000e+01 9.930000000000000000e+02
1.100000000000000000e+01 7.670000000000000000e+02
1.200000000000000000e+01 6.320000000000000000e+02
1.300000000000000000e+01 4.770000000000000000e+02
1.400000000000000000e+01 3.360000000000000000e+02
1.500000000000000000e+01 2.410000000000000000e+02
1.600000000000000000e+01 1.890000000000000000e+02
1.700000000000000000e+01 1.170000000000000000e+02
1.800000000000000000e+01 9.800000000000000000e+01
1.900000000000000000e+01 6.000000000000000000e+01
2.000000000000000000e+01 4.200000000000000000e+01
2.100000000000000000e+01 1.700000000000000000e+01
2.200000000000000000e+01 9.000000000000000000e+00
2.300000000000000000e+01 8.000000000000000000e+00
2.400000000000000000e+01 2.000000000000000000e+00
2.600000000000000000e+01 2.000000000000000000e+00
2.700000000000000000e+01 1.000000000000000000e+00
2.500000000000000000e+01 1.000000000000000000e+00

1.000000000000000000e+00 3.031999000000000000e+06
2.000000000000000000e+00 3.857200000000000000e+04
3.000000000000000000e+00 1.427500000000000000e+04
4.000000000000000000e+00 7.590000000000000000e+03
5.000000000000000000e+00 4.376000000000000000e+03
6.000000000000000000e+00 3.019000000000000000e+03
7.000000000000000000e+00 2.097000000000000000e+03
8.000000000000000000e+00 1.560000000000000000e+03
9.000000000000000000e+00 1.127000000000000000e+03
1.000000000000000000e+01 8.690000000000000000e+02
1.100000000000000000e+01 6.530000000000000000e+02
1.200000000000000000e+01 5.260000000000000000e+02
1.300000000000000000e+01 3.810000000000000000e+02
1.400000000000000000e+01 2.740000000000000000e+02
1.500000000000000000e+01 1.770000000000000000e+02
1.600000000000000000e+01 1.440000000000000000e+02
1.700000000000000000e+01 7.800000000000000000e+01
1.800000000000000000e+01 6.200000000000000000e+01
1.900000000000000000e+01 3.800000000000000000e+01
2.000000000000000000e+01 2.800000000000000000e+01
2.100000000000000000e+01 1.200000000000000000e+01
2.300000000000000000e+01 8.000000000000000000e+00
2.200000000000000000e+01 7.000000000000000000e+00
2.600000000000000000e+01 2.000000000000000000e+00
2.500000000000000000e+01 2.000000000000000000e+00
2.700000000000000000e+01 1.000000000000000000e+00

1.000000000000000000e+00 3.056348000000000000e+06
2.000000000000000000e+00 3.724100000000000000e+04
3.000000000000000000e+00 1.406500000000000000e+04
4.000000000000000000e+00 7.242000000000000000e+03
5.000000000000000000e+00 4.059000000000000000e+03
6.000000000000000000e+00 2.663000000000000000e+03
7.000000000000000000e+00 1.854000000000000000e+03
8.000000000000000000e+00 1.305000000000000000e+03
9.000000000000000000e+00 9.330000000000000000e+02
1.000000000000000000e+01 6.990000000000000000e+02
1.100000000000000000e+01 4.950000000000000000e+02
1.200000000000000000e+01 3.800000000000000000e+02
1.300000000000000000e+01 2.600000000000000000e+02
1.400000000000000000e+01 2.060000000000000000e+02
1.500000000000000000e+01 1.600000000000000000e+02
1.600000000000000000e+01 8.100000000000000000e+01
1.700000000000000000e+01 6.700000000000000000e+01
1.800000000000000000e+01 3.900000000000000000e+01
1.900000000000000000e+01 2.300000000000000000e+01
2.000000000000000000e+01 1.600000000000000000e+01
2.100000000000000000e+01 9.000000000000000000e+00
2.200000000000000000e+01 7.000000000000000000e+00
2.300000000000000000e+01 1.000000000000000000e+00

1.000000000000000000e+00 3.079716000000000000e+06
2.000000000000000000e+00 3.569700000000000000e+04
3.000000000000000000e+00 1.312900000000000000e+04
4.000000000000000000e+00 6.524000000000000000e+03
5.000000000000000000e+00 3.595000000000000000e+03
6.000000000000000000e+00 2.357000000000000000e+03
7.000000000000000000e+00 1.597000000000000000e+03
8.000000000000000000e+00 1.121000000000000000e+03
9.000000000000000000e+00 8.090000000000000000e+02
1.000000000000000000e+01 5.600000000000000000e+02
1.100000000000000000e+01 4.260000000000000000e+02
1.200000000000000000e+01 3.010000000000000000e+02
1.300000000000000000e+01 2.020000000000000000e+02
1.400000000000000000e+01 1.630000000000000000e+02
1.500000000000000000e+01 1.080000000000000000e+02
1.600000000000000000e+01 7.700000000000000000e+01
1.700000000000000000e+01 5.200000000000000000e+01
1.800000000000000000e+01 3.000000000000000000e+01
1.900000000000000000e+01 1.800000000000000000e+01
2.000000000000000000e+01 1.200000000000000000e+01
2.100000000000000000e+01 4.000000000000000000e+00
2.200000000000000000e+01 2.000000000000000000e+00
2.300000000000000000e+01 2.000000000000000000e+00
2.400000000000000000e+01 1.000000000000000000e+00

1.000000000000000000e+00 3.106156000000000000e+06
2.000000000000000000e+00 3.374100000000000000e+04
3.000000000000000000e+00 1.181500000000000000e+04
4.000000000000000000e+00 5.950000000000000000e+03
5.000000000000000000e+00 3.137000000000000000e+03
6.000000000000000000e+00 1.982000000000000000e+03
7.000000000000000000e+00 1.276000000000000000e+03
8.000000000000000000e+00 8.890000000000000000e+02
9.000000000000000000e+00 6.180000000000000000e+02
1.000000000000000000e+01 4.180000000000000000e+02
1.100000000000000000e+01 3.520000000000000000e+02
1.200000000000000000e+01 2.210000000000000000e+02
1.300000000000000000e+01 1.480000000000000000e+02
1.400000000000000000e+01 1.240000000000000000e+02
1.500000000000000000e+01 7.600000000000000000e+01
1.600000000000000000e+01 4.400000000000000000e+01
1.700000000000000000e+01 3.300000000000000000e+01
1.800000000000000000e+01 2.700000000000000000e+01
1.900000000000000000e+01 1.400000000000000000e+01
2.000000000000000000e+01 1.300000000000000000e+01
2.100000000000000000e+01 4.000000000000000000e+00
2.400000000000000000e+01 1.000000000000000000e+00
2.300000000000000000e+01 1.000000000000000000e+00
2.200000000000000000e+01 1.000000000000000000e+00

1.000000000000000000e+00 3.146662000000000000e+06
2.000000000000000000e+00 3.050600000000000000e+04
3.000000000000000000e+00 9.645000000000000000e+03
4.000000000000000000e+00 4.587000000000000000e+03
5.000000000000000000e+00 2.279000000000000000e+03
6.000000000000000000e+00 1.456000000000000000e+03
7.000000000000000000e+00 8.820000000000000000e+02
8.000000000000000000e+00 6.020000000000000000e+02
9.000000000000000000e+00 3.990000000000000000e+02
1.000000000000000000e+01 2.380000000000000000e+02
1.100000000000000000e+01 2.180000000000000000e+02
1.200000000000000000e+01 1.420000000000000000e+02
1.300000000000000000e+01 8.700000000000000000e+01
1.400000000000000000e+01 4.600000000000000000e+01
1.600000000000000000e+01 3.300000000000000000e+01
1.500000000000000000e+01 2.400000000000000000e+01
1.700000000000000000e+01 2.300000000000000000e+01
1.800000000000000000e+01 2.000000000000000000e+01
1.900000000000000000e+01 1.100000000000000000e+01
2.000000000000000000e+01 3.000000000000000000e+00
2.200000000000000000e+01 2.000000000000000000e+00
2.100000000000000000e+01 2.000000000000000000e+00
2.800000000000000000e+01 1.000000000000000000e+00
2.300000000000000000e+01 1.000000000000000000e+00
2.900000000000000000e+01 1.000000000000000000e+00

1.000000000000000000e+00 3.175646000000000000e+06
2.000000000000000000e+00 2.772600000000000000e+04
3.000000000000000000e+00 8.154000000000000000e+03
4.000000000000000000e+00 3.682000000000000000e+03
5.000000000000000000e+00 1.921000000000000000e+03
6.000000000000000000e+00 9.930000000000000000e+02
7.000000000000000000e+00 6.060000000000000000e+02
8.000000000000000000e+00 3.600000000000000000e+02
9.000000000000000000e+00 2.060000000000000000e+02
1.000000000000000000e+01 1.620000000000000000e+02
1.100000000000000000e+01 1.020000000000000000e+02
1.200000000000000000e+01 5.100000000000000000e+01
1.300000000000000000e+01 4.700000000000000000e+01
1.400000000000000000e+01 2.800000000000000000e+01
1.500000000000000000e+01 1.600000000000000000e+01
1.700000000000000000e+01 1.100000000000000000e+01
1.600000000000000000e+01 9.000000000000000000e+00
1.800000000000000000e+01 7.000000000000000000e+00
1.900000000000000000e+01 4.000000000000000000e+00
2.300000000000000000e+01 1.000000000000000000e+00
2.000000000000000000e+01 1.000000000000000000e+00

1.000000000000000000e+00 3.198599000000000000e+06
2.000000000000000000e+00 2.476200000000000000e+04
3.000000000000000000e+00 6.995000000000000000e+03
4.000000000000000000e+00 2.871000000000000000e+03
5.000000000000000000e+00 1.328000000000000000e+03
6.000000000000000000e+00 6.880000000000000000e+02
7.000000000000000000e+00 3.770000000000000000e+02
8.000000000000000000e+00 2.290000000000000000e+02
9.000000000000000000e+00 1.400000000000000000e+02
1.000000000000000000e+01 1.080000000000000000e+02
1.100000000000000000e+01 4.800000000000000000e+01
1.200000000000000000e+01 4.500000000000000000e+01
1.300000000000000000e+01 2.700000000000000000e+01
1.600000000000000000e+01 8.000000000000000000e+00
1.500000000000000000e+01 8.000000000000000000e+00
1.400000000000000000e+01 5.000000000000000000e+00
1.700000000000000000e+01 2.000000000000000000e+00
2.000000000000000000e+01 2.000000000000000000e+00
1.800000000000000000e+01 1.000000000000000000e+00

1.000000000000000000e+00 3.206946000000000000e+06
2.000000000000000000e+00 2.372300000000000000e+04
3.000000000000000000e+00 6.341000000000000000e+03
4.000000000000000000e+00 2.650000000000000000e+03
5.000000000000000000e+00 1.170000000000000000e+03
6.000000000000000000e+00 5.980000000000000000e+02
7.000000000000000000e+00 2.950000000000000000e+02
8.000000000000000000e+00 1.780000000000000000e+02
9.000000000000000000e+00 1.250000000000000000e+02
1.000000000000000000e+01 5.700000000000000000e+01
1.100000000000000000e+01 3.700000000000000000e+01
1.200000000000000000e+01 2.800000000000000000e+01
1.300000000000000000e+01 2.100000000000000000e+01
1.400000000000000000e+01 1.100000000000000000e+01
1.500000000000000000e+01 7.000000000000000000e+00
1.700000000000000000e+01 3.000000000000000000e+00
1.900000000000000000e+01 1.000000000000000000e+00
1.800000000000000000e+01 1.000000000000000000e+00

1.000000000000000000e+00 3.218102000000000000e+06
2.000000000000000000e+00 2.170000000000000000e+04
3.000000000000000000e+00 5.621000000000000000e+03
4.000000000000000000e+00 2.251000000000000000e+03
5.000000000000000000e+00 9.860000000000000000e+02
6.000000000000000000e+00 4.900000000000000000e+02
7.000000000000000000e+00 2.560000000000000000e+02
8.000000000000000000e+00 1.280000000000000000e+02
9.000000000000000000e+00 8.200000000000000000e+01
1.000000000000000000e+01 4.300000000000000000e+01
1.100000000000000000e+01 2.700000000000000000e+01
1.200000000000000000e+01 1.900000000000000000e+01
1.300000000000000000e+01 1.000000000000000000e+01
1.400000000000000000e+01 4.000000000000000000e+00
1.800000000000000000e+01 1.000000000000000000e+00
1.600000000000000000e+01 1.000000000000000000e+00
1.500000000000000000e+01 1.000000000000000000e+00
1.700000000000000000e+01 1.000000000000000000e+00

1.000000000000000000e+00 3.226140000000000000e+06
2.000000000000000000e+00 2.090900000000000000e+04
3.000000000000000000e+00 5.166000000000000000e+03
4.000000000000000000e+00 1.864000000000000000e+03
5.000000000000000000e+00 7.850000000000000000e+02
6.000000000000000000e+00 3.770000000000000000e+02
7.000000000000000000e+00 1.620000000000000000e+02
8.000000000000000000e+00 9.300000000000000000e+01
9.000000000000000000e+00 4.400000000000000000e+01
1.000000000000000000e+01 2.900000000000000000e+01
1.100000000000000000e+01 1.600000000000000000e+01
1.300000000000000000e+01 4.000000000000000000e+00
1.400000000000000000e+01 4.000000000000000000e+00
1.200000000000000000e+01 3.000000000000000000e+00
1.700000000000000000e+01 1.000000000000000000e+00

1.000000000000000000e+00 3.230474000000000000e+06
2.000000000000000000e+00 1.983800000000000000e+04
3.000000000000000000e+00 5.038000000000000000e+03
4.000000000000000000e+00 1.710000000000000000e+03
5.000000000000000000e+00 7.260000000000000000e+02
6.000000000000000000e+00 2.970000000000000000e+02
7.000000000000000000e+00 1.480000000000000000e+02
8.000000000000000000e+00 6.900000000000000000e+01
9.000000000000000000e+00 3.400000000000000000e+01
1.000000000000000000e+01 3.000000000000000000e+01
1.100000000000000000e+01 1.000000000000000000e+01
1.300000000000000000e+01 6.000000000000000000e+00
1.200000000000000000e+01 6.000000000000000000e+00
1.400000000000000000e+01 1.000000000000000000e+00
1.600000000000000000e+01 1.000000000000000000e+00

1.000000000000000000e+00 3.233094000000000000e+06
2.000000000000000000e+00 1.966700000000000000e+04
3.000000000000000000e+00 4.616000000000000000e+03
4.000000000000000000e+00 1.645000000000000000e+03
5.000000000000000000e+00 6.220000000000000000e+02
6.000000000000000000e+00 3.010000000000000000e+02
7.000000000000000000e+00 1.440000000000000000e+02
8.000000000000000000e+00 7.000000000000000000e+01
9.000000000000000000e+00 4.200000000000000000e+01
1.000000000000000000e+01 1.400000000000000000e+01
1.100000000000000000e+01 6.000000000000000000e+00
1.200000000000000000e+01 3.000000000000000000e+00
1.300000000000000000e+01 2.000000000000000000e+00
1.400000000000000000e+01 1.000000000000000000e+00

1.000000000000000000e+00 3.240344000000000000e+06
2.000000000000000000e+00 1.809500000000000000e+04
3.000000000000000000e+00 4.117000000000000000e+03
4.000000000000000000e+00 1.398000000000000000e+03
5.000000000000000000e+00 5.340000000000000000e+02
6.000000000000000000e+00 2.400000000000000000e+02
7.000000000000000000e+00 1.060000000000000000e+02
8.000000000000000000e+00 3.400000000000000000e+01
9.000000000000000000e+00 1.600000000000000000e+01
1.000000000000000000e+01 1.300000000000000000e+01
1.100000000000000000e+01 7.000000000000000000e+00
1.200000000000000000e+01 4.000000000000000000e+00

1.000000000000000000e+00 3.242231000000000000e+06
2.000000000000000000e+00 1.770200000000000000e+04
3.000000000000000000e+00 3.984000000000000000e+03
4.000000000000000000e+00 1.326000000000000000e+03
5.000000000000000000e+00 4.740000000000000000e+02
6.000000000000000000e+00 2.180000000000000000e+02
7.000000000000000000e+00 1.000000000000000000e+02
8.000000000000000000e+00 5.400000000000000000e+01
9.000000000000000000e+00 1.800000000000000000e+01
1.000000000000000000e+01 7.000000000000000000e+00
1.100000000000000000e+01 5.000000000000000000e+00
1.200000000000000000e+01 1.000000000000000000e+00

1.000000000000000000e+00 3.246029000000000000e+06
2.000000000000000000e+00 1.693400000000000000e+04
3.000000000000000000e+00 3.647000000000000000e+03
4.000000000000000000e+00 1.246000000000000000e+03
5.000000000000000000e+00 4.130000000000000000e+02
6.000000000000000000e+00 1.620000000000000000e+02
7.000000000000000000e+00 8.000000000000000000e+01
8.000000000000000000e+00 3.400000000000000000e+01
9.000000000000000000e+00 1.000000000000000000e+01
1.100000000000000000e+01 9.000000000000000000e+00
1.000000000000000000e+01 8.000000000000000000e+00
1.300000000000000000e+01 2.000000000000000000e+00
1.400000000000000000e+01 1.000000000000000000e+00

1.000000000000000000e+00 3.248549000000000000e+06
2.000000000000000000e+00 1.612200000000000000e+04
3.000000000000000000e+00 3.498000000000000000e+03
4.000000000000000000e+00 1.160000000000000000e+03
5.000000000000000000e+00 4.040000000000000000e+02
6.000000000000000000e+00 1.730000000000000000e+02
7.000000000000000000e+00 7.200000000000000000e+01
8.000000000000000000e+00 3.100000000000000000e+01
9.000000000000000000e+00 1.200000000000000000e+01
1.000000000000000000e+01 5.000000000000000000e+00
1.200000000000000000e+01 4.000000000000000000e+00
1.100000000000000000e+01 4.000000000000000000e+00
1.300000000000000000e+01 1.000000000000000000e+00

1.000000000000000000e+00 3.250945000000000000e+06
2.000000000000000000e+00 1.572200000000000000e+04
3.000000000000000000e+00 3.318000000000000000e+03
4.000000000000000000e+00 1.043000000000000000e+03
5.000000000000000000e+00 3.650000000000000000e+02
6.000000000000000000e+00 1.460000000000000000e+02
7.000000000000000000e+00 6.000000000000000000e+01
8.000000000000000000e+00 2.100000000000000000e+01
9.000000000000000000e+00 9.000000000000000000e+00
1.000000000000000000e+01 6.000000000000000000e+00
1.400000000000000000e+01 2.000000000000000000e+00
1.500000000000000000e+01 1.000000000000000000e+00
1.200000000000000000e+01 1.000000000000000000e+00

