1.000000000000000000e+00 2.614633000000000000e+06
2.000000000000000000e+00 6.092000000000000000e+03
1.400000000000000000e+01 4.265000000000000000e+03
1.300000000000000000e+01 4.060000000000000000e+03
1.500000000000000000e+01 4.057000000000000000e+03
1.200000000000000000e+01 3.919000000000000000e+03
1.600000000000000000e+01 3.775000000000000000e+03
1.100000000000000000e+01 3.345000000000000000e+03
1.700000000000000000e+01 3.332000000000000000e+03
1.000000000000000000e+01 2.811000000000000000e+03
1.800000000000000000e+01 2.739000000000000000e+03
9.000000000000000000e+00 2.376000000000000000e+03
3.000000000000000000e+00 2.337000000000000000e+03
1.900000000000000000e+01 2.116000000000000000e+03
8.000000000000000000e+00 2.006000000000000000e+03
7.000000000000000000e+00 1.601000000000000000e+03
2.000000000000000000e+01 1.557000000000000000e+03
4.000000000000000000e+00 1.552000000000000000e+03
6.000000000000000000e+00 1.468000000000000000e+03
5.000000000000000000e+00 1.317000000000000000e+03
2.100000000000000000e+01 1.174000000000000000e+03
2.200000000000000000e+01 8.280000000000000000e+02
2.300000000000000000e+01 4.960000000000000000e+02
2.400000000000000000e+01 2.850000000000000000e+02
2.500000000000000000e+01 2.010000000000000000e+02
2.600000000000000000e+01 1.150000000000000000e+02
2.700000000000000000e+01 6.700000000000000000e+01
2.800000000000000000e+01 3.800000000000000000e+01
2.900000000000000000e+01 1.700000000000000000e+01
3.000000000000000000e+01 9.000000000000000000e+00
3.100000000000000000e+01 2.000000000000000000e+00
3.200000000000000000e+01 2.000000000000000000e+00
3.600000000000000000e+01 1.000000000000000000e+00
3.300000000000000000e+01 1.000000000000000000e+00

1.000000000000000000e+00 2.648762000000000000e+06
2.000000000000000000e+00 7.117000000000000000e+03
1.300000000000000000e+01 4.210000000000000000e+03
1.400000000000000000e+01 4.092000000000000000e+03
1.200000000000000000e+01 3.988000000000000000e+03
1.500000000000000000e+01 3.713000000000000000e+03
1.100000000000000000e+01 3.617000000000000000e+03
1.600000000000000000e+01 3.508000000000000000e+03
1.000000000000000000e+01 3.259000000000000000e+03
1.700000000000000000e+01 2.867000000000000000e+03
3.000000000000000000e+00 2.804000000000000000e+03
9.000000000000000000e+00 2.704000000000000000e+03
1.800000000000000000e+01 2.365000000000000000e+03
8.000000000000000000e+00 2.225000000000000000e+03
4.000000000000000000e+00 1.886000000000000000e+03
7.000000000000000000e+00 1.869000000000000000e+03
1.900000000000000000e+01 1.742000000000000000e+03
6.000000000000000000e+00 1.709000000000000000e+03
5.000000000000000000e+00 1.609000000000000000e+03
2.000000000000000000e+01 1.303000000000000000e+03
2.100000000000000000e+01 8.900000000000000000e+02
2.200000000000000000e+01 6.230000000000000000e+02
2.300000000000000000e+01 3.560000000000000000e+02
2.400000000000000000e+01 2.230000000000000000e+02
2.500000000000000000e+01 1.310000000000000000e+02
2.600000000000000000e+01 7.600000000000000000e+01
2.700000000000000000e+01 2.500000000000000000e+01
2.800000000000000000e+01 2.000000000000000000e+01
2.900000000000000000e+01 9.000000000000000000e+00
3.000000000000000000e+01 6.000000000000000000e+00
3.100000000000000000e+01 2.000000000000000000e+00
3.200000000000000000e+01 2.000000000000000000e+00

1.000000000000000000e+00 2.693650000000000000e+06
2.000000000000000000e+00 8.190000000000000000e+03
1.200000000000000000e+01 4.218000000000000000e+03
1.300000000000000000e+01 4.083000000000000000e+03
1.400000000000000000e+01 3.848000000000000000e+03
1.100000000000000000e+01 3.823000000000000000e+03
3.000000000000000000e+00 3.542000000000000000e+03
1.000000000000000000e+01 3.503000000000000000e+03
1.500000000000000000e+01 3.483000000000000000e+03
9.000000000000000000e+00 3.072000000000000000e+03
1.600000000000000000e+01 3.068000000000000000e+03
8.000000000000000000e+00 2.728000000000000000e+03
4.000000000000000000e+00 2.337000000000000000e+03
7.000000000000000000e+00 2.304000000000000000e+03
1.700000000000000000e+01 2.298000000000000000e+03
6.000000000000000000e+00 2.119000000000000000e+03
5.000000000000000000e+00 2.039000000000000000e+03
1.800000000000000000e+01 1.805000000000000000e+03
1.900000000000000000e+01 1.280000000000000000e+03
2.000000000000000000e+01 9.450000000000000000e+02
2.100000000000000000e+01 5.980000000000000000e+02
2.200000000000000000e+01 3.560000000000000000e+02
2.300000000000000000e+01 2.110000000000000000e+02
2.400000000000000000e+01 1.030000000000000000e+02
2.500000000000000000e+01 5.600000000000000000e+01
2.600000000000000000e+01 3.000000000000000000e+01
2.700000000000000000e+01 2.000000000000000000e+01
2.800000000000000000e+01 4.000000000000000000e+00
2.900000000000000000e+01 3.000000000000000000e+00
3.100000000000000000e+01 1.000000000000000000e+00
3.300000000000000000e+01 1.000000000000000000e+00
3.000000000000000000e+01 1.000000000000000000e+00

1.000000000000000000e+00 2.731705000000000000e+06
2.000000000000000000e+00 9.166000000000000000e+03
1.200000000000000000e+01 4.086000000000000000e+03
1.100000000000000000e+01 4.073000000000000000e+03
3.000000000000000000e+00 4.035000000000000000e+03
1.300000000000000000e+01 3.974000000000000000e+03
1.000000000000000000e+01 3.721000000000000000e+03
1.400000000000000000e+01 3.606000000000000000e+03
9.000000000000000000e+00 3.374000000000000000e+03
1.500000000000000000e+01 3.136000000000000000e+03
8.000000000000000000e+00 2.986000000000000000e+03
4.000000000000000000e+00 2.737000000000000000e+03
7.000000000000000000e+00 2.721000000000000000e+03
6.000000000000000000e+00 2.485000000000000000e+03
1.600000000000000000e+01 2.450000000000000000e+03
5.000000000000000000e+00 2.388000000000000000e+03
1.700000000000000000e+01 1.850000000000000000e+03
1.800000000000000000e+01 1.408000000000000000e+03
1.900000000000000000e+01 1.004000000000000000e+03
2.000000000000000000e+01 6.360000000000000000e+02
2.100000000000000000e+01 3.950000000000000000e+02
2.200000000000000000e+01 2.150000000000000000e+02
2.300000000000000000e+01 1.220000000000000000e+02
2.400000000000000000e+01 6.500000000000000000e+01
2.500000000000000000e+01 2.800000000000000000e+01
2.600000000000000000e+01 1.000000000000000000e+01
2.700000000000000000e+01 9.000000000000000000e+00
2.800000000000000000e+01 3.000000000000000000e+00
3.000000000000000000e+01 2.000000000000000000e+00

1.000000000000000000e+00 2.773421000000000000e+06
2.000000000000000000e+00 1.049700000000000000e+04
3.000000000000000000e+00 4.715000000000000000e+03
1.100000000000000000e+01 4.025000000000000000e+03
1.000000000000000000e+01 3.971000000000000000e+03
1.200000000000000000e+01 3.802000000000000000e+03
1.300000000000000000e+01 3.686000000000000000e+03
9.000000000000000000e+00 3.566000000000000000e+03
8.000000000000000000e+00 3.414000000000000000e+03
4.000000000000000000e+00 3.283000000000000000e+03
1.400000000000000000e+01 3.108000000000000000e+03
7.000000000000000000e+00 3.089000000000000000e+03
5.000000000000000000e+00 2.960000000000000000e+03
6.000000000000000000e+00 2.889000000000000000e+03
1.500000000000000000e+01 2.637000000000000000e+03
1.600000000000000000e+01 2.051000000000000000e+03
1.700000000000000000e+01 1.435000000000000000e+03
1.800000000000000000e+01 1.002000000000000000e+03
1.900000000000000000e+01 6.040000000000000000e+02
2.000000000000000000e+01 3.910000000000000000e+02
2.100000000000000000e+01 2.290000000000000000e+02
2.200000000000000000e+01 1.130000000000000000e+02
2.300000000000000000e+01 6.000000000000000000e+01
2.400000000000000000e+01 3.000000000000000000e+01
2.500000000000000000e+01 1.300000000000000000e+01
2.600000000000000000e+01 9.000000000000000000e+00
2.700000000000000000e+01 2.000000000000000000e+00

1.000000000000000000e+00 2.814165000000000000e+06
2.000000000000000000e+00 1.187200000000000000e+04
3.000000000000000000e+00 5.483000000000000000e+03
1.000000000000000000e+01 4.063000000000000000e+03
9.000000000000000000e+00 3.940000000000000000e+03
4.000000000000000000e+00 3.935000000000000000e+03
1.100000000000000000e+01 3.868000000000000000e+03
8.000000000000000000e+00 3.728000000000000000e+03
1.200000000000000000e+01 3.656000000000000000e+03
7.000000000000000000e+00 3.513000000000000000e+03
5.000000000000000000e+00 3.311000000000000000e+03
6.000000000000000000e+00 3.204000000000000000e+03
1.300000000000000000e+01 3.177000000000000000e+03
1.400000000000000000e+01 2.563000000000000000e+03
1.500000000000000000e+01 1.970000000000000000e+03
1.600000000000000000e+01 1.469000000000000000e+03
1.700000000000000000e+01 1.073000000000000000e+03
1.800000000000000000e+01 6.450000000000000000e+02
1.900000000000000000e+01 3.890000000000000000e+02
2.000000000000000000e+01 2.240000000000000000e+02
2.100000000000000000e+01 1.130000000000000000e+02
2.200000000000000000e+01 7.300000000000000000e+01
2.300000000000000000e+01 2.800000000000000000e+01
2.400000000000000000e+01 1.700000000000000000e+01
2.500000000000000000e+01 4.000000000000000000e+00
2.700000000000000000e+01 2.000000000000000000e+00
2.800000000000000000e+01 1.000000000000000000e+00
2.600000000000000000e+01 1.000000000000000000e+00

1.000000000000000000e+00 2.853747000000000000e+06
2.000000000000000000e+00 1.375500000000000000e+04
3.000000000000000000e+00 6.579000000000000000e+03
4.000000000000000000e+00 4.445000000000000000e+03
5.000000000000000000e+00 3.875000000000000000e+03
8.000000000000000000e+00 3.869000000000000000e+03
9.000000000000000000e+00 3.862000000000000000e+03
7.000000000000000000e+00 3.856000000000000000e+03
1.000000000000000000e+01 3.738000000000000000e+03
6.000000000000000000e+00 3.646000000000000000e+03
1.100000000000000000e+01 3.567000000000000000e+03
1.200000000000000000e+01 3.161000000000000000e+03
1.300000000000000000e+01 2.734000000000000000e+03
1.400000000000000000e+01 2.065000000000000000e+03
1.500000000000000000e+01 1.530000000000000000e+03
1.600000000000000000e+01 1.008000000000000000e+03
1.700000000000000000e+01 6.980000000000000000e+02
1.800000000000000000e+01 4.350000000000000000e+02
1.900000000000000000e+01 2.220000000000000000e+02
2.000000000000000000e+01 1.410000000000000000e+02
2.100000000000000000e+01 7.100000000000000000e+01
2.200000000000000000e+01 2.700000000000000000e+01
2.300000000000000000e+01 1.100000000000000000e+01
2.400000000000000000e+01 3.000000000000000000e+00
2.500000000000000000e+01 2.000000000000000000e+00

1.000000000000000000e+00 2.890510000000000000e+06
2.000000000000000000e+00 1.504000000000000000e+04
3.000000000000000000e+00 7.113000000000000000e+03
4.000000000000000000e+00 5.049000000000000000e+03
5.000000000000000000e+00 4.260000000000000000e+03
6.000000000000000000e+00 4.015000000000000000e+03
8.000000000000000000e+00 3.974000000000000000e+03
9.000000000000000000e+00 3.909000000000000000e+03
7.000000000000000000e+00 3.896000000000000000e+03
1.000000000000000000e+01 3.553000000000000000e+03
1.100000000000000000e+01 3.240000000000000000e+03
1.200000000000000000e+01 2.713000000000000000e+03
1.300000000000000000e+01 2.125000000000000000e+03
1.400000000000000000e+01 1.582000000000000000e+03
1.500000000000000000e+01 1.122000000000000000e+03
1.600000000000000000e+01 7.220000000000000000e+02
1.700000000000000000e+01 4.370000000000000000e+02
1.800000000000000000e+01 2.540000000000000000e+02
1.900000000000000000e+01 1.070000000000000000e+02
2.000000000000000000e+01 7.300000000000000000e+01
2.100000000000000000e+01 2.500000000000000000e+01
2.200000000000000000e+01 1.000000000000000000e+01
2.400000000000000000e+01 2.000000000000000000e+00
2.300000000000000000e+01 2.000000000000000000e+00
2.600000000000000000e+01 1.000000000000000000e+00

1.000000000000000000e+00 2.923230000000000000e+06
2.000000000000000000e+00 1.618100000000000000e+04
3.000000000000000000e+00 7.943000000000000000e+03
4.000000000000000000e+00 5.433000000000000000e+03
5.000000000000000000e+00 4.449000000000000000e+03
6.000000000000000000e+00 4.149000000000000000e+03
7.000000000000000000e+00 4.076000000000000000e+03
8.000000000000000000e+00 3.841000000000000000e+03
9.000000000000000000e+00 3.644000000000000000e+03
1.000000000000000000e+01 3.237000000000000000e+03
1.100000000000000000e+01 2.763000000000000000e+03
1.200000000000000000e+01 2.193000000000000000e+03
1.300000000000000000e+01 1.743000000000000000e+03
1.400000000000000000e+01 1.227000000000000000e+03
1.500000000000000000e+01 8.020000000000000000e+02
1.600000000000000000e+01 5.280000000000000000e+02
1.700000000000000000e+01 2.750000000000000000e+02
1.800000000000000000e+01 1.440000000000000000e+02
1.900000000000000000e+01 7.800000000000000000e+01
2.000000000000000000e+01 4.300000000000000000e+01
2.100000000000000000e+01 1.600000000000000000e+01
2.200000000000000000e+01 1.000000000000000000e+01
2.300000000000000000e+01 3.000000000000000000e+00
2.400000000000000000e+01 1.000000000000000000e+00

1.000000000000000000e+00 2.952422000000000000e+06
2.000000000000000000e+00 1.672600000000000000e+04
3.000000000000000000e+00 8.300000000000000000e+03
4.000000000000000000e+00 5.815000000000000000e+03
5.000000000000000000e+00 4.732000000000000000e+03
6.000000000000000000e+00 4.359000000000000000e+03
7.000000000000000000e+00 4.097000000000000000e+03
8.000000000000000000e+00 3.545000000000000000e+03
9.000000000000000000e+00 3.352000000000000000e+03
1.000000000000000000e+01 2.862000000000000000e+03
1.100000000000000000e+01 2.383000000000000000e+03
1.200000000000000000e+01 1.851000000000000000e+03
1.300000000000000000e+01 1.380000000000000000e+03
1.400000000000000000e+01 9.120000000000000000e+02
1.500000000000000000e+01 6.270000000000000000e+02
1.600000000000000000e+01 3.380000000000000000e+02
1.700000000000000000e+01 1.880000000000000000e+02
1.800000000000000000e+01 9.900000000000000000e+01
1.900000000000000000e+01 5.000000000000000000e+01
2.000000000000000000e+01 1.500000000000000000e+01
2.200000000000000000e+01 4.000000000000000000e+00
2.100000000000000000e+01 3.000000000000000000e+00

1.000000000000000000e+00 2.974609000000000000e+06
2.000000000000000000e+00 1.716700000000000000e+04
3.000000000000000000e+00 8.662000000000000000e+03
4.000000000000000000e+00 5.854000000000000000e+03
5.000000000000000000e+00 4.896000000000000000e+03
6.000000000000000000e+00 4.239000000000000000e+03
7.000000000000000000e+00 3.988000000000000000e+03
8.000000000000000000e+00 3.609000000000000000e+03
9.000000000000000000e+00 3.107000000000000000e+03
1.000000000000000000e+01 2.537000000000000000e+03
1.100000000000000000e+01 2.049000000000000000e+03
1.200000000000000000e+01 1.573000000000000000e+03
1.300000000000000000e+01 1.126000000000000000e+03
1.400000000000000000e+01 7.170000000000000000e+02
1.500000000000000000e+01 4.720000000000000000e+02
1.600000000000000000e+01 2.250000000000000000e+02
1.700000000000000000e+01 1.360000000000000000e+02
1.800000000000000000e+01 6.700000000000000000e+01
1.900000000000000000e+01 3.900000000000000000e+01
2.000000000000000000e+01 2.100000000000000000e+01
2.100000000000000000e+01 6.000000000000000000e+00
2.200000000000000000e+01 2.000000000000000000e+00

1.000000000000000000e+00 2.992547000000000000e+06
2.000000000000000000e+00 1.791300000000000000e+04
3.000000000000000000e+00 8.793000000000000000e+03
4.000000000000000000e+00 6.001000000000000000e+03
5.000000000000000000e+00 4.857000000000000000e+03
6.000000000000000000e+00 4.434000000000000000e+03
7.000000000000000000e+00 3.841000000000000000e+03
8.000000000000000000e+00 3.258000000000000000e+03
9.000000000000000000e+00 2.883000000000000000e+03
1.000000000000000000e+01 2.357000000000000000e+03
1.100000000000000000e+01 1.788000000000000000e+03
1.200000000000000000e+01 1.363000000000000000e+03
1.300000000000000000e+01 9.560000000000000000e+02
1.400000000000000000e+01 5.660000000000000000e+02
1.500000000000000000e+01 3.680000000000000000e+02
1.600000000000000000e+01 1.930000000000000000e+02
1.700000000000000000e+01 1.000000000000000000e+02
1.800000000000000000e+01 4.000000000000000000e+01
1.900000000000000000e+01 1.800000000000000000e+01
2.000000000000000000e+01 6.000000000000000000e+00
2.100000000000000000e+01 1.000000000000000000e+00

1.000000000000000000e+00 3.008073000000000000e+06
2.000000000000000000e+00 1.828100000000000000e+04
3.000000000000000000e+00 8.991000000000000000e+03
4.000000000000000000e+00 6.099000000000000000e+03
5.000000000000000000e+00 4.743000000000000000e+03
6.000000000000000000e+00 4.234000000000000000e+03
7.000000000000000000e+00 3.582000000000000000e+03
8.000000000000000000e+00 3.150000000000000000e+03
9.000000000000000000e+00 2.680000000000000000e+03
1.000000000000000000e+01 2.113000000000000000e+03
1.100000000000000000e+01 1.579000000000000000e+03
1.200000000000000000e+01 1.221000000000000000e+03
1.300000000000000000e+01 8.200000000000000000e+02
1.400000000000000000e+01 5.150000000000000000e+02
1.500000000000000000e+01 2.810000000000000000e+02
1.600000000000000000e+01 1.760000000000000000e+02
1.700000000000000000e+01 7.400000000000000000e+01
1.800000000000000000e+01 3.400000000000000000e+01
1.900000000000000000e+01 2.200000000000000000e+01
2.000000000000000000e+01 5.000000000000000000e+00
2.100000000000000000e+01 1.000000000000000000e+00
2.200000000000000000e+01 1.000000000000000000e+00

1.000000000000000000e+00 3.033621000000000000e+06
2.000000000000000000e+00 1.872900000000000000e+04
3.000000000000000000e+00 9.118000000000000000e+03
4.000000000000000000e+00 6.069000000000000000e+03
5.000000000000000000e+00 4.672000000000000000e+03
6.000000000000000000e+00 3.926000000000000000e+03
7.000000000000000000e+00 3.384000000000000000e+03
8.000000000000000000e+00 2.762000000000000000e+03
9.000000000000000000e+00 2.316000000000000000e+03
1.000000000000000000e+01 1.813000000000000000e+03
1.100000000000000000e+01 1.326000000000000000e+03
1.200000000000000000e+01 9.120000000000000000e+02
1.300000000000000000e+01 6.360000000000000000e+02
1.400000000000000000e+01 3.740000000000000000e+02
1.500000000000000000e+01 2.170000000000000000e+02
1.600000000000000000e+01 1.020000000000000000e+02
1.700000000000000000e+01 4.600000000000000000e+01
1.800000000000000000e+01 3.200000000000000000e+01
1.900000000000000000e+01 7.000000000000000000e+00
2.100000000000000000e+01 5.000000000000000000e+00
2.000000000000000000e+01 5.000000000000000000e+00

1.000000000000000000e+00 3.054811000000000000e+06
2.000000000000000000e+00 1.922600000000000000e+04
3.000000000000000000e+00 9.218000000000000000e+03
4.000000000000000000e+00 6.043000000000000000e+03
5.000000000000000000e+00 4.501000000000000000e+03
6.000000000000000000e+00 3.678000000000000000e+03
7.000000000000000000e+00 3.055000000000000000e+03
8.000000000000000000e+00 2.560000000000000000e+03
9.000000000000000000e+00 2.011000000000000000e+03
1.000000000000000000e+01 1.445000000000000000e+03
1.100000000000000000e+01 1.118000000000000000e+03
1.200000000000000000e+01 7.350000000000000000e+02
1.300000000000000000e+01 4.340000000000000000e+02
1.400000000000000000e+01 2.820000000000000000e+02
1.500000000000000000e+01 1.860000000000000000e+02
1.600000000000000000e+01 7.800000000000000000e+01
1.700000000000000000e+01 4.000000000000000000e+01
1.800000000000000000e+01 1.700000000000000000e+01
1.900000000000000000e+01 8.000000000000000000e+00
2.000000000000000000e+01 2.000000000000000000e+00

1.000000000000000000e+00 3.078807000000000000e+06
2.000000000000000000e+00 1.941100000000000000e+04
3.000000000000000000e+00 9.060000000000000000e+03
4.000000000000000000e+00 5.895000000000000000e+03
5.000000000000000000e+00 4.366000000000000000e+03
6.000000000000000000e+00 3.489000000000000000e+03
7.000000000000000000e+00 2.787000000000000000e+03
8.000000000000000000e+00 2.203000000000000000e+03
9.000000000000000000e+00 1.586000000000000000e+03
1.000000000000000000e+01 1.273000000000000000e+03
1.100000000000000000e+01 8.270000000000000000e+02
1.200000000000000000e+01 5.090000000000000000e+02
1.300000000000000000e+01 3.390000000000000000e+02
1.400000000000000000e+01 1.900000000000000000e+02
1.500000000000000000e+01 9.500000000000000000e+01
1.600000000000000000e+01 3.400000000000000000e+01
1.700000000000000000e+01 1.900000000000000000e+01
1.800000000000000000e+01 6.000000000000000000e+00
1.900000000000000000e+01 2.000000000000000000e+00

1.000000000000000000e+00 3.097796000000000000e+06
2.000000000000000000e+00 1.941000000000000000e+04
3.000000000000000000e+00 9.125000000000000000e+03
4.000000000000000000e+00 5.739000000000000000e+03
5.000000000000000000e+00 4.080000000000000000e+03
6.000000000000000000e+00 3.282000000000000000e+03
7.000000000000000000e+00 2.489000000000000000e+03
8.000000000000000000e+00 1.876000000000000000e+03
9.000000000000000000e+00 1.379000000000000000e+03
1.000000000000000000e+01 1.019000000000000000e+03
1.100000000000000000e+01 6.350000000000000000e+02
1.200000000000000000e+01 4.150000000000000000e+02
1.300000000000000000e+01 2.210000000000000000e+02
1.400000000000000000e+01 1.250000000000000000e+02
1.500000000000000000e+01 4.000000000000000000e+01
1.600000000000000000e+01 3.200000000000000000e+01
1.700000000000000000e+01 7.000000000000000000e+00
1.800000000000000000e+01 5.000000000000000000e+00
2.000000000000000000e+01 1.000000000000000000e+00

1.000000000000000000e+00 3.106699000000000000e+06
2.000000000000000000e+00 1.954600000000000000e+04
3.000000000000000000e+00 9.149000000000000000e+03
4.000000000000000000e+00 5.684000000000000000e+03
5.000000000000000000e+00 4.131000000000000000e+03
6.000000000000000000e+00 3.083000000000000000e+03
7.000000000000000000e+00 2.341000000000000000e+03
8.000000000000000000e+00 1.768000000000000000e+03
9.000000000000000000e+00 1.287000000000000000e+03
1.000000000000000000e+01 8.650000000000000000e+02
1.100000000000000000e+01 5.540000000000000000e+02
1.200000000000000000e+01 3.310000000000000000e+02
1.300000000000000000e+01 1.820000000000000000e+02
1.400000000000000000e+01 6.300000000000000000e+01
1.500000000000000000e+01 3.000000000000000000e+01
1.600000000000000000e+01 1.600000000000000000e+01
1.700000000000000000e+01 4.000000000000000000e+00
2.100000000000000000e+01 1.000000000000000000e+00

1.000000000000000000e+00 3.115385000000000000e+06
2.000000000000000000e+00 1.945800000000000000e+04
3.000000000000000000e+00 9.198000000000000000e+03
4.000000000000000000e+00 5.585000000000000000e+03
5.000000000000000000e+00 4.028000000000000000e+03
6.000000000000000000e+00 2.999000000000000000e+03
7.000000000000000000e+00 2.178000000000000000e+03
8.000000000000000000e+00 1.601000000000000000e+03
9.000000000000000000e+00 1.131000000000000000e+03
1.000000000000000000e+01 7.580000000000000000e+02
1.100000000000000000e+01 4.730000000000000000e+02
1.200000000000000000e+01 2.590000000000000000e+02
1.300000000000000000e+01 1.400000000000000000e+02
1.400000000000000000e+01 7.400000000000000000e+01
1.500000000000000000e+01 2.800000000000000000e+01
1.600000000000000000e+01 9.000000000000000000e+00
1.700000000000000000e+01 3.000000000000000000e+00
1.800000000000000000e+01 2.000000000000000000e+00

1.000000000000000000e+00 3.118961000000000000e+06
2.000000000000000000e+00 1.938900000000000000e+04
3.000000000000000000e+00 9.204000000000000000e+03
4.000000000000000000e+00 5.681000000000000000e+03
5.000000000000000000e+00 3.896000000000000000e+03
6.000000000000000000e+00 2.954000000000000000e+03
7.000000000000000000e+00 2.223000000000000000e+03
8.000000000000000000e+00 1.605000000000000000e+03
9.000000000000000000e+00 1.036000000000000000e+03
1.000000000000000000e+01 7.040000000000000000e+02
1.100000000000000000e+01 3.900000000000000000e+02
1.200000000000000000e+01 2.480000000000000000e+02
1.300000000000000000e+01 1.130000000000000000e+02
1.400000000000000000e+01 4.500000000000000000e+01
1.500000000000000000e+01 2.200000000000000000e+01
1.600000000000000000e+01 1.200000000000000000e+01
1.700000000000000000e+01 3.000000000000000000e+00
1.800000000000000000e+01 1.000000000000000000e+00

1.000000000000000000e+00 3.124171000000000000e+06
2.000000000000000000e+00 1.893900000000000000e+04
3.000000000000000000e+00 9.011000000000000000e+03
4.000000000000000000e+00 5.647000000000000000e+03
5.000000000000000000e+00 3.974000000000000000e+03
6.000000000000000000e+00 2.851000000000000000e+03
7.000000000000000000e+00 2.165000000000000000e+03
8.000000000000000000e+00 1.459000000000000000e+03
9.000000000000000000e+00 1.011000000000000000e+03
1.000000000000000000e+01 6.570000000000000000e+02
1.100000000000000000e+01 4.030000000000000000e+02
1.200000000000000000e+01 1.900000000000000000e+02
1.300000000000000000e+01 9.400000000000000000e+01
1.400000000000000000e+01 3.500000000000000000e+01
1.500000000000000000e+01 2.100000000000000000e+01
1.600000000000000000e+01 5.000000000000000000e+00
1.800000000000000000e+01 1.000000000000000000e+00
2.000000000000000000e+01 1.000000000000000000e+00

1.000000000000000000e+00 3.126668000000000000e+06
2.000000000000000000e+00 1.940800000000000000e+04
3.000000000000000000e+00 9.206000000000000000e+03
4.000000000000000000e+00 5.544000000000000000e+03
5.000000000000000000e+00 3.786000000000000000e+03
6.000000000000000000e+00 2.809000000000000000e+03
7.000000000000000000e+00 2.060000000000000000e+03
8.000000000000000000e+00 1.434000000000000000e+03
9.000000000000000000e+00 9.520000000000000000e+02
1.000000000000000000e+01 6.060000000000000000e+02
1.100000000000000000e+01 3.550000000000000000e+02
1.200000000000000000e+01 1.860000000000000000e+02
1.300000000000000000e+01 1.010000000000000000e+02
1.400000000000000000e+01 3.800000000000000000e+01
1.500000000000000000e+01 1.600000000000000000e+01
1.600000000000000000e+01 8.000000000000000000e+00
1.700000000000000000e+01 4.000000000000000000e+00

1.000000000000000000e+00 3.129315000000000000e+06
2.000000000000000000e+00 1.954900000000000000e+04
3.000000000000000000e+00 9.227000000000000000e+03
4.000000000000000000e+00 5.627000000000000000e+03
5.000000000000000000e+00 3.723000000000000000e+03
6.000000000000000000e+00 2.716000000000000000e+03
7.000000000000000000e+00 1.985000000000000000e+03
8.000000000000000000e+00 1.324000000000000000e+03
9.000000000000000000e+00 9.420000000000000000e+02
1.000000000000000000e+01 5.660000000000000000e+02
1.100000000000000000e+01 3.540000000000000000e+02
1.200000000000000000e+01 1.460000000000000000e+02
1.300000000000000000e+01 1.000000000000000000e+02
1.400000000000000000e+01 3.800000000000000000e+01
1.500000000000000000e+01 2.000000000000000000e+01
1.700000000000000000e+01 4.000000000000000000e+00
1.600000000000000000e+01 1.000000000000000000e+00

1.000000000000000000e+00 3.134561000000000000e+06
2.000000000000000000e+00 1.946600000000000000e+04
3.000000000000000000e+00 9.166000000000000000e+03
4.000000000000000000e+00 5.515000000000000000e+03
5.000000000000000000e+00 3.811000000000000000e+03
6.000000000000000000e+00 2.595000000000000000e+03
7.000000000000000000e+00 1.906000000000000000e+03
8.000000000000000000e+00 1.243000000000000000e+03
9.000000000000000000e+00 8.420000000000000000e+02
1.000000000000000000e+01 5.110000000000000000e+02
1.100000000000000000e+01 2.850000000000000000e+02
1.200000000000000000e+01 1.330000000000000000e+02
1.300000000000000000e+01 8.100000000000000000e+01
1.400000000000000000e+01 2.200000000000000000e+01
1.500000000000000000e+01 1.400000000000000000e+01
1.600000000000000000e+01 3.000000000000000000e+00

1.000000000000000000e+00 3.142518000000000000e+06
2.000000000000000000e+00 1.936300000000000000e+04
3.000000000000000000e+00 9.165000000000000000e+03
4.000000000000000000e+00 5.481000000000000000e+03
5.000000000000000000e+00 3.530000000000000000e+03
6.000000000000000000e+00 2.498000000000000000e+03
7.000000000000000000e+00 1.780000000000000000e+03
8.000000000000000000e+00 1.078000000000000000e+03
9.000000000000000000e+00 7.210000000000000000e+02
1.000000000000000000e+01 4.360000000000000000e+02
1.100000000000000000e+01 2.410000000000000000e+02
1.200000000000000000e+01 1.000000000000000000e+02
1.300000000000000000e+01 4.500000000000000000e+01
1.400000000000000000e+01 1.600000000000000000e+01
1.500000000000000000e+01 6.000000000000000000e+00
1.600000000000000000e+01 1.000000000000000000e+00

1.000000000000000000e+00 3.148986000000000000e+06
2.000000000000000000e+00 1.999600000000000000e+04
3.000000000000000000e+00 9.179000000000000000e+03
4.000000000000000000e+00 5.255000000000000000e+03
5.000000000000000000e+00 3.362000000000000000e+03
6.000000000000000000e+00 2.363000000000000000e+03
7.000000000000000000e+00 1.541000000000000000e+03
8.000000000000000000e+00 1.002000000000000000e+03
9.000000000000000000e+00 6.010000000000000000e+02
1.000000000000000000e+01 3.370000000000000000e+02
1.100000000000000000e+01 1.920000000000000000e+02
1.200000000000000000e+01 8.800000000000000000e+01
1.300000000000000000e+01 3.400000000000000000e+01
1.400000000000000000e+01 1.600000000000000000e+01
1.500000000000000000e+01 3.000000000000000000e+00
1.600000000000000000e+01 1.000000000000000000e+00

1.000000000000000000e+00 3.155015000000000000e+06
2.000000000000000000e+00 2.040400000000000000e+04
3.000000000000000000e+00 9.106000000000000000e+03
4.000000000000000000e+00 5.162000000000000000e+03
5.000000000000000000e+00 3.187000000000000000e+03
6.000000000000000000e+00 2.090000000000000000e+03
7.000000000000000000e+00 1.407000000000000000e+03
8.000000000000000000e+00 9.090000000000000000e+02
9.000000000000000000e+00 5.270000000000000000e+02
1.000000000000000000e+01 2.960000000000000000e+02
1.100000000000000000e+01 1.280000000000000000e+02
1.200000000000000000e+01 7.400000000000000000e+01
1.300000000000000000e+01 3.200000000000000000e+01
1.400000000000000000e+01 1.000000000000000000e+01
1.500000000000000000e+01 4.000000000000000000e+00

1.000000000000000000e+00 2.587083000000000000e+06
2.000000000000000000e+00 5.536000000000000000e+03
1.400000000000000000e+01 4.255000000000000000e+03
1.500000000000000000e+01 4.251000000000000000e+03
1.600000000000000000e+01 4.123000000000000000e+03
1.300000000000000000e+01 4.118000000000000000e+03
1.200000000000000000e+01 3.702000000000000000e+03
1.700000000000000000e+01 3.683000000000000000e+03
1.100000000000000000e+01 3.168000000000000000e+03
1.800000000000000000e+01 3.047000000000000000e+03
1.000000000000000000e+01 2.690000000000000000e+03
1.900000000000000000e+01 2.480000000000000000e+03
3.000000000000000000e+00 2.056000000000000000e+03
9.000000000000000000e+00 2.052000000000000000e+03
2.000000000000000000e+01 1.874000000000000000e+03
8.000000000000000000e+00 1.611000000000000000e+03
7.000000000000000000e+00 1.372000000000000000e+03
2.100000000000000000e+01 1.311000000000000000e+03
4.000000000000000000e+00 1.296000000000000000e+03
6.000000000000000000e+00 1.183000000000000000e+03
5.000000000000000000e+00 1.127000000000000000e+03
2.200000000000000000e+01 9.240000000000000000e+02
2.300000000000000000e+01 6.410000000000000000e+02
2.400000000000000000e+01 3.870000000000000000e+02
2.500000000000000000e+01 2.180000000000000000e+02
2.600000000000000000e+01 1.450000000000000000e+02
2.700000000000000000e+01 9.100000000000000000e+01
2.800000000000000000e+01 4.200000000000000000e+01
2.900000000000000000e+01 1.500000000000000000e+01
3.000000000000000000e+01 9.000000000000000000e+00
3.200000000000000000e+01 4.000000000000000000e+00
3.100000000000000000e+01 4.000000000000000000e+00
3.400000000000000000e+01 1.000000000000000000e+00

1.000000000000000000e+00 2.613533000000000000e+06
2.000000000000000000e+00 6.324000000000000000e+03
1.300000000000000000e+01 4.063000000000000000e+03
1.400000000000000000e+01 4.062000000000000000e+03
1.500000000000000000e+01 4.054000000000000000e+03
1.600000000000000000e+01 3.782000000000000000e+03
1.200000000000000000e+01 3.684000000000000000e+03
1.100000000000000000e+01 3.383000000000000000e+03
1.700000000000000000e+01 3.293000000000000000e+03
1.000000000000000000e+01 2.907000000000000000e+03
1.800000000000000000e+01 2.827000000000000000e+03
3.000000000000000000e+00 2.488000000000000000e+03
9.000000000000000000e+00 2.418000000000000000e+03
1.900000000000000000e+01 2.176000000000000000e+03
8.000000000000000000e+00 1.954000000000000000e+03
2.000000000000000000e+01 1.653000000000000000e+03
7.000000000000000000e+00 1.591000000000000000e+03
4.000000000000000000e+00 1.579000000000000000e+03
6.000000000000000000e+00 1.386000000000000000e+03
5.000000000000000000e+00 1.359000000000000000e+03
2.100000000000000000e+01 1.221000000000000000e+03
2.200000000000000000e+01 8.000000000000000000e+02
2.300000000000000000e+01 4.980000000000000000e+02
2.400000000000000000e+01 3.250000000000000000e+02
2.500000000000000000e+01 1.950000000000000000e+02
2.600000000000000000e+01 9.700000000000000000e+01
2.700000000000000000e+01 6.300000000000000000e+01
2.800000000000000000e+01 3.600000000000000000e+01
2.900000000000000000e+01 2.100000000000000000e+01
3.000000000000000000e+01 5.000000000000000000e+00
3.100000000000000000e+01 3.000000000000000000e+00
3.500000000000000000e+01 2.000000000000000000e+00
3.200000000000000000e+01 2.000000000000000000e+00
3.900000000000000000e+01 1.000000000000000000e+00

1.000000000000000000e+00 2.638397000000000000e+06
2.000000000000000000e+00 7.154000000000000000e+03
1.300000000000000000e+01 4.058000000000000000e+03
1.400000000000000000e+01 4.033000000000000000e+03
1.500000000000000000e+01 3.910000000000000000e+03
1.200000000000000000e+01 3.773000000000000000e+03
1.100000000000000000e+01 3.495000000000000000e+03
1.600000000000000000e+01 3.416000000000000000e+03
1.700000000000000000e+01 3.129000000000000000e+03
1.000000000000000000e+01 2.984000000000000000e+03
3.000000000000000000e+00 2.829000000000000000e+03
9.000000000000000000e+00 2.641000000000000000e+03
1.800000000000000000e+01 2.455000000000000000e+03
8.000000000000000000e+00 2.166000000000000000e+03
1.900000000000000000e+01 1.932000000000000000e+03
4.000000000000000000e+00 1.865000000000000000e+03
7.000000000000000000e+00 1.820000000000000000e+03
5.000000000000000000e+00 1.659000000000000000e+03
6.000000000000000000e+00 1.607000000000000000e+03
2.000000000000000000e+01 1.472000000000000000e+03
2.100000000000000000e+01 9.690000000000000000e+02
2.200000000000000000e+01 7.040000000000000000e+02
2.300000000000000000e+01 4.180000000000000000e+02
2.400000000000000000e+01 2.500000000000000000e+02
2.500000000000000000e+01 1.370000000000000000e+02
2.600000000000000000e+01 8.700000000000000000e+01
2.700000000000000000e+01 4.700000000000000000e+01
2.800000000000000000e+01 2.000000000000000000e+01
2.900000000000000000e+01 1.200000000000000000e+01
3.000000000000000000e+01 1.100000000000000000e+01
3.100000000000000000e+01 5.000000000000000000e+00
3.200000000000000000e+01 5.000000000000000000e+00

1.000000000000000000e+00 2.662101000000000000e+06
2.000000000000000000e+00 7.774000000000000000e+03
1.400000000000000000e+01 3.950000000000000000e+03
1.300000000000000000e+01 3.937000000000000000e+03
1.200000000000000000e+01 3.936000000000000000e+03
1.100000000000000000e+01 3.694000000000000000e+03
1.500000000000000000e+01 3.655000000000000000e+03
1.600000000000000000e+01 3.423000000000000000e+03
1.000000000000000000e+01 3.170000000000000000e+03
3.000000000000000000e+00 3.163000000000000000e+03
9.000000000000000000e+00 2.768000000000000000e+03
1.700000000000000000e+01 2.650000000000000000e+03
8.000000000000000000e+00 2.342000000000000000e+03
1.800000000000000000e+01 2.203000000000000000e+03
4.000000000000000000e+00 2.142000000000000000e+03
7.000000000000000000e+00 2.074000000000000000e+03
6.000000000000000000e+00 1.849000000000000000e+03
5.000000000000000000e+00 1.797000000000000000e+03
1.900000000000000000e+01 1.697000000000000000e+03
2.000000000000000000e+01 1.246000000000000000e+03
2.100000000000000000e+01 8.670000000000000000e+02
2.200000000000000000e+01 5.470000000000000000e+02
2.300000000000000000e+01 3.180000000000000000e+02
2.400000000000000000e+01 2.120000000000000000e+02
2.500000000000000000e+01 1.160000000000000000e+02
2.600000000000000000e+01 5.600000000000000000e+01
2.700000000000000000e+01 2.700000000000000000e+01
2.800000000000000000e+01 1.400000000000000000e+01
2.900000000000000000e+01 7.000000000000000000e+00
3.100000000000000000e+01 3.000000000000000000e+00
3.300000000000000000e+01 2.000000000000000000e+00
3.000000000000000000e+01 2.000000000000000000e+00

1.000000000000000000e+00 2.688151000000000000e+06
2.000000000000000000e+00 8.750000000000000000e+03
1.300000000000000000e+01 3.937000000000000000e+03
1.200000000000000000e+01 3.820000000000000000e+03
1.400000000000000000e+01 3.749000000000000000e+03
1.100000000000000000e+01 3.744000000000000000e+03
3.000000000000000000e+00 3.680000000000000000e+03
1.500000000000000000e+01 3.404000000000000000e+03
1.000000000000000000e+01 3.347000000000000000e+03
9.000000000000000000e+00 3.052000000000000000e+03
1.600000000000000000e+01 2.969000000000000000e+03
8.000000000000000000e+00 2.457000000000000000e+03
4.000000000000000000e+00 2.440000000000000000e+03
1.700000000000000000e+01 2.431000000000000000e+03
7.000000000000000000e+00 2.266000000000000000e+03
6.000000000000000000e+00 2.154000000000000000e+03
5.000000000000000000e+00 2.115000000000000000e+03
1.800000000000000000e+01 1.921000000000000000e+03
1.900000000000000000e+01 1.428000000000000000e+03
2.000000000000000000e+01 1.022000000000000000e+03
2.100000000000000000e+01 6.940000000000000000e+02
2.200000000000000000e+01 4.580000000000000000e+02
2.300000000000000000e+01 3.120000000000000000e+02
2.400000000000000000e+01 1.660000000000000000e+02
2.500000000000000000e+01 9.200000000000000000e+01
2.600000000000000000e+01 5.300000000000000000e+01
2.700000000000000000e+01 2.500000000000000000e+01
2.900000000000000000e+01 1.000000000000000000e+01
2.800000000000000000e+01 8.000000000000000000e+00
3.000000000000000000e+01 4.000000000000000000e+00
3.100000000000000000e+01 1.000000000000000000e+00
3.400000000000000000e+01 1.000000000000000000e+00

1.000000000000000000e+00 2.711931000000000000e+06
2.000000000000000000e+00 9.492000000000000000e+03
3.000000000000000000e+00 4.099000000000000000e+03
1.200000000000000000e+01 3.842000000000000000e+03
1.300000000000000000e+01 3.782000000000000000e+03
1.100000000000000000e+01 3.683000000000000000e+03
1.400000000000000000e+01 3.568000000000000000e+03
1.000000000000000000e+01 3.338000000000000000e+03
1.500000000000000000e+01 3.177000000000000000e+03
9.000000000000000000e+00 3.119000000000000000e+03
8.000000000000000000e+00 2.808000000000000000e+03
4.000000000000000000e+00 2.772000000000000000e+03
1.600000000000000000e+01 2.668000000000000000e+03
7.000000000000000000e+00 2.567000000000000000e+03
5.000000000000000000e+00 2.357000000000000000e+03
6.000000000000000000e+00 2.284000000000000000e+03
1.700000000000000000e+01 2.182000000000000000e+03
1.800000000000000000e+01 1.661000000000000000e+03
1.900000000000000000e+01 1.211000000000000000e+03
2.000000000000000000e+01 8.710000000000000000e+02
2.100000000000000000e+01 6.110000000000000000e+02
2.200000000000000000e+01 3.780000000000000000e+02
2.300000000000000000e+01 2.530000000000000000e+02
2.400000000000000000e+01 1.450000000000000000e+02
2.500000000000000000e+01 8.700000000000000000e+01
2.600000000000000000e+01 4.400000000000000000e+01
2.700000000000000000e+01 1.800000000000000000e+01
2.800000000000000000e+01 9.000000000000000000e+00
2.900000000000000000e+01 7.000000000000000000e+00
3.000000000000000000e+01 3.000000000000000000e+00
3.200000000000000000e+01 1.000000000000000000e+00

1.000000000000000000e+00 2.744017000000000000e+06
2.000000000000000000e+00 1.066700000000000000e+04
3.000000000000000000e+00 4.698000000000000000e+03
1.100000000000000000e+01 3.751000000000000000e+03
1.200000000000000000e+01 3.657000000000000000e+03
1.300000000000000000e+01 3.548000000000000000e+03
1.000000000000000000e+01 3.474000000000000000e+03
1.400000000000000000e+01 3.213000000000000000e+03
8.000000000000000000e+00 3.167000000000000000e+03
9.000000000000000000e+00 3.149000000000000000e+03
4.000000000000000000e+00 3.101000000000000000e+03
1.500000000000000000e+01 2.854000000000000000e+03
7.000000000000000000e+00 2.789000000000000000e+03
5.000000000000000000e+00 2.703000000000000000e+03
6.000000000000000000e+00 2.611000000000000000e+03
1.600000000000000000e+01 2.297000000000000000e+03
1.700000000000000000e+01 1.822000000000000000e+03
1.800000000000000000e+01 1.434000000000000000e+03
1.900000000000000000e+01 1.021000000000000000e+03
2.000000000000000000e+01 6.950000000000000000e+02
2.100000000000000000e+01 4.670000000000000000e+02
2.200000000000000000e+01 2.780000000000000000e+02
2.300000000000000000e+01 1.760000000000000000e+02
2.400000000000000000e+01 9.600000000000000000e+01
2.500000000000000000e+01 5.100000000000000000e+01
2.600000000000000000e+01 3.000000000000000000e+01
2.700000000000000000e+01 1.500000000000000000e+01
2.800000000000000000e+01 9.000000000000000000e+00
2.900000000000000000e+01 5.000000000000000000e+00

1.000000000000000000e+00 2.772810000000000000e+06
2.000000000000000000e+00 1.179100000000000000e+04
3.000000000000000000e+00 5.337000000000000000e+03
1.100000000000000000e+01 3.613000000000000000e+03
1.200000000000000000e+01 3.521000000000000000e+03
4.000000000000000000e+00 3.491000000000000000e+03
1.000000000000000000e+01 3.429000000000000000e+03
9.000000000000000000e+00 3.383000000000000000e+03
1.300000000000000000e+01 3.274000000000000000e+03
8.000000000000000000e+00 3.156000000000000000e+03
5.000000000000000000e+00 3.049000000000000000e+03
7.000000000000000000e+00 3.013000000000000000e+03
1.400000000000000000e+01 2.976000000000000000e+03
6.000000000000000000e+00 2.887000000000000000e+03
1.500000000000000000e+01 2.593000000000000000e+03
1.600000000000000000e+01 2.017000000000000000e+03
1.700000000000000000e+01 1.596000000000000000e+03
1.800000000000000000e+01 1.127000000000000000e+03
1.900000000000000000e+01 8.240000000000000000e+02
2.000000000000000000e+01 5.300000000000000000e+02
2.100000000000000000e+01 3.670000000000000000e+02
2.200000000000000000e+01 2.300000000000000000e+02
2.300000000000000000e+01 1.130000000000000000e+02
2.400000000000000000e+01 8.200000000000000000e+01
2.500000000000000000e+01 3.800000000000000000e+01
2.600000000000000000e+01 1.100000000000000000e+01
2.700000000000000000e+01 7.000000000000000000e+00
2.800000000000000000e+01 5.000000000000000000e+00
2.900000000000000000e+01 1.000000000000000000e+00

1.000000000000000000e+00 2.814125000000000000e+06
2.000000000000000000e+00 1.318300000000000000e+04
3.000000000000000000e+00 6.009000000000000000e+03
4.000000000000000000e+00 4.106000000000000000e+03
1.000000000000000000e+01 3.521000000000000000e+03
9.000000000000000000e+00 3.444000000000000000e+03
1.100000000000000000e+01 3.411000000000000000e+03
8.000000000000000000e+00 3.345000000000000000e+03
5.000000000000000000e+00 3.320000000000000000e+03
1.200000000000000000e+01 3.210000000000000000e+03
7.000000000000000000e+00 3.179000000000000000e+03
6.000000000000000000e+00 3.066000000000000000e+03
1.300000000000000000e+01 2.953000000000000000e+03
1.400000000000000000e+01 2.511000000000000000e+03
1.500000000000000000e+01 2.040000000000000000e+03
1.600000000000000000e+01 1.690000000000000000e+03
1.700000000000000000e+01 1.260000000000000000e+03
1.800000000000000000e+01 8.490000000000000000e+02
1.900000000000000000e+01 6.070000000000000000e+02
2.000000000000000000e+01 3.990000000000000000e+02
2.100000000000000000e+01 2.360000000000000000e+02
2.200000000000000000e+01 1.280000000000000000e+02
2.300000000000000000e+01 7.000000000000000000e+01
2.400000000000000000e+01 4.500000000000000000e+01
2.500000000000000000e+01 2.400000000000000000e+01
2.600000000000000000e+01 1.100000000000000000e+01
2.800000000000000000e+01 2.000000000000000000e+00

1.000000000000000000e+00 2.857664000000000000e+06
2.000000000000000000e+00 1.471200000000000000e+04
3.000000000000000000e+00 6.827000000000000000e+03
4.000000000000000000e+00 4.481000000000000000e+03
5.000000000000000000e+00 3.742000000000000000e+03
1.000000000000000000e+01 3.341000000000000000e+03
8.000000000000000000e+00 3.337000000000000000e+03
7.000000000000000000e+00 3.333000000000000000e+03
6.000000000000000000e+00 3.303000000000000000e+03
9.000000000000000000e+00 3.273000000000000000e+03
1.100000000000000000e+01 2.947000000000000000e+03
1.200000000000000000e+01 2.795000000000000000e+03
1.300000000000000000e+01 2.420000000000000000e+03
1.400000000000000000e+01 2.104000000000000000e+03
1.500000000000000000e+01 1.679000000000000000e+03
1.600000000000000000e+01 1.277000000000000000e+03
1.700000000000000000e+01 9.440000000000000000e+02
1.800000000000000000e+01 6.700000000000000000e+02
1.900000000000000000e+01 4.790000000000000000e+02
2.000000000000000000e+01 2.880000000000000000e+02
2.100000000000000000e+01 1.600000000000000000e+02
2.200000000000000000e+01 9.000000000000000000e+01
2.300000000000000000e+01 5.000000000000000000e+01
2.400000000000000000e+01 2.100000000000000000e+01
2.500000000000000000e+01 1.900000000000000000e+01
2.600000000000000000e+01 5.000000000000000000e+00
2.700000000000000000e+01 1.000000000000000000e+00

1.000000000000000000e+00 2.896613000000000000e+06
2.000000000000000000e+00 1.600700000000000000e+04
3.000000000000000000e+00 7.508000000000000000e+03
4.000000000000000000e+00 4.859000000000000000e+03
5.000000000000000000e+00 3.924000000000000000e+03
6.000000000000000000e+00 3.393000000000000000e+03
7.000000000000000000e+00 3.231000000000000000e+03
8.000000000000000000e+00 3.125000000000000000e+03
9.000000000000000000e+00 3.028000000000000000e+03
1.000000000000000000e+01 2.946000000000000000e+03
1.100000000000000000e+01 2.691000000000000000e+03
1.200000000000000000e+01 2.438000000000000000e+03
1.300000000000000000e+01 2.161000000000000000e+03
1.400000000000000000e+01 1.714000000000000000e+03
1.500000000000000000e+01 1.371000000000000000e+03
1.600000000000000000e+01 1.029000000000000000e+03
1.700000000000000000e+01 7.680000000000000000e+02
1.800000000000000000e+01 5.050000000000000000e+02
1.900000000000000000e+01 3.210000000000000000e+02
2.000000000000000000e+01 1.970000000000000000e+02
2.100000000000000000e+01 9.800000000000000000e+01
2.200000000000000000e+01 6.300000000000000000e+01
2.300000000000000000e+01 3.100000000000000000e+01
2.400000000000000000e+01 2.100000000000000000e+01
2.500000000000000000e+01 6.000000000000000000e+00
2.800000000000000000e+01 2.000000000000000000e+00
2.600000000000000000e+01 2.000000000000000000e+00
2.700000000000000000e+01 1.000000000000000000e+00

1.000000000000000000e+00 2.939382000000000000e+06
2.000000000000000000e+00 1.726800000000000000e+04
3.000000000000000000e+00 7.981000000000000000e+03
4.000000000000000000e+00 5.166000000000000000e+03
5.000000000000000000e+00 4.006000000000000000e+03
6.000000000000000000e+00 3.545000000000000000e+03
7.000000000000000000e+00 3.226000000000000000e+03
8.000000000000000000e+00 2.901000000000000000e+03
9.000000000000000000e+00 2.876000000000000000e+03
1.000000000000000000e+01 2.617000000000000000e+03
1.100000000000000000e+01 2.355000000000000000e+03
1.200000000000000000e+01 2.025000000000000000e+03
1.300000000000000000e+01 1.731000000000000000e+03
1.400000000000000000e+01 1.315000000000000000e+03
1.500000000000000000e+01 1.034000000000000000e+03
1.600000000000000000e+01 6.980000000000000000e+02
1.700000000000000000e+01 5.330000000000000000e+02
1.800000000000000000e+01 3.350000000000000000e+02
1.900000000000000000e+01 2.090000000000000000e+02
2.000000000000000000e+01 1.100000000000000000e+02
2.100000000000000000e+01 7.600000000000000000e+01
2.200000000000000000e+01 3.100000000000000000e+01
2.300000000000000000e+01 2.200000000000000000e+01
2.400000000000000000e+01 1.200000000000000000e+01
2.500000000000000000e+01 7.000000000000000000e+00
2.600000000000000000e+01 1.000000000000000000e+00

1.000000000000000000e+00 2.976421000000000000e+06
2.000000000000000000e+00 1.806800000000000000e+04
3.000000000000000000e+00 8.170000000000000000e+03
4.000000000000000000e+00 5.243000000000000000e+03
5.000000000000000000e+00 4.005000000000000000e+03
6.000000000000000000e+00 3.535000000000000000e+03
7.000000000000000000e+00 3.030000000000000000e+03
8.000000000000000000e+00 2.789000000000000000e+03
9.000000000000000000e+00 2.497000000000000000e+03
1.000000000000000000e+01 2.253000000000000000e+03
1.100000000000000000e+01 1.977000000000000000e+03
1.200000000000000000e+01 1.734000000000000000e+03
1.300000000000000000e+01 1.406000000000000000e+03
1.400000000000000000e+01 1.064000000000000000e+03
1.500000000000000000e+01 8.310000000000000000e+02
1.600000000000000000e+01 5.240000000000000000e+02
1.700000000000000000e+01 3.350000000000000000e+02
1.800000000000000000e+01 2.300000000000000000e+02
1.900000000000000000e+01 1.240000000000000000e+02
2.000000000000000000e+01 7.200000000000000000e+01
2.100000000000000000e+01 5.500000000000000000e+01
2.200000000000000000e+01 2.200000000000000000e+01
2.300000000000000000e+01 1.000000000000000000e+01
2.500000000000000000e+01 3.000000000000000000e+00
2.400000000000000000e+01 2.000000000000000000e+00

1.000000000000000000e+00 3.008752000000000000e+06
2.000000000000000000e+00 1.856900000000000000e+04
3.000000000000000000e+00 8.447000000000000000e+03
4.000000000000000000e+00 5.351000000000000000e+03
5.000000000000000000e+00 4.022000000000000000e+03
6.000000000000000000e+00 3.405000000000000000e+03
7.000000000000000000e+00 3.059000000000000000e+03
8.000000000000000000e+00 2.679000000000000000e+03
9.000000000000000000e+00 2.352000000000000000e+03
1.000000000000000000e+01 1.978000000000000000e+03
1.100000000000000000e+01 1.657000000000000000e+03
1.200000000000000000e+01 1.370000000000000000e+03
1.300000000000000000e+01 1.059000000000000000e+03
1.400000000000000000e+01 7.750000000000000000e+02
1.500000000000000000e+01 5.280000000000000000e+02
1.600000000000000000e+01 3.780000000000000000e+02
1.700000000000000000e+01 2.030000000000000000e+02
1.800000000000000000e+01 1.590000000000000000e+02
1.900000000000000000e+01 8.800000000000000000e+01
2.000000000000000000e+01 4.300000000000000000e+01
2.100000000000000000e+01 2.300000000000000000e+01
2.200000000000000000e+01 1.200000000000000000e+01
2.400000000000000000e+01 4.000000000000000000e+00
2.300000000000000000e+01 4.000000000000000000e+00

1.000000000000000000e+00 3.046317000000000000e+06
2.000000000000000000e+00 1.854300000000000000e+04
3.000000000000000000e+00 8.615000000000000000e+03
4.000000000000000000e+00 5.408000000000000000e+03
5.000000000000000000e+00 3.947000000000000000e+03
6.000000000000000000e+00 3.086000000000000000e+03
7.000000000000000000e+00 2.725000000000000000e+03
8.000000000000000000e+00 2.365000000000000000e+03
9.000000000000000000e+00 1.919000000000000000e+03
1.000000000000000000e+01 1.628000000000000000e+03
1.100000000000000000e+01 1.341000000000000000e+03
1.200000000000000000e+01 9.770000000000000000e+02
1.300000000000000000e+01 7.480000000000000000e+02
1.400000000000000000e+01 5.250000000000000000e+02
1.500000000000000000e+01 3.730000000000000000e+02
1.600000000000000000e+01 2.410000000000000000e+02
1.700000000000000000e+01 1.350000000000000000e+02
1.800000000000000000e+01 9.800000000000000000e+01
1.900000000000000000e+01 4.800000000000000000e+01
2.000000000000000000e+01 4.000000000000000000e+01
2.100000000000000000e+01 2.200000000000000000e+01
2.300000000000000000e+01 2.000000000000000000e+00
2.200000000000000000e+01 2.000000000000000000e+00

1.000000000000000000e+00 3.068645000000000000e+06
2.000000000000000000e+00 1.896700000000000000e+04
3.000000000000000000e+00 8.650000000000000000e+03
4.000000000000000000e+00 5.441000000000000000e+03
5.000000000000000000e+00 3.911000000000000000e+03
6.000000000000000000e+00 3.057000000000000000e+03
7.000000000000000000e+00 2.494000000000000000e+03
8.000000000000000000e+00 2.060000000000000000e+03
9.000000000000000000e+00 1.679000000000000000e+03
1.000000000000000000e+01 1.381000000000000000e+03
1.100000000000000000e+01 1.081000000000000000e+03
1.200000000000000000e+01 7.980000000000000000e+02
1.300000000000000000e+01 5.540000000000000000e+02
1.400000000000000000e+01 4.320000000000000000e+02
1.500000000000000000e+01 2.830000000000000000e+02
1.600000000000000000e+01 1.600000000000000000e+02
1.700000000000000000e+01 9.500000000000000000e+01
1.800000000000000000e+01 4.200000000000000000e+01
1.900000000000000000e+01 2.700000000000000000e+01
2.000000000000000000e+01 1.200000000000000000e+01
2.100000000000000000e+01 6.000000000000000000e+00
2.200000000000000000e+01 6.000000000000000000e+00
2.400000000000000000e+01 1.000000000000000000e+00
2.300000000000000000e+01 1.000000000000000000e+00

1.000000000000000000e+00 3.099160000000000000e+06
2.000000000000000000e+00 1.919200000000000000e+04
3.000000000000000000e+00 8.925000000000000000e+03
4.000000000000000000e+00 5.453000000000000000e+03
5.000000000000000000e+00 3.707000000000000000e+03
6.000000000000000000e+00 2.707000000000000000e+03
7.000000000000000000e+00 2.091000000000000000e+03
8.000000000000000000e+00 1.646000000000000000e+03
9.000000000000000000e+00 1.416000000000000000e+03
1.000000000000000000e+01 9.750000000000000000e+02
1.100000000000000000e+01 7.540000000000000000e+02
1.200000000000000000e+01 5.370000000000000000e+02
1.300000000000000000e+01 3.560000000000000000e+02
1.400000000000000000e+01 2.280000000000000000e+02
1.500000000000000000e+01 1.670000000000000000e+02
1.600000000000000000e+01 1.090000000000000000e+02
1.700000000000000000e+01 4.900000000000000000e+01
1.800000000000000000e+01 2.900000000000000000e+01
1.900000000000000000e+01 1.500000000000000000e+01
2.000000000000000000e+01 1.100000000000000000e+01
2.100000000000000000e+01 6.000000000000000000e+00

1.000000000000000000e+00 3.120403000000000000e+06
2.000000000000000000e+00 1.915000000000000000e+04
3.000000000000000000e+00 8.725000000000000000e+03
4.000000000000000000e+00 5.072000000000000000e+03
5.000000000000000000e+00 3.496000000000000000e+03
6.000000000000000000e+00 2.461000000000000000e+03
7.000000000000000000e+00 1.937000000000000000e+03
8.000000000000000000e+00 1.479000000000000000e+03
9.000000000000000000e+00 1.059000000000000000e+03
1.000000000000000000e+01 7.600000000000000000e+02
1.100000000000000000e+01 5.490000000000000000e+02
1.200000000000000000e+01 3.900000000000000000e+02
1.300000000000000000e+01 2.650000000000000000e+02
1.400000000000000000e+01 1.790000000000000000e+02
1.500000000000000000e+01 9.600000000000000000e+01
1.600000000000000000e+01 5.300000000000000000e+01
1.700000000000000000e+01 3.300000000000000000e+01
1.800000000000000000e+01 1.600000000000000000e+01
1.900000000000000000e+01 6.000000000000000000e+00
2.000000000000000000e+01 4.000000000000000000e+00
2.200000000000000000e+01 2.000000000000000000e+00
2.100000000000000000e+01 1.000000000000000000e+00

1.000000000000000000e+00 3.138781000000000000e+06
2.000000000000000000e+00 1.853600000000000000e+04
3.000000000000000000e+00 8.309000000000000000e+03
4.000000000000000000e+00 4.847000000000000000e+03
5.000000000000000000e+00 3.214000000000000000e+03
6.000000000000000000e+00 2.364000000000000000e+03
7.000000000000000000e+00 1.703000000000000000e+03
8.000000000000000000e+00 1.259000000000000000e+03
9.000000000000000000e+00 9.090000000000000000e+02
1.000000000000000000e+01 6.270000000000000000e+02
1.100000000000000000e+01 4.030000000000000000e+02
1.200000000000000000e+01 2.520000000000000000e+02
1.300000000000000000e+01 1.570000000000000000e+02
1.400000000000000000e+01 1.080000000000000000e+02
1.500000000000000000e+01 5.900000000000000000e+01
1.600000000000000000e+01 4.000000000000000000e+01
1.700000000000000000e+01 1.800000000000000000e+01
1.800000000000000000e+01 1.100000000000000000e+01
1.900000000000000000e+01 5.000000000000000000e+00

1.000000000000000000e+00 3.167326000000000000e+06
2.000000000000000000e+00 1.825600000000000000e+04
3.000000000000000000e+00 7.834000000000000000e+03
4.000000000000000000e+00 4.287000000000000000e+03
5.000000000000000000e+00 2.663000000000000000e+03
6.000000000000000000e+00 1.723000000000000000e+03
7.000000000000000000e+00 1.190000000000000000e+03
8.000000000000000000e+00 8.610000000000000000e+02
9.000000000000000000e+00 5.670000000000000000e+02
1.000000000000000000e+01 3.720000000000000000e+02
1.100000000000000000e+01 2.780000000000000000e+02
1.200000000000000000e+01 1.520000000000000000e+02
1.300000000000000000e+01 8.000000000000000000e+01
1.400000000000000000e+01 5.800000000000000000e+01
1.500000000000000000e+01 3.400000000000000000e+01
1.600000000000000000e+01 1.500000000000000000e+01
1.700000000000000000e+01 1.000000000000000000e+01
1.800000000000000000e+01 7.000000000000000000e+00
1.900000000000000000e+01 2.000000000000000000e+00

1.000000000000000000e+00 3.192548000000000000e+06
2.000000000000000000e+00 1.755400000000000000e+04
3.000000000000000000e+00 7.070000000000000000e+03
4.000000000000000000e+00 3.520000000000000000e+03
5.000000000000000000e+00 2.022000000000000000e+03
6.000000000000000000e+00 1.294000000000000000e+03
7.000000000000000000e+00 8.590000000000000000e+02
8.000000000000000000e+00 5.220000000000000000e+02
9.000000000000000000e+00 3.410000000000000000e+02
1.000000000000000000e+01 2.160000000000000000e+02
1.100000000000000000e+01 1.310000000000000000e+02
1.200000000000000000e+01 8.000000000000000000e+01
1.300000000000000000e+01 5.000000000000000000e+01
1.400000000000000000e+01 2.200000000000000000e+01
1.500000000000000000e+01 1.100000000000000000e+01
1.600000000000000000e+01 6.000000000000000000e+00
1.700000000000000000e+01 5.000000000000000000e+00
1.900000000000000000e+01 1.000000000000000000e+00
1.800000000000000000e+01 1.000000000000000000e+00
2.000000000000000000e+01 1.000000000000000000e+00

1.000000000000000000e+00 3.201904000000000000e+06
2.000000000000000000e+00 1.725100000000000000e+04
3.000000000000000000e+00 6.873000000000000000e+03
4.000000000000000000e+00 3.342000000000000000e+03
5.000000000000000000e+00 1.777000000000000000e+03
6.000000000000000000e+00 1.059000000000000000e+03
7.000000000000000000e+00 6.690000000000000000e+02
8.000000000000000000e+00 4.310000000000000000e+02
9.000000000000000000e+00 2.370000000000000000e+02
1.000000000000000000e+01 1.590000000000000000e+02
1.100000000000000000e+01 1.130000000000000000e+02
1.200000000000000000e+01 4.200000000000000000e+01
1.300000000000000000e+01 3.100000000000000000e+01
1.400000000000000000e+01 1.100000000000000000e+01
1.600000000000000000e+01 8.000000000000000000e+00
1.500000000000000000e+01 3.000000000000000000e+00
1.900000000000000000e+01 1.000000000000000000e+00
1.800000000000000000e+01 1.000000000000000000e+00

1.000000000000000000e+00 3.214333000000000000e+06
2.000000000000000000e+00 1.657000000000000000e+04
3.000000000000000000e+00 6.184000000000000000e+03
4.000000000000000000e+00 2.949000000000000000e+03
5.000000000000000000e+00 1.588000000000000000e+03
6.000000000000000000e+00 7.970000000000000000e+02
7.000000000000000000e+00 5.170000000000000000e+02
8.000000000000000000e+00 3.050000000000000000e+02
9.000000000000000000e+00 1.560000000000000000e+02
1.000000000000000000e+01 8.100000000000000000e+01
1.100000000000000000e+01 4.400000000000000000e+01
1.200000000000000000e+01 3.000000000000000000e+01
1.300000000000000000e+01 1.400000000000000000e+01
1.400000000000000000e+01 7.000000000000000000e+00
1.500000000000000000e+01 4.000000000000000000e+00

1.000000000000000000e+00 3.224461000000000000e+06
2.000000000000000000e+00 1.591700000000000000e+04
3.000000000000000000e+00 5.596000000000000000e+03
4.000000000000000000e+00 2.554000000000000000e+03
5.000000000000000000e+00 1.282000000000000000e+03
6.000000000000000000e+00 7.010000000000000000e+02
7.000000000000000000e+00 3.670000000000000000e+02
8.000000000000000000e+00 1.900000000000000000e+02
9.000000000000000000e+00 1.040000000000000000e+02
1.000000000000000000e+01 5.100000000000000000e+01
1.100000000000000000e+01 2.500000000000000000e+01
1.200000000000000000e+01 1.500000000000000000e+01
1.300000000000000000e+01 5.000000000000000000e+00
1.600000000000000000e+01 1.000000000000000000e+00
1.400000000000000000e+01 1.000000000000000000e+00

1.000000000000000000e+00 3.233342000000000000e+06
2.000000000000000000e+00 1.502900000000000000e+04
3.000000000000000000e+00 5.088000000000000000e+03
4.000000000000000000e+00 2.192000000000000000e+03
5.000000000000000000e+00 1.059000000000000000e+03
6.000000000000000000e+00 5.390000000000000000e+02
7.000000000000000000e+00 2.540000000000000000e+02
8.000000000000000000e+00 1.310000000000000000e+02
9.000000000000000000e+00 7.200000000000000000e+01
1.000000000000000000e+01 3.400000000000000000e+01
1.100000000000000000e+01 8.000000000000000000e+00
1.200000000000000000e+01 6.000000000000000000e+00
1.300000000000000000e+01 5.000000000000000000e+00

1.000000000000000000e+00 3.240305000000000000e+06
2.000000000000000000e+00 1.455800000000000000e+04
3.000000000000000000e+00 4.696000000000000000e+03
4.000000000000000000e+00 1.811000000000000000e+03
5.000000000000000000e+00 8.270000000000000000e+02
6.000000000000000000e+00 4.050000000000000000e+02
7.000000000000000000e+00 1.900000000000000000e+02
8.000000000000000000e+00 8.700000000000000000e+01
9.000000000000000000e+00 4.900000000000000000e+01
1.000000000000000000e+01 1.000000000000000000e+01
1.100000000000000000e+01 6.000000000000000000e+00
1.200000000000000000e+01 3.000000000000000000e+00
1.300000000000000000e+01 1.000000000000000000e+00

1.000000000000000000e+00 3.244475000000000000e+06
2.000000000000000000e+00 1.387300000000000000e+04
3.000000000000000000e+00 4.400000000000000000e+03
4.000000000000000000e+00 1.676000000000000000e+03
5.000000000000000000e+00 7.410000000000000000e+02
6.000000000000000000e+00 3.630000000000000000e+02
7.000000000000000000e+00 1.520000000000000000e+02
8.000000000000000000e+00 5.200000000000000000e+01
9.000000000000000000e+00 3.300000000000000000e+01
1.000000000000000000e+01 1.200000000000000000e+01
1.100000000000000000e+01 4.000000000000000000e+00
1.200000000000000000e+01 2.000000000000000000e+00
1.400000000000000000e+01 1.000000000000000000e+00
1.300000000000000000e+01 1.000000000000000000e+00

