1.000000000000000000e+00 2.485357000000000000e+06
1.600000000000000000e+01 5.482000000000000000e+03
1.500000000000000000e+01 5.288000000000000000e+03
1.700000000000000000e+01 5.278000000000000000e+03
1.800000000000000000e+01 4.701000000000000000e+03
1.400000000000000000e+01 4.683000000000000000e+03
1.300000000000000000e+01 3.934000000000000000e+03
1.900000000000000000e+01 3.861000000000000000e+03
2.000000000000000000e+01 3.095000000000000000e+03
1.200000000000000000e+01 2.862000000000000000e+03
2.100000000000000000e+01 2.187000000000000000e+03
1.100000000000000000e+01 1.970000000000000000e+03
2.200000000000000000e+01 1.553000000000000000e+03
1.000000000000000000e+01 1.275000000000000000e+03
2.300000000000000000e+01 1.026000000000000000e+03
2.400000000000000000e+01 6.830000000000000000e+02
9.000000000000000000e+00 6.200000000000000000e+02
2.500000000000000000e+01 3.800000000000000000e+02
8.000000000000000000e+00 3.620000000000000000e+02
2.600000000000000000e+01 2.080000000000000000e+02
7.000000000000000000e+00 1.400000000000000000e+02
2.700000000000000000e+01 1.310000000000000000e+02
2.800000000000000000e+01 6.500000000000000000e+01
6.000000000000000000e+00 5.000000000000000000e+01
2.900000000000000000e+01 4.200000000000000000e+01
5.000000000000000000e+00 1.700000000000000000e+01
3.000000000000000000e+01 1.700000000000000000e+01
4.000000000000000000e+00 1.200000000000000000e+01
3.100000000000000000e+01 1.200000000000000000e+01
2.000000000000000000e+00 8.000000000000000000e+00
3.000000000000000000e+00 8.000000000000000000e+00
3.200000000000000000e+01 3.000000000000000000e+00
3.300000000000000000e+01 1.000000000000000000e+00
3.400000000000000000e+01 1.000000000000000000e+00

1.000000000000000000e+00 2.492787000000000000e+06
1.600000000000000000e+01 5.312000000000000000e+03
1.500000000000000000e+01 5.154000000000000000e+03
1.700000000000000000e+01 5.114000000000000000e+03
1.400000000000000000e+01 4.730000000000000000e+03
1.800000000000000000e+01 4.636000000000000000e+03
1.300000000000000000e+01 4.023000000000000000e+03
1.900000000000000000e+01 3.638000000000000000e+03
1.200000000000000000e+01 3.205000000000000000e+03
2.000000000000000000e+01 2.924000000000000000e+03
2.100000000000000000e+01 2.205000000000000000e+03
1.100000000000000000e+01 2.186000000000000000e+03
2.200000000000000000e+01 1.509000000000000000e+03
1.000000000000000000e+01 1.380000000000000000e+03
2.300000000000000000e+01 9.940000000000000000e+02
9.000000000000000000e+00 7.400000000000000000e+02
2.400000000000000000e+01 6.170000000000000000e+02
8.000000000000000000e+00 4.160000000000000000e+02
2.500000000000000000e+01 3.440000000000000000e+02
2.600000000000000000e+01 2.570000000000000000e+02
7.000000000000000000e+00 1.790000000000000000e+02
2.700000000000000000e+01 1.290000000000000000e+02
2.800000000000000000e+01 7.000000000000000000e+01
6.000000000000000000e+00 5.800000000000000000e+01
2.900000000000000000e+01 4.100000000000000000e+01
5.000000000000000000e+00 2.900000000000000000e+01
3.000000000000000000e+01 1.800000000000000000e+01
2.000000000000000000e+00 1.300000000000000000e+01
3.100000000000000000e+01 1.200000000000000000e+01
3.000000000000000000e+00 1.100000000000000000e+01
4.000000000000000000e+00 1.000000000000000000e+01
3.200000000000000000e+01 3.000000000000000000e+00
3.500000000000000000e+01 2.000000000000000000e+00
3.300000000000000000e+01 2.000000000000000000e+00
3.400000000000000000e+01 1.000000000000000000e+00

1.000000000000000000e+00 2.500169000000000000e+06
1.600000000000000000e+01 5.258000000000000000e+03
1.500000000000000000e+01 5.173000000000000000e+03
1.700000000000000000e+01 4.851000000000000000e+03
1.400000000000000000e+01 4.846000000000000000e+03
1.800000000000000000e+01 4.282000000000000000e+03
1.300000000000000000e+01 4.089000000000000000e+03
1.900000000000000000e+01 3.554000000000000000e+03
1.200000000000000000e+01 3.191000000000000000e+03
2.000000000000000000e+01 2.769000000000000000e+03
1.100000000000000000e+01 2.389000000000000000e+03
2.100000000000000000e+01 2.076000000000000000e+03
1.000000000000000000e+01 1.541000000000000000e+03
2.200000000000000000e+01 1.420000000000000000e+03
2.300000000000000000e+01 9.440000000000000000e+02
9.000000000000000000e+00 9.390000000000000000e+02
2.400000000000000000e+01 6.630000000000000000e+02
8.000000000000000000e+00 4.970000000000000000e+02
2.500000000000000000e+01 4.220000000000000000e+02
7.000000000000000000e+00 2.580000000000000000e+02
2.600000000000000000e+01 2.500000000000000000e+02
2.700000000000000000e+01 1.720000000000000000e+02
6.000000000000000000e+00 1.070000000000000000e+02
2.800000000000000000e+01 8.300000000000000000e+01
2.900000000000000000e+01 5.200000000000000000e+01
5.000000000000000000e+00 3.200000000000000000e+01
3.000000000000000000e+01 2.500000000000000000e+01
2.000000000000000000e+00 2.000000000000000000e+01
4.000000000000000000e+00 1.900000000000000000e+01
3.100000000000000000e+01 1.300000000000000000e+01
3.000000000000000000e+00 1.000000000000000000e+01
3.200000000000000000e+01 6.000000000000000000e+00
3.300000000000000000e+01 5.000000000000000000e+00

1.000000000000000000e+00 2.511871000000000000e+06
1.500000000000000000e+01 5.006000000000000000e+03
1.600000000000000000e+01 4.893000000000000000e+03
1.400000000000000000e+01 4.776000000000000000e+03
1.700000000000000000e+01 4.714000000000000000e+03
1.300000000000000000e+01 4.314000000000000000e+03
1.800000000000000000e+01 4.089000000000000000e+03
1.200000000000000000e+01 3.457000000000000000e+03
1.900000000000000000e+01 3.357000000000000000e+03
1.100000000000000000e+01 2.616000000000000000e+03
2.000000000000000000e+01 2.586000000000000000e+03
2.100000000000000000e+01 1.957000000000000000e+03
1.000000000000000000e+01 1.738000000000000000e+03
2.200000000000000000e+01 1.334000000000000000e+03
9.000000000000000000e+00 1.213000000000000000e+03
2.300000000000000000e+01 1.006000000000000000e+03
2.400000000000000000e+01 6.390000000000000000e+02
8.000000000000000000e+00 6.080000000000000000e+02
2.500000000000000000e+01 4.120000000000000000e+02
7.000000000000000000e+00 3.470000000000000000e+02
2.600000000000000000e+01 2.130000000000000000e+02
6.000000000000000000e+00 1.750000000000000000e+02
2.700000000000000000e+01 1.490000000000000000e+02
2.800000000000000000e+01 8.400000000000000000e+01
5.000000000000000000e+00 7.800000000000000000e+01
2.900000000000000000e+01 5.000000000000000000e+01
3.000000000000000000e+01 3.800000000000000000e+01
4.000000000000000000e+00 3.100000000000000000e+01
3.000000000000000000e+00 2.100000000000000000e+01
3.100000000000000000e+01 2.000000000000000000e+01
3.200000000000000000e+01 1.300000000000000000e+01
2.000000000000000000e+00 1.000000000000000000e+01
3.400000000000000000e+01 4.000000000000000000e+00
3.300000000000000000e+01 3.000000000000000000e+00
3.600000000000000000e+01 2.000000000000000000e+00

1.000000000000000000e+00 2.526187000000000000e+06
1.500000000000000000e+01 4.905000000000000000e+03
1.400000000000000000e+01 4.825000000000000000e+03
1.600000000000000000e+01 4.796000000000000000e+03
1.300000000000000000e+01 4.379000000000000000e+03
1.700000000000000000e+01 4.338000000000000000e+03
1.800000000000000000e+01 3.693000000000000000e+03
1.200000000000000000e+01 3.683000000000000000e+03
1.900000000000000000e+01 3.122000000000000000e+03
1.100000000000000000e+01 2.880000000000000000e+03
2.000000000000000000e+01 2.428000000000000000e+03
1.000000000000000000e+01 2.054000000000000000e+03
2.100000000000000000e+01 1.865000000000000000e+03
9.000000000000000000e+00 1.342000000000000000e+03
2.200000000000000000e+01 1.330000000000000000e+03
2.300000000000000000e+01 8.970000000000000000e+02
8.000000000000000000e+00 8.690000000000000000e+02
2.400000000000000000e+01 5.790000000000000000e+02
7.000000000000000000e+00 5.060000000000000000e+02
2.500000000000000000e+01 4.190000000000000000e+02
2.600000000000000000e+01 2.530000000000000000e+02
6.000000000000000000e+00 2.480000000000000000e+02
2.700000000000000000e+01 1.370000000000000000e+02
5.000000000000000000e+00 1.090000000000000000e+02
2.800000000000000000e+01 9.400000000000000000e+01
4.000000000000000000e+00 5.400000000000000000e+01
2.900000000000000000e+01 4.200000000000000000e+01
3.000000000000000000e+01 2.700000000000000000e+01
2.000000000000000000e+00 2.300000000000000000e+01
3.000000000000000000e+00 1.900000000000000000e+01
3.200000000000000000e+01 1.600000000000000000e+01
3.100000000000000000e+01 1.300000000000000000e+01
3.300000000000000000e+01 6.000000000000000000e+00
3.400000000000000000e+01 1.000000000000000000e+00
3.700000000000000000e+01 1.000000000000000000e+00
3.900000000000000000e+01 1.000000000000000000e+00

1.000000000000000000e+00 2.541194000000000000e+06
1.500000000000000000e+01 4.821000000000000000e+03
1.400000000000000000e+01 4.784000000000000000e+03
1.600000000000000000e+01 4.566000000000000000e+03
1.300000000000000000e+01 4.401000000000000000e+03
1.700000000000000000e+01 4.077000000000000000e+03
1.200000000000000000e+01 3.825000000000000000e+03
1.800000000000000000e+01 3.352000000000000000e+03
1.100000000000000000e+01 3.155000000000000000e+03
1.900000000000000000e+01 2.854000000000000000e+03
1.000000000000000000e+01 2.360000000000000000e+03
2.000000000000000000e+01 2.241000000000000000e+03
2.100000000000000000e+01 1.733000000000000000e+03
9.000000000000000000e+00 1.611000000000000000e+03
2.200000000000000000e+01 1.262000000000000000e+03
8.000000000000000000e+00 1.090000000000000000e+03
2.300000000000000000e+01 8.530000000000000000e+02
7.000000000000000000e+00 6.530000000000000000e+02
2.400000000000000000e+01 6.170000000000000000e+02
6.000000000000000000e+00 3.610000000000000000e+02
2.500000000000000000e+01 3.580000000000000000e+02
2.600000000000000000e+01 2.530000000000000000e+02
5.000000000000000000e+00 1.680000000000000000e+02
2.700000000000000000e+01 1.450000000000000000e+02
2.800000000000000000e+01 1.090000000000000000e+02
4.000000000000000000e+00 1.020000000000000000e+02
2.900000000000000000e+01 4.700000000000000000e+01
3.000000000000000000e+01 4.100000000000000000e+01
3.000000000000000000e+00 3.700000000000000000e+01
2.000000000000000000e+00 2.900000000000000000e+01
3.100000000000000000e+01 1.400000000000000000e+01
3.200000000000000000e+01 1.000000000000000000e+01
3.300000000000000000e+01 7.000000000000000000e+00
3.400000000000000000e+01 3.000000000000000000e+00
3.600000000000000000e+01 3.000000000000000000e+00
3.700000000000000000e+01 1.000000000000000000e+00
3.500000000000000000e+01 1.000000000000000000e+00
3.800000000000000000e+01 1.000000000000000000e+00

1.000000000000000000e+00 2.558493000000000000e+06
1.400000000000000000e+01 4.641000000000000000e+03
1.500000000000000000e+01 4.617000000000000000e+03
1.300000000000000000e+01 4.378000000000000000e+03
1.600000000000000000e+01 4.286000000000000000e+03
1.200000000000000000e+01 4.018000000000000000e+03
1.700000000000000000e+01 3.840000000000000000e+03
1.100000000000000000e+01 3.286000000000000000e+03
1.800000000000000000e+01 3.247000000000000000e+03
1.000000000000000000e+01 2.650000000000000000e+03
1.900000000000000000e+01 2.620000000000000000e+03
2.000000000000000000e+01 2.063000000000000000e+03
9.000000000000000000e+00 1.945000000000000000e+03
2.100000000000000000e+01 1.560000000000000000e+03
8.000000000000000000e+00 1.324000000000000000e+03
2.200000000000000000e+01 1.164000000000000000e+03
7.000000000000000000e+00 8.460000000000000000e+02
2.300000000000000000e+01 8.060000000000000000e+02
2.400000000000000000e+01 5.750000000000000000e+02
6.000000000000000000e+00 5.040000000000000000e+02
2.500000000000000000e+01 3.510000000000000000e+02
5.000000000000000000e+00 2.900000000000000000e+02
2.600000000000000000e+01 2.480000000000000000e+02
4.000000000000000000e+00 1.650000000000000000e+02
2.700000000000000000e+01 1.600000000000000000e+02
2.800000000000000000e+01 9.000000000000000000e+01
3.000000000000000000e+00 6.900000000000000000e+01
2.000000000000000000e+00 6.300000000000000000e+01
2.900000000000000000e+01 5.400000000000000000e+01
3.000000000000000000e+01 2.700000000000000000e+01
3.100000000000000000e+01 2.600000000000000000e+01
3.300000000000000000e+01 1.000000000000000000e+01
3.200000000000000000e+01 8.000000000000000000e+00
3.400000000000000000e+01 3.000000000000000000e+00
3.500000000000000000e+01 1.000000000000000000e+00

1.000000000000000000e+00 2.582123000000000000e+06
1.400000000000000000e+01 4.386000000000000000e+03
1.500000000000000000e+01 4.348000000000000000e+03
1.300000000000000000e+01 4.309000000000000000e+03
1.200000000000000000e+01 4.121000000000000000e+03
1.600000000000000000e+01 3.981000000000000000e+03
1.100000000000000000e+01 3.581000000000000000e+03
1.700000000000000000e+01 3.473000000000000000e+03
1.800000000000000000e+01 2.989000000000000000e+03
1.000000000000000000e+01 2.896000000000000000e+03
9.000000000000000000e+00 2.482000000000000000e+03
1.900000000000000000e+01 2.382000000000000000e+03
2.000000000000000000e+01 1.874000000000000000e+03
8.000000000000000000e+00 1.656000000000000000e+03
2.100000000000000000e+01 1.438000000000000000e+03
7.000000000000000000e+00 1.113000000000000000e+03
2.200000000000000000e+01 1.034000000000000000e+03
2.300000000000000000e+01 7.380000000000000000e+02
6.000000000000000000e+00 7.160000000000000000e+02
2.400000000000000000e+01 5.180000000000000000e+02
5.000000000000000000e+00 4.500000000000000000e+02
2.500000000000000000e+01 3.650000000000000000e+02
4.000000000000000000e+00 2.460000000000000000e+02
2.600000000000000000e+01 2.300000000000000000e+02
3.000000000000000000e+00 1.580000000000000000e+02
2.000000000000000000e+00 1.150000000000000000e+02
2.700000000000000000e+01 1.080000000000000000e+02
2.800000000000000000e+01 1.030000000000000000e+02
2.900000000000000000e+01 5.400000000000000000e+01
3.000000000000000000e+01 3.300000000000000000e+01
3.200000000000000000e+01 1.200000000000000000e+01
3.100000000000000000e+01 9.000000000000000000e+00
3.500000000000000000e+01 1.000000000000000000e+00
3.400000000000000000e+01 1.000000000000000000e+00

1.000000000000000000e+00 2.616590000000000000e+06
1.300000000000000000e+01 4.320000000000000000e+03
1.400000000000000000e+01 4.169000000000000000e+03
1.200000000000000000e+01 4.095000000000000000e+03
1.500000000000000000e+01 4.062000000000000000e+03
1.100000000000000000e+01 3.781000000000000000e+03
1.600000000000000000e+01 3.548000000000000000e+03
1.000000000000000000e+01 3.328000000000000000e+03
1.700000000000000000e+01 3.086000000000000000e+03
9.000000000000000000e+00 2.671000000000000000e+03
1.800000000000000000e+01 2.622000000000000000e+03
8.000000000000000000e+00 2.138000000000000000e+03
1.900000000000000000e+01 2.072000000000000000e+03
7.000000000000000000e+00 1.649000000000000000e+03
2.000000000000000000e+01 1.648000000000000000e+03
2.100000000000000000e+01 1.191000000000000000e+03
6.000000000000000000e+00 1.097000000000000000e+03
2.200000000000000000e+01 8.980000000000000000e+02
5.000000000000000000e+00 7.140000000000000000e+02
2.300000000000000000e+01 6.090000000000000000e+02
4.000000000000000000e+00 4.410000000000000000e+02
2.400000000000000000e+01 4.300000000000000000e+02
3.000000000000000000e+00 2.930000000000000000e+02
2.500000000000000000e+01 2.720000000000000000e+02
2.000000000000000000e+00 1.990000000000000000e+02
2.600000000000000000e+01 1.880000000000000000e+02
2.700000000000000000e+01 1.290000000000000000e+02
2.800000000000000000e+01 7.700000000000000000e+01
2.900000000000000000e+01 4.200000000000000000e+01
3.000000000000000000e+01 3.000000000000000000e+01
3.100000000000000000e+01 1.400000000000000000e+01
3.300000000000000000e+01 3.000000000000000000e+00
3.400000000000000000e+01 3.000000000000000000e+00
3.200000000000000000e+01 2.000000000000000000e+00
3.500000000000000000e+01 1.000000000000000000e+00
3.700000000000000000e+01 1.000000000000000000e+00

1.000000000000000000e+00 2.657684000000000000e+06
1.200000000000000000e+01 4.010000000000000000e+03
1.300000000000000000e+01 3.952000000000000000e+03
1.100000000000000000e+01 3.829000000000000000e+03
1.400000000000000000e+01 3.740000000000000000e+03
1.000000000000000000e+01 3.534000000000000000e+03
1.500000000000000000e+01 3.484000000000000000e+03
9.000000000000000000e+00 3.162000000000000000e+03
1.600000000000000000e+01 3.093000000000000000e+03
8.000000000000000000e+00 2.684000000000000000e+03
1.700000000000000000e+01 2.662000000000000000e+03
1.800000000000000000e+01 2.215000000000000000e+03
7.000000000000000000e+00 2.159000000000000000e+03
1.900000000000000000e+01 1.811000000000000000e+03
6.000000000000000000e+00 1.602000000000000000e+03
2.000000000000000000e+01 1.348000000000000000e+03
5.000000000000000000e+00 1.142000000000000000e+03
2.100000000000000000e+01 1.060000000000000000e+03
4.000000000000000000e+00 7.700000000000000000e+02
2.200000000000000000e+01 7.660000000000000000e+02
2.300000000000000000e+01 5.550000000000000000e+02
3.000000000000000000e+00 5.320000000000000000e+02
2.000000000000000000e+00 4.760000000000000000e+02
2.400000000000000000e+01 3.750000000000000000e+02
2.500000000000000000e+01 2.290000000000000000e+02
2.600000000000000000e+01 1.680000000000000000e+02
2.700000000000000000e+01 1.340000000000000000e+02
2.800000000000000000e+01 6.800000000000000000e+01
2.900000000000000000e+01 4.100000000000000000e+01
3.000000000000000000e+01 1.800000000000000000e+01
3.100000000000000000e+01 1.000000000000000000e+01
3.300000000000000000e+01 4.000000000000000000e+00
3.500000000000000000e+01 2.000000000000000000e+00
3.400000000000000000e+01 1.000000000000000000e+00

1.000000000000000000e+00 2.719423000000000000e+06
1.200000000000000000e+01 3.717000000000000000e+03
1.100000000000000000e+01 3.637000000000000000e+03
1.000000000000000000e+01 3.561000000000000000e+03
1.300000000000000000e+01 3.547000000000000000e+03
9.000000000000000000e+00 3.443000000000000000e+03
1.400000000000000000e+01 3.237000000000000000e+03
8.000000000000000000e+00 3.119000000000000000e+03
1.500000000000000000e+01 2.795000000000000000e+03
7.000000000000000000e+00 2.772000000000000000e+03
1.600000000000000000e+01 2.542000000000000000e+03
6.000000000000000000e+00 2.250000000000000000e+03
1.700000000000000000e+01 2.068000000000000000e+03
5.000000000000000000e+00 1.810000000000000000e+03
1.800000000000000000e+01 1.754000000000000000e+03
4.000000000000000000e+00 1.445000000000000000e+03
1.900000000000000000e+01 1.438000000000000000e+03
2.000000000000000000e+01 1.092000000000000000e+03
3.000000000000000000e+00 1.081000000000000000e+03
2.000000000000000000e+00 1.022000000000000000e+03
2.100000000000000000e+01 8.340000000000000000e+02
2.200000000000000000e+01 5.910000000000000000e+02
2.300000000000000000e+01 4.570000000000000000e+02
2.400000000000000000e+01 3.080000000000000000e+02
2.500000000000000000e+01 2.110000000000000000e+02
2.600000000000000000e+01 1.310000000000000000e+02
2.700000000000000000e+01 7.300000000000000000e+01
2.800000000000000000e+01 3.500000000000000000e+01
2.900000000000000000e+01 2.500000000000000000e+01
3.000000000000000000e+01 1.300000000000000000e+01
3.100000000000000000e+01 6.000000000000000000e+00
3.200000000000000000e+01 4.000000000000000000e+00

1.000000000000000000e+00 2.814296000000000000e+06
9.000000000000000000e+00 3.234000000000000000e+03
1.100000000000000000e+01 3.233000000000000000e+03
7.000000000000000000e+00 3.187000000000000000e+03
1.000000000000000000e+01 3.183000000000000000e+03
8.000000000000000000e+00 3.159000000000000000e+03
6.000000000000000000e+00 3.081000000000000000e+03
1.200000000000000000e+01 2.945000000000000000e+03
5.000000000000000000e+00 2.778000000000000000e+03
1.300000000000000000e+01 2.736000000000000000e+03
4.000000000000000000e+00 2.518000000000000000e+03
1.400000000000000000e+01 2.450000000000000000e+03
2.000000000000000000e+00 2.340000000000000000e+03
3.000000000000000000e+00 2.217000000000000000e+03
1.500000000000000000e+01 2.115000000000000000e+03
1.600000000000000000e+01 1.856000000000000000e+03
1.700000000000000000e+01 1.551000000000000000e+03
1.800000000000000000e+01 1.298000000000000000e+03
1.900000000000000000e+01 1.019000000000000000e+03
2.000000000000000000e+01 7.510000000000000000e+02
2.100000000000000000e+01 5.520000000000000000e+02
2.200000000000000000e+01 4.050000000000000000e+02
2.300000000000000000e+01 3.020000000000000000e+02
2.400000000000000000e+01 1.730000000000000000e+02
2.500000000000000000e+01 8.600000000000000000e+01
2.600000000000000000e+01 6.400000000000000000e+01
2.700000000000000000e+01 3.100000000000000000e+01
2.800000000000000000e+01 2.100000000000000000e+01
2.900000000000000000e+01 6.000000000000000000e+00
3.000000000000000000e+01 2.000000000000000000e+00
3.100000000000000000e+01 1.000000000000000000e+00

1.000000000000000000e+00 2.934681000000000000e+06
2.000000000000000000e+00 4.267000000000000000e+03
4.000000000000000000e+00 3.836000000000000000e+03
3.000000000000000000e+00 3.783000000000000000e+03
5.000000000000000000e+00 3.672000000000000000e+03
6.000000000000000000e+00 3.578000000000000000e+03
7.000000000000000000e+00 3.199000000000000000e+03
8.000000000000000000e+00 3.034000000000000000e+03
9.000000000000000000e+00 2.772000000000000000e+03
1.000000000000000000e+01 2.508000000000000000e+03
1.100000000000000000e+01 2.267000000000000000e+03
1.200000000000000000e+01 2.112000000000000000e+03
1.300000000000000000e+01 1.831000000000000000e+03
1.400000000000000000e+01 1.598000000000000000e+03
1.500000000000000000e+01 1.302000000000000000e+03
1.600000000000000000e+01 1.095000000000000000e+03
1.700000000000000000e+01 8.990000000000000000e+02
1.800000000000000000e+01 7.000000000000000000e+02
1.900000000000000000e+01 5.040000000000000000e+02
2.000000000000000000e+01 3.970000000000000000e+02
2.100000000000000000e+01 2.590000000000000000e+02
2.200000000000000000e+01 1.770000000000000000e+02
2.300000000000000000e+01 1.020000000000000000e+02
2.400000000000000000e+01 5.600000000000000000e+01
2.500000000000000000e+01 3.700000000000000000e+01
2.600000000000000000e+01 1.700000000000000000e+01
2.700000000000000000e+01 5.000000000000000000e+00
2.800000000000000000e+01 4.000000000000000000e+00
2.900000000000000000e+01 1.000000000000000000e+00

1.000000000000000000e+00 3.066542000000000000e+06
2.000000000000000000e+00 7.220000000000000000e+03
3.000000000000000000e+00 5.856000000000000000e+03
4.000000000000000000e+00 5.139000000000000000e+03
5.000000000000000000e+00 4.100000000000000000e+03
6.000000000000000000e+00 3.279000000000000000e+03
7.000000000000000000e+00 2.647000000000000000e+03
8.000000000000000000e+00 2.117000000000000000e+03
9.000000000000000000e+00 1.689000000000000000e+03
1.000000000000000000e+01 1.423000000000000000e+03
1.100000000000000000e+01 1.206000000000000000e+03
1.200000000000000000e+01 9.730000000000000000e+02
1.300000000000000000e+01 8.180000000000000000e+02
1.400000000000000000e+01 6.710000000000000000e+02
1.500000000000000000e+01 5.330000000000000000e+02
1.600000000000000000e+01 4.030000000000000000e+02
1.700000000000000000e+01 2.880000000000000000e+02
1.800000000000000000e+01 1.860000000000000000e+02
1.900000000000000000e+01 1.650000000000000000e+02
2.000000000000000000e+01 1.100000000000000000e+02
2.100000000000000000e+01 5.400000000000000000e+01
2.200000000000000000e+01 3.800000000000000000e+01
2.300000000000000000e+01 1.800000000000000000e+01
2.400000000000000000e+01 1.100000000000000000e+01
2.500000000000000000e+01 3.000000000000000000e+00
2.700000000000000000e+01 2.000000000000000000e+00
2.600000000000000000e+01 1.000000000000000000e+00
2.900000000000000000e+01 1.000000000000000000e+00

1.000000000000000000e+00 3.155489000000000000e+06
2.000000000000000000e+00 9.629000000000000000e+03
3.000000000000000000e+00 7.064000000000000000e+03
4.000000000000000000e+00 5.378000000000000000e+03
5.000000000000000000e+00 3.698000000000000000e+03
6.000000000000000000e+00 2.434000000000000000e+03
7.000000000000000000e+00 1.593000000000000000e+03
8.000000000000000000e+00 1.064000000000000000e+03
9.000000000000000000e+00 7.310000000000000000e+02
1.000000000000000000e+01 5.300000000000000000e+02
1.100000000000000000e+01 3.650000000000000000e+02
1.200000000000000000e+01 2.750000000000000000e+02
1.300000000000000000e+01 2.320000000000000000e+02
1.400000000000000000e+01 1.540000000000000000e+02
1.500000000000000000e+01 9.500000000000000000e+01
1.600000000000000000e+01 7.800000000000000000e+01
1.700000000000000000e+01 5.200000000000000000e+01
1.800000000000000000e+01 3.800000000000000000e+01
1.900000000000000000e+01 3.500000000000000000e+01
2.000000000000000000e+01 1.300000000000000000e+01
2.100000000000000000e+01 9.000000000000000000e+00
2.400000000000000000e+01 2.000000000000000000e+00
2.300000000000000000e+01 1.000000000000000000e+00

1.000000000000000000e+00 3.198447000000000000e+06
2.000000000000000000e+00 1.077900000000000000e+04
3.000000000000000000e+00 7.320000000000000000e+03
4.000000000000000000e+00 4.770000000000000000e+03
5.000000000000000000e+00 2.832000000000000000e+03
6.000000000000000000e+00 1.518000000000000000e+03
7.000000000000000000e+00 8.090000000000000000e+02
8.000000000000000000e+00 4.510000000000000000e+02
9.000000000000000000e+00 2.450000000000000000e+02
1.000000000000000000e+01 1.380000000000000000e+02
1.100000000000000000e+01 7.900000000000000000e+01
1.200000000000000000e+01 6.000000000000000000e+01
1.300000000000000000e+01 3.100000000000000000e+01
1.400000000000000000e+01 2.000000000000000000e+01
1.600000000000000000e+01 1.300000000000000000e+01
1.700000000000000000e+01 8.000000000000000000e+00
1.500000000000000000e+01 7.000000000000000000e+00
1.800000000000000000e+01 4.000000000000000000e+00
1.900000000000000000e+01 2.000000000000000000e+00

1.000000000000000000e+00 3.214637000000000000e+06
2.000000000000000000e+00 1.118400000000000000e+04
3.000000000000000000e+00 7.050000000000000000e+03
4.000000000000000000e+00 4.448000000000000000e+03
5.000000000000000000e+00 2.236000000000000000e+03
6.000000000000000000e+00 1.045000000000000000e+03
7.000000000000000000e+00 4.620000000000000000e+02
8.000000000000000000e+00 1.900000000000000000e+02
9.000000000000000000e+00 7.500000000000000000e+01
1.000000000000000000e+01 4.900000000000000000e+01
1.200000000000000000e+01 1.900000000000000000e+01
1.100000000000000000e+01 1.900000000000000000e+01
1.300000000000000000e+01 1.000000000000000000e+01
1.400000000000000000e+01 5.000000000000000000e+00
1.600000000000000000e+01 2.000000000000000000e+00
1.500000000000000000e+01 1.000000000000000000e+00

1.000000000000000000e+00 3.222142000000000000e+06
2.000000000000000000e+00 1.085800000000000000e+04
3.000000000000000000e+00 7.119000000000000000e+03
4.000000000000000000e+00 4.170000000000000000e+03
5.000000000000000000e+00 1.992000000000000000e+03
6.000000000000000000e+00 7.580000000000000000e+02
7.000000000000000000e+00 2.670000000000000000e+02
8.000000000000000000e+00 1.320000000000000000e+02
9.000000000000000000e+00 4.000000000000000000e+01
1.000000000000000000e+01 1.800000000000000000e+01
1.100000000000000000e+01 6.000000000000000000e+00
1.200000000000000000e+01 2.000000000000000000e+00
1.400000000000000000e+01 1.000000000000000000e+00
1.300000000000000000e+01 1.000000000000000000e+00
1.500000000000000000e+01 1.000000000000000000e+00

1.000000000000000000e+00 3.227532000000000000e+06
2.000000000000000000e+00 1.121200000000000000e+04
3.000000000000000000e+00 6.777000000000000000e+03
4.000000000000000000e+00 3.840000000000000000e+03
5.000000000000000000e+00 1.666000000000000000e+03
6.000000000000000000e+00 6.500000000000000000e+02
7.000000000000000000e+00 2.060000000000000000e+02
8.000000000000000000e+00 5.600000000000000000e+01
9.000000000000000000e+00 1.900000000000000000e+01
1.000000000000000000e+01 5.000000000000000000e+00
1.200000000000000000e+01 1.000000000000000000e+00

1.000000000000000000e+00 3.229267000000000000e+06
2.000000000000000000e+00 1.117300000000000000e+04
3.000000000000000000e+00 6.724000000000000000e+03
4.000000000000000000e+00 3.656000000000000000e+03
5.000000000000000000e+00 1.653000000000000000e+03
6.000000000000000000e+00 5.910000000000000000e+02
7.000000000000000000e+00 1.720000000000000000e+02
8.000000000000000000e+00 4.900000000000000000e+01
9.000000000000000000e+00 1.800000000000000000e+01
1.200000000000000000e+01 1.000000000000000000e+00
1.000000000000000000e+01 1.000000000000000000e+00

1.000000000000000000e+00 3.231383000000000000e+06
2.000000000000000000e+00 1.128400000000000000e+04
3.000000000000000000e+00 6.719000000000000000e+03
4.000000000000000000e+00 3.421000000000000000e+03
5.000000000000000000e+00 1.538000000000000000e+03
6.000000000000000000e+00 5.080000000000000000e+02
7.000000000000000000e+00 1.470000000000000000e+02
8.000000000000000000e+00 4.000000000000000000e+01
9.000000000000000000e+00 9.000000000000000000e+00
1.000000000000000000e+01 4.000000000000000000e+00

1.000000000000000000e+00 3.233018000000000000e+06
2.000000000000000000e+00 1.115100000000000000e+04
3.000000000000000000e+00 6.618000000000000000e+03
4.000000000000000000e+00 3.391000000000000000e+03
5.000000000000000000e+00 1.493000000000000000e+03
6.000000000000000000e+00 4.420000000000000000e+02
7.000000000000000000e+00 1.190000000000000000e+02
8.000000000000000000e+00 3.300000000000000000e+01
9.000000000000000000e+00 3.000000000000000000e+00
1.100000000000000000e+01 1.000000000000000000e+00
1.000000000000000000e+01 1.000000000000000000e+00

1.000000000000000000e+00 3.234185000000000000e+06
2.000000000000000000e+00 1.110400000000000000e+04
3.000000000000000000e+00 6.448000000000000000e+03
4.000000000000000000e+00 3.373000000000000000e+03
5.000000000000000000e+00 1.349000000000000000e+03
6.000000000000000000e+00 4.610000000000000000e+02
7.000000000000000000e+00 1.160000000000000000e+02
8.000000000000000000e+00 4.000000000000000000e+01
9.000000000000000000e+00 1.200000000000000000e+01
1.000000000000000000e+01 2.000000000000000000e+00

1.000000000000000000e+00 3.235733000000000000e+06
2.000000000000000000e+00 1.114000000000000000e+04
3.000000000000000000e+00 6.419000000000000000e+03
4.000000000000000000e+00 3.170000000000000000e+03
5.000000000000000000e+00 1.270000000000000000e+03
6.000000000000000000e+00 4.350000000000000000e+02
7.000000000000000000e+00 1.170000000000000000e+02
8.000000000000000000e+00 2.600000000000000000e+01
9.000000000000000000e+00 7.000000000000000000e+00

1.000000000000000000e+00 3.235392000000000000e+06
2.000000000000000000e+00 1.107500000000000000e+04
3.000000000000000000e+00 6.517000000000000000e+03
4.000000000000000000e+00 3.140000000000000000e+03
5.000000000000000000e+00 1.346000000000000000e+03
6.000000000000000000e+00 4.390000000000000000e+02
7.000000000000000000e+00 1.150000000000000000e+02
8.000000000000000000e+00 1.400000000000000000e+01
9.000000000000000000e+00 4.000000000000000000e+00
1.000000000000000000e+01 3.000000000000000000e+00

1.000000000000000000e+00 3.236970000000000000e+06
2.000000000000000000e+00 1.095900000000000000e+04
3.000000000000000000e+00 6.248000000000000000e+03
4.000000000000000000e+00 3.181000000000000000e+03
5.000000000000000000e+00 1.272000000000000000e+03
6.000000000000000000e+00 4.180000000000000000e+02
7.000000000000000000e+00 8.500000000000000000e+01
8.000000000000000000e+00 1.700000000000000000e+01
9.000000000000000000e+00 5.000000000000000000e+00

1.000000000000000000e+00 3.236576000000000000e+06
2.000000000000000000e+00 1.088900000000000000e+04
3.000000000000000000e+00 6.296000000000000000e+03
4.000000000000000000e+00 3.334000000000000000e+03
5.000000000000000000e+00 1.262000000000000000e+03
6.000000000000000000e+00 3.700000000000000000e+02
7.000000000000000000e+00 9.800000000000000000e+01
8.000000000000000000e+00 2.000000000000000000e+01
9.000000000000000000e+00 4.000000000000000000e+00
1.000000000000000000e+01 1.000000000000000000e+00

1.000000000000000000e+00 2.484036000000000000e+06
1.600000000000000000e+01 5.527000000000000000e+03
1.700000000000000000e+01 5.321000000000000000e+03
1.500000000000000000e+01 5.298000000000000000e+03
1.400000000000000000e+01 4.730000000000000000e+03
1.800000000000000000e+01 4.607000000000000000e+03
1.900000000000000000e+01 3.991000000000000000e+03
1.300000000000000000e+01 3.889000000000000000e+03
2.000000000000000000e+01 3.062000000000000000e+03
1.200000000000000000e+01 2.883000000000000000e+03
2.100000000000000000e+01 2.239000000000000000e+03
1.100000000000000000e+01 1.918000000000000000e+03
2.200000000000000000e+01 1.567000000000000000e+03
1.000000000000000000e+01 1.158000000000000000e+03
2.300000000000000000e+01 1.016000000000000000e+03
2.400000000000000000e+01 6.570000000000000000e+02
9.000000000000000000e+00 6.560000000000000000e+02
2.500000000000000000e+01 3.960000000000000000e+02
8.000000000000000000e+00 3.210000000000000000e+02
2.600000000000000000e+01 2.060000000000000000e+02
7.000000000000000000e+00 1.480000000000000000e+02
2.700000000000000000e+01 1.230000000000000000e+02
2.800000000000000000e+01 7.200000000000000000e+01
6.000000000000000000e+00 5.400000000000000000e+01
2.900000000000000000e+01 4.100000000000000000e+01
5.000000000000000000e+00 1.700000000000000000e+01
3.000000000000000000e+01 1.200000000000000000e+01
2.000000000000000000e+00 1.100000000000000000e+01
3.100000000000000000e+01 1.100000000000000000e+01
3.200000000000000000e+01 7.000000000000000000e+00
3.000000000000000000e+00 6.000000000000000000e+00
4.000000000000000000e+00 6.000000000000000000e+00
3.500000000000000000e+01 3.000000000000000000e+00
3.300000000000000000e+01 2.000000000000000000e+00
3.400000000000000000e+01 1.000000000000000000e+00
3.700000000000000000e+01 1.000000000000000000e+00

1.000000000000000000e+00 2.488633000000000000e+06
1.600000000000000000e+01 5.483000000000000000e+03
1.500000000000000000e+01 5.221000000000000000e+03
1.700000000000000000e+01 5.147000000000000000e+03
1.400000000000000000e+01 4.653000000000000000e+03
1.800000000000000000e+01 4.435000000000000000e+03
1.900000000000000000e+01 3.870000000000000000e+03
1.300000000000000000e+01 3.846000000000000000e+03
1.200000000000000000e+01 3.070000000000000000e+03
2.000000000000000000e+01 3.010000000000000000e+03
2.100000000000000000e+01 2.211000000000000000e+03
1.100000000000000000e+01 2.069000000000000000e+03
2.200000000000000000e+01 1.576000000000000000e+03
1.000000000000000000e+01 1.305000000000000000e+03
2.300000000000000000e+01 1.003000000000000000e+03
9.000000000000000000e+00 7.930000000000000000e+02
2.400000000000000000e+01 6.600000000000000000e+02
2.500000000000000000e+01 4.190000000000000000e+02
8.000000000000000000e+00 3.910000000000000000e+02
2.600000000000000000e+01 2.290000000000000000e+02
7.000000000000000000e+00 1.730000000000000000e+02
2.700000000000000000e+01 1.350000000000000000e+02
6.000000000000000000e+00 6.400000000000000000e+01
2.800000000000000000e+01 6.000000000000000000e+01
2.900000000000000000e+01 4.200000000000000000e+01
5.000000000000000000e+00 2.500000000000000000e+01
3.000000000000000000e+01 2.400000000000000000e+01
3.100000000000000000e+01 1.300000000000000000e+01
2.000000000000000000e+00 8.000000000000000000e+00
4.000000000000000000e+00 6.000000000000000000e+00
3.200000000000000000e+01 6.000000000000000000e+00
3.000000000000000000e+00 5.000000000000000000e+00
3.300000000000000000e+01 2.000000000000000000e+00
3.400000000000000000e+01 1.000000000000000000e+00
3.700000000000000000e+01 1.000000000000000000e+00

1.000000000000000000e+00 2.496433000000000000e+06
1.600000000000000000e+01 5.193000000000000000e+03
1.500000000000000000e+01 5.115000000000000000e+03
1.700000000000000000e+01 4.871000000000000000e+03
1.400000000000000000e+01 4.854000000000000000e+03
1.800000000000000000e+01 4.318000000000000000e+03
1.300000000000000000e+01 4.073000000000000000e+03
1.900000000000000000e+01 3.625000000000000000e+03
1.200000000000000000e+01 3.193000000000000000e+03
2.000000000000000000e+01 2.836000000000000000e+03
1.100000000000000000e+01 2.339000000000000000e+03
2.100000000000000000e+01 2.161000000000000000e+03
1.000000000000000000e+01 1.519000000000000000e+03
2.200000000000000000e+01 1.502000000000000000e+03
2.300000000000000000e+01 1.028000000000000000e+03
9.000000000000000000e+00 8.480000000000000000e+02
2.400000000000000000e+01 6.550000000000000000e+02
8.000000000000000000e+00 4.470000000000000000e+02
2.500000000000000000e+01 4.080000000000000000e+02
2.600000000000000000e+01 2.520000000000000000e+02
7.000000000000000000e+00 2.160000000000000000e+02
2.700000000000000000e+01 1.630000000000000000e+02
6.000000000000000000e+00 9.300000000000000000e+01
2.800000000000000000e+01 7.800000000000000000e+01
2.900000000000000000e+01 4.800000000000000000e+01
5.000000000000000000e+00 4.200000000000000000e+01
3.000000000000000000e+01 2.500000000000000000e+01
4.000000000000000000e+00 1.500000000000000000e+01
3.000000000000000000e+00 1.100000000000000000e+01
2.000000000000000000e+00 9.000000000000000000e+00
3.100000000000000000e+01 6.000000000000000000e+00
3.200000000000000000e+01 5.000000000000000000e+00
3.300000000000000000e+01 4.000000000000000000e+00
3.500000000000000000e+01 2.000000000000000000e+00
3.400000000000000000e+01 1.000000000000000000e+00
3.900000000000000000e+01 1.000000000000000000e+00

1.000000000000000000e+00 2.506379000000000000e+06
1.500000000000000000e+01 5.242000000000000000e+03
1.600000000000000000e+01 4.958000000000000000e+03
1.400000000000000000e+01 4.732000000000000000e+03
1.700000000000000000e+01 4.465000000000000000e+03
1.300000000000000000e+01 4.254000000000000000e+03
1.800000000000000000e+01 4.014000000000000000e+03
1.900000000000000000e+01 3.495000000000000000e+03
1.200000000000000000e+01 3.288000000000000000e+03
2.000000000000000000e+01 2.682000000000000000e+03
1.100000000000000000e+01 2.548000000000000000e+03
2.100000000000000000e+01 2.047000000000000000e+03
1.000000000000000000e+01 1.818000000000000000e+03
2.200000000000000000e+01 1.431000000000000000e+03
9.000000000000000000e+00 1.027000000000000000e+03
2.300000000000000000e+01 1.021000000000000000e+03
2.400000000000000000e+01 6.720000000000000000e+02
8.000000000000000000e+00 6.190000000000000000e+02
2.500000000000000000e+01 4.440000000000000000e+02
7.000000000000000000e+00 2.790000000000000000e+02
2.600000000000000000e+01 2.600000000000000000e+02
2.700000000000000000e+01 1.690000000000000000e+02
6.000000000000000000e+00 1.550000000000000000e+02
2.800000000000000000e+01 7.600000000000000000e+01
5.000000000000000000e+00 6.800000000000000000e+01
2.900000000000000000e+01 5.100000000000000000e+01
4.000000000000000000e+00 3.200000000000000000e+01
3.000000000000000000e+01 3.000000000000000000e+01
3.100000000000000000e+01 1.900000000000000000e+01
3.000000000000000000e+00 1.800000000000000000e+01
3.200000000000000000e+01 1.200000000000000000e+01
2.000000000000000000e+00 1.000000000000000000e+01
3.300000000000000000e+01 9.000000000000000000e+00
3.400000000000000000e+01 8.000000000000000000e+00
3.700000000000000000e+01 1.000000000000000000e+00
3.800000000000000000e+01 1.000000000000000000e+00

1.000000000000000000e+00 2.517863000000000000e+06
1.600000000000000000e+01 4.823000000000000000e+03
1.500000000000000000e+01 4.793000000000000000e+03
1.400000000000000000e+01 4.770000000000000000e+03
1.700000000000000000e+01 4.422000000000000000e+03
1.300000000000000000e+01 4.164000000000000000e+03
1.800000000000000000e+01 3.891000000000000000e+03
1.200000000000000000e+01 3.535000000000000000e+03
1.900000000000000000e+01 3.191000000000000000e+03
1.100000000000000000e+01 2.740000000000000000e+03
2.000000000000000000e+01 2.431000000000000000e+03
1.000000000000000000e+01 1.965000000000000000e+03
2.100000000000000000e+01 1.944000000000000000e+03
2.200000000000000000e+01 1.392000000000000000e+03
9.000000000000000000e+00 1.281000000000000000e+03
2.300000000000000000e+01 1.034000000000000000e+03
8.000000000000000000e+00 8.390000000000000000e+02
2.400000000000000000e+01 6.360000000000000000e+02
2.500000000000000000e+01 4.470000000000000000e+02
7.000000000000000000e+00 4.340000000000000000e+02
2.600000000000000000e+01 2.950000000000000000e+02
6.000000000000000000e+00 2.560000000000000000e+02
2.700000000000000000e+01 1.640000000000000000e+02
5.000000000000000000e+00 1.260000000000000000e+02
2.800000000000000000e+01 1.080000000000000000e+02
2.900000000000000000e+01 6.800000000000000000e+01
4.000000000000000000e+00 5.000000000000000000e+01
3.000000000000000000e+01 3.700000000000000000e+01
2.000000000000000000e+00 3.500000000000000000e+01
3.000000000000000000e+00 2.900000000000000000e+01
3.100000000000000000e+01 2.300000000000000000e+01
3.200000000000000000e+01 1.200000000000000000e+01
3.400000000000000000e+01 9.000000000000000000e+00
3.300000000000000000e+01 6.000000000000000000e+00
3.500000000000000000e+01 3.000000000000000000e+00
3.600000000000000000e+01 2.000000000000000000e+00
3.800000000000000000e+01 1.000000000000000000e+00

1.000000000000000000e+00 2.534805000000000000e+06
1.500000000000000000e+01 4.769000000000000000e+03
1.400000000000000000e+01 4.544000000000000000e+03
1.600000000000000000e+01 4.522000000000000000e+03
1.300000000000000000e+01 4.205000000000000000e+03
1.700000000000000000e+01 3.959000000000000000e+03
1.200000000000000000e+01 3.706000000000000000e+03
1.800000000000000000e+01 3.451000000000000000e+03
1.100000000000000000e+01 3.066000000000000000e+03
1.900000000000000000e+01 2.944000000000000000e+03
2.000000000000000000e+01 2.364000000000000000e+03
1.000000000000000000e+01 2.329000000000000000e+03
2.100000000000000000e+01 1.823000000000000000e+03
9.000000000000000000e+00 1.642000000000000000e+03
2.200000000000000000e+01 1.293000000000000000e+03
8.000000000000000000e+00 1.092000000000000000e+03
2.300000000000000000e+01 9.240000000000000000e+02
2.400000000000000000e+01 6.480000000000000000e+02
7.000000000000000000e+00 5.930000000000000000e+02
2.500000000000000000e+01 4.510000000000000000e+02
6.000000000000000000e+00 3.800000000000000000e+02
2.600000000000000000e+01 2.690000000000000000e+02
5.000000000000000000e+00 2.170000000000000000e+02
2.700000000000000000e+01 1.720000000000000000e+02
2.800000000000000000e+01 1.260000000000000000e+02
4.000000000000000000e+00 1.140000000000000000e+02
2.900000000000000000e+01 9.200000000000000000e+01
2.000000000000000000e+00 5.400000000000000000e+01
3.000000000000000000e+00 5.200000000000000000e+01
3.000000000000000000e+01 4.700000000000000000e+01
3.100000000000000000e+01 4.100000000000000000e+01
3.200000000000000000e+01 2.700000000000000000e+01
3.300000000000000000e+01 1.500000000000000000e+01
3.400000000000000000e+01 4.000000000000000000e+00
3.500000000000000000e+01 2.000000000000000000e+00
3.800000000000000000e+01 2.000000000000000000e+00
3.600000000000000000e+01 2.000000000000000000e+00
3.700000000000000000e+01 1.000000000000000000e+00
3.900000000000000000e+01 1.000000000000000000e+00
4.000000000000000000e+01 1.000000000000000000e+00

1.000000000000000000e+00 2.557217000000000000e+06
1.500000000000000000e+01 4.385000000000000000e+03
1.400000000000000000e+01 4.371000000000000000e+03
1.300000000000000000e+01 4.145000000000000000e+03
1.600000000000000000e+01 4.078000000000000000e+03
1.200000000000000000e+01 3.798000000000000000e+03
1.700000000000000000e+01 3.743000000000000000e+03
1.100000000000000000e+01 3.294000000000000000e+03
1.800000000000000000e+01 3.117000000000000000e+03
1.000000000000000000e+01 2.624000000000000000e+03
1.900000000000000000e+01 2.577000000000000000e+03
2.000000000000000000e+01 2.137000000000000000e+03
9.000000000000000000e+00 2.000000000000000000e+03
2.100000000000000000e+01 1.617000000000000000e+03
8.000000000000000000e+00 1.457000000000000000e+03
2.200000000000000000e+01 1.204000000000000000e+03
7.000000000000000000e+00 9.620000000000000000e+02
2.300000000000000000e+01 9.240000000000000000e+02
6.000000000000000000e+00 6.280000000000000000e+02
2.400000000000000000e+01 6.270000000000000000e+02
2.500000000000000000e+01 4.720000000000000000e+02
5.000000000000000000e+00 3.690000000000000000e+02
2.600000000000000000e+01 3.000000000000000000e+02
4.000000000000000000e+00 2.260000000000000000e+02
2.700000000000000000e+01 2.260000000000000000e+02
2.800000000000000000e+01 1.530000000000000000e+02
2.000000000000000000e+00 1.360000000000000000e+02
3.000000000000000000e+00 1.190000000000000000e+02
2.900000000000000000e+01 8.400000000000000000e+01
3.000000000000000000e+01 5.700000000000000000e+01
3.100000000000000000e+01 3.700000000000000000e+01
3.200000000000000000e+01 2.100000000000000000e+01
3.300000000000000000e+01 1.000000000000000000e+01
3.400000000000000000e+01 8.000000000000000000e+00
3.500000000000000000e+01 6.000000000000000000e+00
3.600000000000000000e+01 2.000000000000000000e+00
3.800000000000000000e+01 1.000000000000000000e+00
3.700000000000000000e+01 1.000000000000000000e+00

1.000000000000000000e+00 2.590780000000000000e+06
1.400000000000000000e+01 4.037000000000000000e+03
1.300000000000000000e+01 4.019000000000000000e+03
1.500000000000000000e+01 3.983000000000000000e+03
1.200000000000000000e+01 3.919000000000000000e+03
1.100000000000000000e+01 3.530000000000000000e+03
1.600000000000000000e+01 3.515000000000000000e+03
1.700000000000000000e+01 3.197000000000000000e+03
1.000000000000000000e+01 2.957000000000000000e+03
1.800000000000000000e+01 2.806000000000000000e+03
9.000000000000000000e+00 2.459000000000000000e+03
1.900000000000000000e+01 2.270000000000000000e+03
8.000000000000000000e+00 1.926000000000000000e+03
2.000000000000000000e+01 1.818000000000000000e+03
7.000000000000000000e+00 1.372000000000000000e+03
2.100000000000000000e+01 1.369000000000000000e+03
2.200000000000000000e+01 1.087000000000000000e+03
6.000000000000000000e+00 1.010000000000000000e+03
2.300000000000000000e+01 8.160000000000000000e+02
5.000000000000000000e+00 7.090000000000000000e+02
2.400000000000000000e+01 6.260000000000000000e+02
2.500000000000000000e+01 4.520000000000000000e+02
4.000000000000000000e+00 3.990000000000000000e+02
2.600000000000000000e+01 3.090000000000000000e+02
3.000000000000000000e+00 2.990000000000000000e+02
2.000000000000000000e+00 2.570000000000000000e+02
2.700000000000000000e+01 2.330000000000000000e+02
2.800000000000000000e+01 1.460000000000000000e+02
2.900000000000000000e+01 9.800000000000000000e+01
3.000000000000000000e+01 8.400000000000000000e+01
3.100000000000000000e+01 4.400000000000000000e+01
3.200000000000000000e+01 3.300000000000000000e+01
3.300000000000000000e+01 1.400000000000000000e+01
3.400000000000000000e+01 5.000000000000000000e+00
3.600000000000000000e+01 4.000000000000000000e+00
3.500000000000000000e+01 4.000000000000000000e+00
3.700000000000000000e+01 2.000000000000000000e+00

1.000000000000000000e+00 2.638927000000000000e+06
1.300000000000000000e+01 3.683000000000000000e+03
1.200000000000000000e+01 3.573000000000000000e+03
1.400000000000000000e+01 3.554000000000000000e+03
1.100000000000000000e+01 3.438000000000000000e+03
1.000000000000000000e+01 3.319000000000000000e+03
1.500000000000000000e+01 3.306000000000000000e+03
1.600000000000000000e+01 2.990000000000000000e+03
9.000000000000000000e+00 2.816000000000000000e+03
1.700000000000000000e+01 2.624000000000000000e+03
8.000000000000000000e+00 2.390000000000000000e+03
1.800000000000000000e+01 2.196000000000000000e+03
7.000000000000000000e+00 2.027000000000000000e+03
1.900000000000000000e+01 1.895000000000000000e+03
6.000000000000000000e+00 1.634000000000000000e+03
2.000000000000000000e+01 1.595000000000000000e+03
2.100000000000000000e+01 1.265000000000000000e+03
5.000000000000000000e+00 1.202000000000000000e+03
2.200000000000000000e+01 9.670000000000000000e+02
4.000000000000000000e+00 8.930000000000000000e+02
2.300000000000000000e+01 7.760000000000000000e+02
3.000000000000000000e+00 6.510000000000000000e+02
2.000000000000000000e+00 6.220000000000000000e+02
2.400000000000000000e+01 6.150000000000000000e+02
2.500000000000000000e+01 4.380000000000000000e+02
2.600000000000000000e+01 3.070000000000000000e+02
2.700000000000000000e+01 2.200000000000000000e+02
2.800000000000000000e+01 1.770000000000000000e+02
2.900000000000000000e+01 1.190000000000000000e+02
3.000000000000000000e+01 7.700000000000000000e+01
3.100000000000000000e+01 4.100000000000000000e+01
3.200000000000000000e+01 2.200000000000000000e+01
3.300000000000000000e+01 1.900000000000000000e+01
3.400000000000000000e+01 3.000000000000000000e+00
3.500000000000000000e+01 2.000000000000000000e+00
3.700000000000000000e+01 1.000000000000000000e+00

1.000000000000000000e+00 2.710544000000000000e+06
1.200000000000000000e+01 3.184000000000000000e+03
1.100000000000000000e+01 3.182000000000000000e+03
1.000000000000000000e+01 3.181000000000000000e+03
9.000000000000000000e+00 3.056000000000000000e+03
1.300000000000000000e+01 3.023000000000000000e+03
8.000000000000000000e+00 2.856000000000000000e+03
1.400000000000000000e+01 2.825000000000000000e+03
1.500000000000000000e+01 2.654000000000000000e+03
7.000000000000000000e+00 2.618000000000000000e+03
1.600000000000000000e+01 2.367000000000000000e+03
6.000000000000000000e+00 2.359000000000000000e+03
1.700000000000000000e+01 2.067000000000000000e+03
5.000000000000000000e+00 1.996000000000000000e+03
1.800000000000000000e+01 1.778000000000000000e+03
4.000000000000000000e+00 1.741000000000000000e+03
1.900000000000000000e+01 1.495000000000000000e+03
3.000000000000000000e+00 1.354000000000000000e+03
2.000000000000000000e+00 1.330000000000000000e+03
2.000000000000000000e+01 1.207000000000000000e+03
2.100000000000000000e+01 1.004000000000000000e+03
2.200000000000000000e+01 8.310000000000000000e+02
2.300000000000000000e+01 6.490000000000000000e+02
2.400000000000000000e+01 5.370000000000000000e+02
2.500000000000000000e+01 4.120000000000000000e+02
2.600000000000000000e+01 3.310000000000000000e+02
2.700000000000000000e+01 2.240000000000000000e+02
2.800000000000000000e+01 1.360000000000000000e+02
2.900000000000000000e+01 8.200000000000000000e+01
3.000000000000000000e+01 5.800000000000000000e+01
3.100000000000000000e+01 2.600000000000000000e+01
3.200000000000000000e+01 1.400000000000000000e+01
3.300000000000000000e+01 8.000000000000000000e+00
3.500000000000000000e+01 2.000000000000000000e+00
3.600000000000000000e+01 1.000000000000000000e+00
3.400000000000000000e+01 1.000000000000000000e+00

1.000000000000000000e+00 2.817713000000000000e+06
8.000000000000000000e+00 2.997000000000000000e+03
7.000000000000000000e+00 2.988000000000000000e+03
6.000000000000000000e+00 2.938000000000000000e+03
2.000000000000000000e+00 2.922000000000000000e+03
1.000000000000000000e+01 2.846000000000000000e+03
5.000000000000000000e+00 2.837000000000000000e+03
9.000000000000000000e+00 2.818000000000000000e+03
4.000000000000000000e+00 2.795000000000000000e+03
3.000000000000000000e+00 2.664000000000000000e+03
1.100000000000000000e+01 2.646000000000000000e+03
1.200000000000000000e+01 2.482000000000000000e+03
1.300000000000000000e+01 2.256000000000000000e+03
1.400000000000000000e+01 2.123000000000000000e+03
1.500000000000000000e+01 1.851000000000000000e+03
1.600000000000000000e+01 1.678000000000000000e+03
1.700000000000000000e+01 1.442000000000000000e+03
1.800000000000000000e+01 1.333000000000000000e+03
1.900000000000000000e+01 1.051000000000000000e+03
2.000000000000000000e+01 8.730000000000000000e+02
2.100000000000000000e+01 7.480000000000000000e+02
2.200000000000000000e+01 6.210000000000000000e+02
2.300000000000000000e+01 4.940000000000000000e+02
2.400000000000000000e+01 3.620000000000000000e+02
2.500000000000000000e+01 2.650000000000000000e+02
2.600000000000000000e+01 1.920000000000000000e+02
2.700000000000000000e+01 1.220000000000000000e+02
2.800000000000000000e+01 7.500000000000000000e+01
2.900000000000000000e+01 2.700000000000000000e+01
3.000000000000000000e+01 2.000000000000000000e+01
3.100000000000000000e+01 8.000000000000000000e+00
3.200000000000000000e+01 6.000000000000000000e+00

1.000000000000000000e+00 2.942635000000000000e+06
2.000000000000000000e+00 5.037000000000000000e+03
3.000000000000000000e+00 4.235000000000000000e+03
4.000000000000000000e+00 3.997000000000000000e+03
5.000000000000000000e+00 3.709000000000000000e+03
6.000000000000000000e+00 3.439000000000000000e+03
7.000000000000000000e+00 2.965000000000000000e+03
8.000000000000000000e+00 2.590000000000000000e+03
9.000000000000000000e+00 2.386000000000000000e+03
1.000000000000000000e+01 2.136000000000000000e+03
1.100000000000000000e+01 1.858000000000000000e+03
1.200000000000000000e+01 1.696000000000000000e+03
1.300000000000000000e+01 1.493000000000000000e+03
1.400000000000000000e+01 1.333000000000000000e+03
1.500000000000000000e+01 1.184000000000000000e+03
1.600000000000000000e+01 1.025000000000000000e+03
1.700000000000000000e+01 8.990000000000000000e+02
1.800000000000000000e+01 7.810000000000000000e+02
1.900000000000000000e+01 6.200000000000000000e+02
2.000000000000000000e+01 4.860000000000000000e+02
2.100000000000000000e+01 4.140000000000000000e+02
2.200000000000000000e+01 3.190000000000000000e+02
2.300000000000000000e+01 2.550000000000000000e+02
2.400000000000000000e+01 1.660000000000000000e+02
2.500000000000000000e+01 9.100000000000000000e+01
2.600000000000000000e+01 5.400000000000000000e+01
2.700000000000000000e+01 3.700000000000000000e+01
2.800000000000000000e+01 1.900000000000000000e+01
2.900000000000000000e+01 7.000000000000000000e+00
3.000000000000000000e+01 7.000000000000000000e+00
3.300000000000000000e+01 1.000000000000000000e+00
3.100000000000000000e+01 1.000000000000000000e+00

1.000000000000000000e+00 3.071504000000000000e+06
2.000000000000000000e+00 7.481000000000000000e+03
3.000000000000000000e+00 5.913000000000000000e+03
4.000000000000000000e+00 5.219000000000000000e+03
5.000000000000000000e+00 4.210000000000000000e+03
6.000000000000000000e+00 3.174000000000000000e+03
7.000000000000000000e+00 2.442000000000000000e+03
8.000000000000000000e+00 1.809000000000000000e+03
9.000000000000000000e+00 1.448000000000000000e+03
1.000000000000000000e+01 1.205000000000000000e+03
1.100000000000000000e+01 9.880000000000000000e+02
1.200000000000000000e+01 8.580000000000000000e+02
1.300000000000000000e+01 7.130000000000000000e+02
1.400000000000000000e+01 6.380000000000000000e+02
1.500000000000000000e+01 5.110000000000000000e+02
1.600000000000000000e+01 4.550000000000000000e+02
1.700000000000000000e+01 3.260000000000000000e+02
1.800000000000000000e+01 2.550000000000000000e+02
1.900000000000000000e+01 2.090000000000000000e+02
2.000000000000000000e+01 1.470000000000000000e+02
2.100000000000000000e+01 1.180000000000000000e+02
2.200000000000000000e+01 8.800000000000000000e+01
2.300000000000000000e+01 4.200000000000000000e+01
2.400000000000000000e+01 2.300000000000000000e+01
2.500000000000000000e+01 1.600000000000000000e+01
2.700000000000000000e+01 8.000000000000000000e+00
2.600000000000000000e+01 4.000000000000000000e+00
2.800000000000000000e+01 3.000000000000000000e+00
2.900000000000000000e+01 2.000000000000000000e+00
3.000000000000000000e+01 1.000000000000000000e+00

1.000000000000000000e+00 3.155096000000000000e+06
2.000000000000000000e+00 9.579000000000000000e+03
3.000000000000000000e+00 7.095000000000000000e+03
4.000000000000000000e+00 5.487000000000000000e+03
5.000000000000000000e+00 3.845000000000000000e+03
6.000000000000000000e+00 2.445000000000000000e+03
7.000000000000000000e+00 1.520000000000000000e+03
8.000000000000000000e+00 1.076000000000000000e+03
9.000000000000000000e+00 7.010000000000000000e+02
1.000000000000000000e+01 4.630000000000000000e+02
1.100000000000000000e+01 3.500000000000000000e+02
1.200000000000000000e+01 2.590000000000000000e+02
1.300000000000000000e+01 2.060000000000000000e+02
1.400000000000000000e+01 1.530000000000000000e+02
1.500000000000000000e+01 1.030000000000000000e+02
1.600000000000000000e+01 8.300000000000000000e+01
1.700000000000000000e+01 6.100000000000000000e+01
1.800000000000000000e+01 5.300000000000000000e+01
1.900000000000000000e+01 3.600000000000000000e+01
2.000000000000000000e+01 2.000000000000000000e+01
2.100000000000000000e+01 1.600000000000000000e+01
2.300000000000000000e+01 7.000000000000000000e+00
2.200000000000000000e+01 5.000000000000000000e+00
2.500000000000000000e+01 2.000000000000000000e+00
2.400000000000000000e+01 2.000000000000000000e+00

1.000000000000000000e+00 3.190507000000000000e+06
2.000000000000000000e+00 1.060800000000000000e+04
3.000000000000000000e+00 7.519000000000000000e+03
4.000000000000000000e+00 5.174000000000000000e+03
5.000000000000000000e+00 3.253000000000000000e+03
6.000000000000000000e+00 1.780000000000000000e+03
7.000000000000000000e+00 8.630000000000000000e+02
8.000000000000000000e+00 4.610000000000000000e+02
9.000000000000000000e+00 2.750000000000000000e+02
1.000000000000000000e+01 1.730000000000000000e+02
1.100000000000000000e+01 1.070000000000000000e+02
1.200000000000000000e+01 7.100000000000000000e+01
1.300000000000000000e+01 6.100000000000000000e+01
1.400000000000000000e+01 3.500000000000000000e+01
1.500000000000000000e+01 1.700000000000000000e+01
1.600000000000000000e+01 1.300000000000000000e+01
1.700000000000000000e+01 6.000000000000000000e+00
1.900000000000000000e+01 6.000000000000000000e+00
1.800000000000000000e+01 5.000000000000000000e+00
2.100000000000000000e+01 1.000000000000000000e+00
2.000000000000000000e+01 1.000000000000000000e+00
2.300000000000000000e+01 1.000000000000000000e+00

1.000000000000000000e+00 3.206606000000000000e+06
2.000000000000000000e+00 1.108600000000000000e+04
3.000000000000000000e+00 7.448000000000000000e+03
4.000000000000000000e+00 4.880000000000000000e+03
5.000000000000000000e+00 2.764000000000000000e+03
6.000000000000000000e+00 1.247000000000000000e+03
7.000000000000000000e+00 5.980000000000000000e+02
8.000000000000000000e+00 2.240000000000000000e+02
9.000000000000000000e+00 1.080000000000000000e+02
1.000000000000000000e+01 5.300000000000000000e+01
1.100000000000000000e+01 1.900000000000000000e+01
1.200000000000000000e+01 1.100000000000000000e+01
1.300000000000000000e+01 9.000000000000000000e+00
1.400000000000000000e+01 5.000000000000000000e+00
1.600000000000000000e+01 1.000000000000000000e+00
1.700000000000000000e+01 1.000000000000000000e+00
1.500000000000000000e+01 1.000000000000000000e+00

1.000000000000000000e+00 3.216376000000000000e+06
2.000000000000000000e+00 1.119400000000000000e+04
3.000000000000000000e+00 7.407000000000000000e+03
4.000000000000000000e+00 4.510000000000000000e+03
5.000000000000000000e+00 2.206000000000000000e+03
6.000000000000000000e+00 9.510000000000000000e+02
7.000000000000000000e+00 3.400000000000000000e+02
8.000000000000000000e+00 1.310000000000000000e+02
9.000000000000000000e+00 5.300000000000000000e+01
1.000000000000000000e+01 2.000000000000000000e+01
1.200000000000000000e+01 6.000000000000000000e+00
1.100000000000000000e+01 3.000000000000000000e+00
1.500000000000000000e+01 1.000000000000000000e+00
1.400000000000000000e+01 1.000000000000000000e+00

1.000000000000000000e+00 3.223493000000000000e+06
2.000000000000000000e+00 1.123700000000000000e+04
3.000000000000000000e+00 7.137000000000000000e+03
4.000000000000000000e+00 4.053000000000000000e+03
5.000000000000000000e+00 1.854000000000000000e+03
6.000000000000000000e+00 7.310000000000000000e+02
7.000000000000000000e+00 2.460000000000000000e+02
8.000000000000000000e+00 8.300000000000000000e+01
9.000000000000000000e+00 3.400000000000000000e+01
1.000000000000000000e+01 5.000000000000000000e+00
1.200000000000000000e+01 1.000000000000000000e+00

1.000000000000000000e+00 3.228097000000000000e+06
2.000000000000000000e+00 1.125800000000000000e+04
3.000000000000000000e+00 6.892000000000000000e+03
4.000000000000000000e+00 3.702000000000000000e+03
5.000000000000000000e+00 1.670000000000000000e+03
6.000000000000000000e+00 6.080000000000000000e+02
7.000000000000000000e+00 2.010000000000000000e+02
8.000000000000000000e+00 4.500000000000000000e+01
9.000000000000000000e+00 1.200000000000000000e+01
1.000000000000000000e+01 3.000000000000000000e+00

1.000000000000000000e+00 3.231134000000000000e+06
2.000000000000000000e+00 1.123000000000000000e+04
3.000000000000000000e+00 6.705000000000000000e+03
4.000000000000000000e+00 3.565000000000000000e+03
5.000000000000000000e+00 1.491000000000000000e+03
6.000000000000000000e+00 5.070000000000000000e+02
7.000000000000000000e+00 1.600000000000000000e+02
8.000000000000000000e+00 3.800000000000000000e+01
9.000000000000000000e+00 1.000000000000000000e+01
1.000000000000000000e+01 2.000000000000000000e+00

1.000000000000000000e+00 3.233859000000000000e+06
2.000000000000000000e+00 1.109800000000000000e+04
3.000000000000000000e+00 6.525000000000000000e+03
4.000000000000000000e+00 3.361000000000000000e+03
5.000000000000000000e+00 1.449000000000000000e+03
6.000000000000000000e+00 4.340000000000000000e+02
7.000000000000000000e+00 1.130000000000000000e+02
8.000000000000000000e+00 2.200000000000000000e+01
9.000000000000000000e+00 1.100000000000000000e+01
1.100000000000000000e+01 1.000000000000000000e+00

1.000000000000000000e+00 3.235023000000000000e+06
2.000000000000000000e+00 1.105000000000000000e+04
3.000000000000000000e+00 6.445000000000000000e+03
4.000000000000000000e+00 3.307000000000000000e+03
5.000000000000000000e+00 1.317000000000000000e+03
6.000000000000000000e+00 4.560000000000000000e+02
7.000000000000000000e+00 1.070000000000000000e+02
8.000000000000000000e+00 1.900000000000000000e+01
9.000000000000000000e+00 8.000000000000000000e+00
1.000000000000000000e+01 2.000000000000000000e+00

1.000000000000000000e+00 3.235270000000000000e+06
2.000000000000000000e+00 1.104700000000000000e+04
3.000000000000000000e+00 6.415000000000000000e+03
4.000000000000000000e+00 3.175000000000000000e+03
5.000000000000000000e+00 1.348000000000000000e+03
6.000000000000000000e+00 4.830000000000000000e+02
7.000000000000000000e+00 1.210000000000000000e+02
8.000000000000000000e+00 2.100000000000000000e+01
9.000000000000000000e+00 2.000000000000000000e+00
1.000000000000000000e+01 2.000000000000000000e+00

1.000000000000000000e+00 3.236581000000000000e+06
2.000000000000000000e+00 1.126000000000000000e+04
3.000000000000000000e+00 6.285000000000000000e+03
4.000000000000000000e+00 3.105000000000000000e+03
5.000000000000000000e+00 1.267000000000000000e+03
6.000000000000000000e+00 3.930000000000000000e+02
7.000000000000000000e+00 1.030000000000000000e+02
8.000000000000000000e+00 2.400000000000000000e+01
9.000000000000000000e+00 2.000000000000000000e+00

1.000000000000000000e+00 3.236238000000000000e+06
2.000000000000000000e+00 1.110200000000000000e+04
3.000000000000000000e+00 6.457000000000000000e+03
4.000000000000000000e+00 3.143000000000000000e+03
5.000000000000000000e+00 1.302000000000000000e+03
6.000000000000000000e+00 3.750000000000000000e+02
7.000000000000000000e+00 9.600000000000000000e+01
8.000000000000000000e+00 1.600000000000000000e+01
9.000000000000000000e+00 5.000000000000000000e+00
1.000000000000000000e+01 1.000000000000000000e+00

1.000000000000000000e+00 3.237129000000000000e+06
2.000000000000000000e+00 1.109000000000000000e+04
3.000000000000000000e+00 6.259000000000000000e+03
4.000000000000000000e+00 3.139000000000000000e+03
5.000000000000000000e+00 1.248000000000000000e+03
6.000000000000000000e+00 3.710000000000000000e+02
7.000000000000000000e+00 1.030000000000000000e+02
8.000000000000000000e+00 1.900000000000000000e+01
1.000000000000000000e+01 1.000000000000000000e+00
9.000000000000000000e+00 1.000000000000000000e+00

1.000000000000000000e+00 3.237060000000000000e+06
2.000000000000000000e+00 1.106100000000000000e+04
3.000000000000000000e+00 6.273000000000000000e+03
4.000000000000000000e+00 3.128000000000000000e+03
5.000000000000000000e+00 1.263000000000000000e+03
6.000000000000000000e+00 3.740000000000000000e+02
7.000000000000000000e+00 1.080000000000000000e+02
8.000000000000000000e+00 1.800000000000000000e+01
9.000000000000000000e+00 2.000000000000000000e+00
1.000000000000000000e+01 1.000000000000000000e+00

