1.000000000000000000e+00 2.517039000000000000e+06
1.500000000000000000e+01 5.162000000000000000e+03
1.600000000000000000e+01 5.000000000000000000e+03
1.400000000000000000e+01 4.724000000000000000e+03
1.700000000000000000e+01 4.602000000000000000e+03
1.300000000000000000e+01 4.207000000000000000e+03
1.800000000000000000e+01 4.063000000000000000e+03
1.200000000000000000e+01 3.361000000000000000e+03
1.900000000000000000e+01 3.320000000000000000e+03
2.000000000000000000e+01 2.714000000000000000e+03
1.100000000000000000e+01 2.566000000000000000e+03
2.100000000000000000e+01 1.969000000000000000e+03
1.000000000000000000e+01 1.795000000000000000e+03
2.200000000000000000e+01 1.304000000000000000e+03
9.000000000000000000e+00 1.186000000000000000e+03
2.300000000000000000e+01 9.040000000000000000e+02
8.000000000000000000e+00 6.620000000000000000e+02
2.400000000000000000e+01 5.600000000000000000e+02
2.000000000000000000e+00 4.570000000000000000e+02
7.000000000000000000e+00 3.850000000000000000e+02
2.500000000000000000e+01 3.800000000000000000e+02
6.000000000000000000e+00 2.560000000000000000e+02
2.600000000000000000e+01 2.100000000000000000e+02
3.000000000000000000e+00 1.780000000000000000e+02
5.000000000000000000e+00 1.600000000000000000e+02
4.000000000000000000e+00 1.410000000000000000e+02
2.700000000000000000e+01 1.230000000000000000e+02
2.800000000000000000e+01 6.400000000000000000e+01
2.900000000000000000e+01 3.100000000000000000e+01
3.000000000000000000e+01 2.000000000000000000e+01
3.100000000000000000e+01 9.000000000000000000e+00
3.200000000000000000e+01 4.000000000000000000e+00
3.300000000000000000e+01 2.000000000000000000e+00
3.500000000000000000e+01 2.000000000000000000e+00
3.400000000000000000e+01 1.000000000000000000e+00
3.700000000000000000e+01 1.000000000000000000e+00

1.000000000000000000e+00 2.534514000000000000e+06
1.500000000000000000e+01 4.934000000000000000e+03
1.600000000000000000e+01 4.931000000000000000e+03
1.400000000000000000e+01 4.768000000000000000e+03
1.700000000000000000e+01 4.550000000000000000e+03
1.300000000000000000e+01 4.199000000000000000e+03
1.800000000000000000e+01 3.793000000000000000e+03
1.200000000000000000e+01 3.658000000000000000e+03
1.900000000000000000e+01 3.192000000000000000e+03
1.100000000000000000e+01 2.855000000000000000e+03
2.000000000000000000e+01 2.408000000000000000e+03
1.000000000000000000e+01 2.027000000000000000e+03
2.100000000000000000e+01 1.691000000000000000e+03
9.000000000000000000e+00 1.337000000000000000e+03
2.200000000000000000e+01 1.206000000000000000e+03
8.000000000000000000e+00 8.720000000000000000e+02
2.300000000000000000e+01 8.510000000000000000e+02
2.000000000000000000e+00 6.250000000000000000e+02
7.000000000000000000e+00 5.180000000000000000e+02
2.400000000000000000e+01 5.010000000000000000e+02
6.000000000000000000e+00 3.560000000000000000e+02
2.500000000000000000e+01 3.020000000000000000e+02
3.000000000000000000e+00 2.670000000000000000e+02
5.000000000000000000e+00 2.610000000000000000e+02
4.000000000000000000e+00 2.140000000000000000e+02
2.600000000000000000e+01 1.850000000000000000e+02
2.700000000000000000e+01 1.100000000000000000e+02
2.800000000000000000e+01 5.900000000000000000e+01
2.900000000000000000e+01 3.200000000000000000e+01
3.000000000000000000e+01 1.200000000000000000e+01
3.100000000000000000e+01 9.000000000000000000e+00
3.400000000000000000e+01 1.000000000000000000e+00
3.200000000000000000e+01 1.000000000000000000e+00

1.000000000000000000e+00 2.555273000000000000e+06
1.500000000000000000e+01 4.835000000000000000e+03
1.400000000000000000e+01 4.765000000000000000e+03
1.600000000000000000e+01 4.621000000000000000e+03
1.300000000000000000e+01 4.435000000000000000e+03
1.700000000000000000e+01 4.117000000000000000e+03
1.200000000000000000e+01 3.822000000000000000e+03
1.800000000000000000e+01 3.566000000000000000e+03
1.100000000000000000e+01 3.098000000000000000e+03
1.900000000000000000e+01 2.821000000000000000e+03
1.000000000000000000e+01 2.276000000000000000e+03
2.000000000000000000e+01 2.148000000000000000e+03
9.000000000000000000e+00 1.696000000000000000e+03
2.100000000000000000e+01 1.535000000000000000e+03
8.000000000000000000e+00 1.167000000000000000e+03
2.200000000000000000e+01 1.083000000000000000e+03
2.000000000000000000e+00 7.940000000000000000e+02
2.300000000000000000e+01 7.130000000000000000e+02
7.000000000000000000e+00 6.990000000000000000e+02
6.000000000000000000e+00 4.930000000000000000e+02
2.400000000000000000e+01 4.890000000000000000e+02
3.000000000000000000e+00 3.790000000000000000e+02
5.000000000000000000e+00 3.260000000000000000e+02
4.000000000000000000e+00 3.200000000000000000e+02
2.500000000000000000e+01 2.970000000000000000e+02
2.600000000000000000e+01 1.840000000000000000e+02
2.700000000000000000e+01 1.080000000000000000e+02
2.800000000000000000e+01 5.000000000000000000e+01
2.900000000000000000e+01 2.400000000000000000e+01
3.000000000000000000e+01 1.400000000000000000e+01
3.100000000000000000e+01 8.000000000000000000e+00
3.200000000000000000e+01 6.000000000000000000e+00
3.300000000000000000e+01 2.000000000000000000e+00
3.400000000000000000e+01 1.000000000000000000e+00

1.000000000000000000e+00 2.576227000000000000e+06
1.400000000000000000e+01 4.742000000000000000e+03
1.500000000000000000e+01 4.684000000000000000e+03
1.300000000000000000e+01 4.647000000000000000e+03
1.600000000000000000e+01 4.364000000000000000e+03
1.200000000000000000e+01 4.009000000000000000e+03
1.700000000000000000e+01 3.778000000000000000e+03
1.100000000000000000e+01 3.382000000000000000e+03
1.800000000000000000e+01 3.190000000000000000e+03
1.000000000000000000e+01 2.675000000000000000e+03
1.900000000000000000e+01 2.614000000000000000e+03
2.000000000000000000e+01 2.012000000000000000e+03
9.000000000000000000e+00 1.841000000000000000e+03
2.100000000000000000e+01 1.385000000000000000e+03
8.000000000000000000e+00 1.319000000000000000e+03
2.000000000000000000e+00 1.063000000000000000e+03
2.200000000000000000e+01 9.580000000000000000e+02
7.000000000000000000e+00 9.090000000000000000e+02
2.300000000000000000e+01 6.150000000000000000e+02
6.000000000000000000e+00 6.140000000000000000e+02
3.000000000000000000e+00 4.670000000000000000e+02
5.000000000000000000e+00 4.650000000000000000e+02
4.000000000000000000e+00 4.140000000000000000e+02
2.400000000000000000e+01 3.860000000000000000e+02
2.500000000000000000e+01 2.600000000000000000e+02
2.600000000000000000e+01 1.350000000000000000e+02
2.700000000000000000e+01 9.400000000000000000e+01
2.800000000000000000e+01 4.500000000000000000e+01
2.900000000000000000e+01 2.400000000000000000e+01
3.000000000000000000e+01 1.000000000000000000e+01
3.200000000000000000e+01 2.000000000000000000e+00
3.100000000000000000e+01 2.000000000000000000e+00
3.500000000000000000e+01 1.000000000000000000e+00
3.300000000000000000e+01 1.000000000000000000e+00
3.400000000000000000e+01 1.000000000000000000e+00

1.000000000000000000e+00 2.603028000000000000e+06
1.400000000000000000e+01 4.620000000000000000e+03
1.500000000000000000e+01 4.540000000000000000e+03
1.300000000000000000e+01 4.535000000000000000e+03
1.200000000000000000e+01 4.299000000000000000e+03
1.600000000000000000e+01 4.192000000000000000e+03
1.100000000000000000e+01 3.670000000000000000e+03
1.700000000000000000e+01 3.505000000000000000e+03
1.000000000000000000e+01 3.008000000000000000e+03
1.800000000000000000e+01 2.868000000000000000e+03
9.000000000000000000e+00 2.303000000000000000e+03
1.900000000000000000e+01 2.242000000000000000e+03
2.000000000000000000e+01 1.676000000000000000e+03
8.000000000000000000e+00 1.652000000000000000e+03
2.000000000000000000e+00 1.182000000000000000e+03
2.100000000000000000e+01 1.171000000000000000e+03
7.000000000000000000e+00 1.110000000000000000e+03
6.000000000000000000e+00 8.420000000000000000e+02
2.200000000000000000e+01 8.380000000000000000e+02
3.000000000000000000e+00 6.260000000000000000e+02
5.000000000000000000e+00 6.240000000000000000e+02
4.000000000000000000e+00 5.040000000000000000e+02
2.300000000000000000e+01 4.870000000000000000e+02
2.400000000000000000e+01 3.050000000000000000e+02
2.500000000000000000e+01 1.790000000000000000e+02
2.600000000000000000e+01 1.160000000000000000e+02
2.700000000000000000e+01 6.000000000000000000e+01
2.800000000000000000e+01 3.400000000000000000e+01
2.900000000000000000e+01 2.000000000000000000e+01
3.000000000000000000e+01 6.000000000000000000e+00
3.100000000000000000e+01 5.000000000000000000e+00
3.300000000000000000e+01 3.000000000000000000e+00
3.200000000000000000e+01 1.000000000000000000e+00

1.000000000000000000e+00 2.631079000000000000e+06
1.400000000000000000e+01 4.735000000000000000e+03
1.300000000000000000e+01 4.625000000000000000e+03
1.200000000000000000e+01 4.451000000000000000e+03
1.500000000000000000e+01 4.255000000000000000e+03
1.100000000000000000e+01 3.902000000000000000e+03
1.600000000000000000e+01 3.873000000000000000e+03
1.000000000000000000e+01 3.238000000000000000e+03
1.700000000000000000e+01 3.132000000000000000e+03
9.000000000000000000e+00 2.620000000000000000e+03
1.800000000000000000e+01 2.536000000000000000e+03
8.000000000000000000e+00 2.026000000000000000e+03
1.900000000000000000e+01 1.909000000000000000e+03
2.000000000000000000e+00 1.653000000000000000e+03
2.000000000000000000e+01 1.391000000000000000e+03
7.000000000000000000e+00 1.375000000000000000e+03
6.000000000000000000e+00 1.007000000000000000e+03
2.100000000000000000e+01 9.770000000000000000e+02
3.000000000000000000e+00 7.970000000000000000e+02
5.000000000000000000e+00 7.900000000000000000e+02
4.000000000000000000e+00 7.170000000000000000e+02
2.200000000000000000e+01 6.520000000000000000e+02
2.300000000000000000e+01 3.750000000000000000e+02
2.400000000000000000e+01 2.460000000000000000e+02
2.500000000000000000e+01 1.320000000000000000e+02
2.600000000000000000e+01 9.900000000000000000e+01
2.700000000000000000e+01 3.100000000000000000e+01
2.800000000000000000e+01 1.800000000000000000e+01
2.900000000000000000e+01 1.000000000000000000e+01
3.000000000000000000e+01 4.000000000000000000e+00
3.100000000000000000e+01 1.000000000000000000e+00

1.000000000000000000e+00 2.662675000000000000e+06
1.300000000000000000e+01 4.741000000000000000e+03
1.200000000000000000e+01 4.615000000000000000e+03
1.400000000000000000e+01 4.419000000000000000e+03
1.100000000000000000e+01 4.326000000000000000e+03
1.500000000000000000e+01 4.032000000000000000e+03
1.000000000000000000e+01 3.656000000000000000e+03
1.600000000000000000e+01 3.440000000000000000e+03
9.000000000000000000e+00 2.955000000000000000e+03
1.700000000000000000e+01 2.804000000000000000e+03
8.000000000000000000e+00 2.224000000000000000e+03
1.800000000000000000e+01 2.163000000000000000e+03
2.000000000000000000e+00 2.084000000000000000e+03
7.000000000000000000e+00 1.697000000000000000e+03
1.900000000000000000e+01 1.580000000000000000e+03
6.000000000000000000e+00 1.302000000000000000e+03
2.000000000000000000e+01 1.085000000000000000e+03
3.000000000000000000e+00 1.039000000000000000e+03
5.000000000000000000e+00 1.039000000000000000e+03
4.000000000000000000e+00 8.960000000000000000e+02
2.100000000000000000e+01 7.330000000000000000e+02
2.200000000000000000e+01 4.480000000000000000e+02
2.300000000000000000e+01 2.890000000000000000e+02
2.400000000000000000e+01 1.570000000000000000e+02
2.500000000000000000e+01 9.700000000000000000e+01
2.600000000000000000e+01 4.500000000000000000e+01
2.700000000000000000e+01 2.300000000000000000e+01
2.800000000000000000e+01 6.000000000000000000e+00
2.900000000000000000e+01 5.000000000000000000e+00
3.000000000000000000e+01 2.000000000000000000e+00
3.100000000000000000e+01 1.000000000000000000e+00
3.200000000000000000e+01 1.000000000000000000e+00

1.000000000000000000e+00 2.700487000000000000e+06
1.200000000000000000e+01 4.650000000000000000e+03
1.300000000000000000e+01 4.564000000000000000e+03
1.100000000000000000e+01 4.330000000000000000e+03
1.400000000000000000e+01 4.229000000000000000e+03
1.000000000000000000e+01 3.980000000000000000e+03
1.500000000000000000e+01 3.600000000000000000e+03
9.000000000000000000e+00 3.489000000000000000e+03
1.600000000000000000e+01 3.047000000000000000e+03
8.000000000000000000e+00 2.712000000000000000e+03
2.000000000000000000e+00 2.670000000000000000e+03
1.700000000000000000e+01 2.309000000000000000e+03
7.000000000000000000e+00 2.163000000000000000e+03
1.800000000000000000e+01 1.732000000000000000e+03
6.000000000000000000e+00 1.658000000000000000e+03
5.000000000000000000e+00 1.379000000000000000e+03
3.000000000000000000e+00 1.346000000000000000e+03
4.000000000000000000e+00 1.149000000000000000e+03
1.900000000000000000e+01 1.132000000000000000e+03
2.000000000000000000e+01 8.230000000000000000e+02
2.100000000000000000e+01 5.570000000000000000e+02
2.200000000000000000e+01 3.120000000000000000e+02
2.300000000000000000e+01 1.950000000000000000e+02
2.400000000000000000e+01 8.600000000000000000e+01
2.500000000000000000e+01 5.100000000000000000e+01
2.600000000000000000e+01 2.400000000000000000e+01
2.800000000000000000e+01 7.000000000000000000e+00
2.700000000000000000e+01 7.000000000000000000e+00
2.900000000000000000e+01 4.000000000000000000e+00
3.100000000000000000e+01 1.000000000000000000e+00

1.000000000000000000e+00 2.736786000000000000e+06
1.100000000000000000e+01 4.633000000000000000e+03
1.200000000000000000e+01 4.593000000000000000e+03
1.300000000000000000e+01 4.285000000000000000e+03
1.000000000000000000e+01 4.184000000000000000e+03
9.000000000000000000e+00 3.899000000000000000e+03
1.400000000000000000e+01 3.818000000000000000e+03
2.000000000000000000e+00 3.361000000000000000e+03
1.500000000000000000e+01 3.285000000000000000e+03
8.000000000000000000e+00 3.172000000000000000e+03
1.600000000000000000e+01 2.515000000000000000e+03
7.000000000000000000e+00 2.478000000000000000e+03
6.000000000000000000e+00 2.036000000000000000e+03
3.000000000000000000e+00 1.840000000000000000e+03
1.700000000000000000e+01 1.804000000000000000e+03
5.000000000000000000e+00 1.698000000000000000e+03
4.000000000000000000e+00 1.543000000000000000e+03
1.800000000000000000e+01 1.351000000000000000e+03
1.900000000000000000e+01 8.960000000000000000e+02
2.000000000000000000e+01 5.540000000000000000e+02
2.100000000000000000e+01 3.350000000000000000e+02
2.200000000000000000e+01 2.090000000000000000e+02
2.300000000000000000e+01 9.300000000000000000e+01
2.400000000000000000e+01 6.100000000000000000e+01
2.500000000000000000e+01 3.100000000000000000e+01
2.600000000000000000e+01 1.100000000000000000e+01
2.700000000000000000e+01 9.000000000000000000e+00
3.200000000000000000e+01 1.000000000000000000e+00
2.800000000000000000e+01 1.000000000000000000e+00

1.000000000000000000e+00 2.774822000000000000e+06
1.000000000000000000e+01 4.515000000000000000e+03
1.100000000000000000e+01 4.511000000000000000e+03
1.200000000000000000e+01 4.424000000000000000e+03
9.000000000000000000e+00 4.108000000000000000e+03
2.000000000000000000e+00 4.078000000000000000e+03
1.300000000000000000e+01 3.857000000000000000e+03
8.000000000000000000e+00 3.623000000000000000e+03
1.400000000000000000e+01 3.341000000000000000e+03
7.000000000000000000e+00 3.015000000000000000e+03
1.500000000000000000e+01 2.718000000000000000e+03
6.000000000000000000e+00 2.412000000000000000e+03
3.000000000000000000e+00 2.298000000000000000e+03
5.000000000000000000e+00 2.088000000000000000e+03
4.000000000000000000e+00 2.065000000000000000e+03
1.600000000000000000e+01 2.040000000000000000e+03
1.700000000000000000e+01 1.425000000000000000e+03
1.800000000000000000e+01 1.013000000000000000e+03
1.900000000000000000e+01 6.220000000000000000e+02
2.000000000000000000e+01 3.640000000000000000e+02
2.100000000000000000e+01 2.320000000000000000e+02
2.200000000000000000e+01 1.120000000000000000e+02
2.300000000000000000e+01 7.400000000000000000e+01
2.400000000000000000e+01 2.800000000000000000e+01
2.500000000000000000e+01 6.000000000000000000e+00
2.600000000000000000e+01 6.000000000000000000e+00
2.700000000000000000e+01 3.000000000000000000e+00
2.800000000000000000e+01 1.000000000000000000e+00
2.900000000000000000e+01 1.000000000000000000e+00

1.000000000000000000e+00 2.813291000000000000e+06
2.000000000000000000e+00 4.871000000000000000e+03
1.000000000000000000e+01 4.525000000000000000e+03
1.100000000000000000e+01 4.445000000000000000e+03
9.000000000000000000e+00 4.304000000000000000e+03
1.200000000000000000e+01 4.064000000000000000e+03
8.000000000000000000e+00 3.974000000000000000e+03
1.300000000000000000e+01 3.501000000000000000e+03
7.000000000000000000e+00 3.484000000000000000e+03
6.000000000000000000e+00 2.987000000000000000e+03
3.000000000000000000e+00 2.849000000000000000e+03
1.400000000000000000e+01 2.829000000000000000e+03
5.000000000000000000e+00 2.448000000000000000e+03
4.000000000000000000e+00 2.414000000000000000e+03
1.500000000000000000e+01 2.122000000000000000e+03
1.600000000000000000e+01 1.609000000000000000e+03
1.700000000000000000e+01 1.017000000000000000e+03
1.800000000000000000e+01 7.010000000000000000e+02
1.900000000000000000e+01 4.290000000000000000e+02
2.000000000000000000e+01 2.500000000000000000e+02
2.100000000000000000e+01 1.210000000000000000e+02
2.200000000000000000e+01 5.900000000000000000e+01
2.300000000000000000e+01 2.900000000000000000e+01
2.400000000000000000e+01 1.200000000000000000e+01
2.500000000000000000e+01 6.000000000000000000e+00
2.600000000000000000e+01 3.000000000000000000e+00

1.000000000000000000e+00 2.853616000000000000e+06
2.000000000000000000e+00 6.049000000000000000e+03
1.000000000000000000e+01 4.393000000000000000e+03
9.000000000000000000e+00 4.377000000000000000e+03
8.000000000000000000e+00 4.200000000000000000e+03
1.100000000000000000e+01 4.022000000000000000e+03
7.000000000000000000e+00 3.759000000000000000e+03
1.200000000000000000e+01 3.620000000000000000e+03
3.000000000000000000e+00 3.487000000000000000e+03
6.000000000000000000e+00 3.411000000000000000e+03
5.000000000000000000e+00 3.050000000000000000e+03
4.000000000000000000e+00 2.966000000000000000e+03
1.300000000000000000e+01 2.962000000000000000e+03
1.400000000000000000e+01 2.326000000000000000e+03
1.500000000000000000e+01 1.668000000000000000e+03
1.600000000000000000e+01 1.196000000000000000e+03
1.700000000000000000e+01 7.500000000000000000e+02
1.800000000000000000e+01 4.280000000000000000e+02
1.900000000000000000e+01 2.550000000000000000e+02
2.000000000000000000e+01 1.180000000000000000e+02
2.100000000000000000e+01 6.000000000000000000e+01
2.200000000000000000e+01 2.900000000000000000e+01
2.300000000000000000e+01 1.100000000000000000e+01
2.400000000000000000e+01 9.000000000000000000e+00
2.500000000000000000e+01 3.000000000000000000e+00

1.000000000000000000e+00 2.897985000000000000e+06
2.000000000000000000e+00 7.239000000000000000e+03
8.000000000000000000e+00 4.364000000000000000e+03
9.000000000000000000e+00 4.306000000000000000e+03
3.000000000000000000e+00 4.196000000000000000e+03
7.000000000000000000e+00 4.091000000000000000e+03
1.000000000000000000e+01 4.031000000000000000e+03
6.000000000000000000e+00 3.812000000000000000e+03
4.000000000000000000e+00 3.610000000000000000e+03
5.000000000000000000e+00 3.533000000000000000e+03
1.100000000000000000e+01 3.529000000000000000e+03
1.200000000000000000e+01 2.965000000000000000e+03
1.300000000000000000e+01 2.267000000000000000e+03
1.400000000000000000e+01 1.771000000000000000e+03
1.500000000000000000e+01 1.185000000000000000e+03
1.600000000000000000e+01 8.150000000000000000e+02
1.700000000000000000e+01 4.460000000000000000e+02
1.800000000000000000e+01 2.590000000000000000e+02
1.900000000000000000e+01 1.520000000000000000e+02
2.000000000000000000e+01 7.800000000000000000e+01
2.100000000000000000e+01 3.100000000000000000e+01
2.200000000000000000e+01 1.800000000000000000e+01
2.300000000000000000e+01 4.000000000000000000e+00
2.500000000000000000e+01 1.000000000000000000e+00
2.400000000000000000e+01 1.000000000000000000e+00

1.000000000000000000e+00 2.939998000000000000e+06
2.000000000000000000e+00 8.757000000000000000e+03
3.000000000000000000e+00 5.030000000000000000e+03
8.000000000000000000e+00 4.378000000000000000e+03
7.000000000000000000e+00 4.333000000000000000e+03
5.000000000000000000e+00 4.127000000000000000e+03
6.000000000000000000e+00 4.070000000000000000e+03
4.000000000000000000e+00 4.070000000000000000e+03
9.000000000000000000e+00 4.006000000000000000e+03
1.000000000000000000e+01 3.556000000000000000e+03
1.100000000000000000e+01 3.013000000000000000e+03
1.200000000000000000e+01 2.327000000000000000e+03
1.300000000000000000e+01 1.725000000000000000e+03
1.400000000000000000e+01 1.194000000000000000e+03
1.500000000000000000e+01 7.830000000000000000e+02
1.600000000000000000e+01 4.640000000000000000e+02
1.700000000000000000e+01 2.960000000000000000e+02
1.800000000000000000e+01 1.330000000000000000e+02
1.900000000000000000e+01 6.700000000000000000e+01
2.000000000000000000e+01 3.700000000000000000e+01
2.100000000000000000e+01 1.000000000000000000e+01
2.200000000000000000e+01 2.000000000000000000e+00
2.400000000000000000e+01 1.000000000000000000e+00

1.000000000000000000e+00 2.977911000000000000e+06
2.000000000000000000e+00 9.899000000000000000e+03
3.000000000000000000e+00 5.813000000000000000e+03
4.000000000000000000e+00 4.755000000000000000e+03
6.000000000000000000e+00 4.410000000000000000e+03
7.000000000000000000e+00 4.405000000000000000e+03
5.000000000000000000e+00 4.398000000000000000e+03
8.000000000000000000e+00 4.189000000000000000e+03
9.000000000000000000e+00 3.761000000000000000e+03
1.000000000000000000e+01 3.105000000000000000e+03
1.100000000000000000e+01 2.332000000000000000e+03
1.200000000000000000e+01 1.760000000000000000e+03
1.300000000000000000e+01 1.163000000000000000e+03
1.400000000000000000e+01 7.820000000000000000e+02
1.500000000000000000e+01 4.310000000000000000e+02
1.600000000000000000e+01 2.640000000000000000e+02
1.700000000000000000e+01 1.460000000000000000e+02
1.800000000000000000e+01 7.400000000000000000e+01
1.900000000000000000e+01 3.000000000000000000e+01
2.000000000000000000e+01 8.000000000000000000e+00
2.100000000000000000e+01 2.000000000000000000e+00
2.200000000000000000e+01 1.000000000000000000e+00

1.000000000000000000e+00 3.019347000000000000e+06
2.000000000000000000e+00 1.143700000000000000e+04
3.000000000000000000e+00 6.599000000000000000e+03
4.000000000000000000e+00 5.138000000000000000e+03
5.000000000000000000e+00 4.707000000000000000e+03
6.000000000000000000e+00 4.519000000000000000e+03
7.000000000000000000e+00 4.130000000000000000e+03
8.000000000000000000e+00 3.692000000000000000e+03
9.000000000000000000e+00 3.008000000000000000e+03
1.000000000000000000e+01 2.375000000000000000e+03
1.100000000000000000e+01 1.700000000000000000e+03
1.200000000000000000e+01 1.157000000000000000e+03
1.300000000000000000e+01 7.920000000000000000e+02
1.400000000000000000e+01 4.620000000000000000e+02
1.500000000000000000e+01 2.600000000000000000e+02
1.600000000000000000e+01 1.250000000000000000e+02
1.700000000000000000e+01 6.700000000000000000e+01
1.800000000000000000e+01 3.900000000000000000e+01
1.900000000000000000e+01 1.900000000000000000e+01
2.200000000000000000e+01 1.000000000000000000e+00
2.100000000000000000e+01 1.000000000000000000e+00
2.000000000000000000e+01 1.000000000000000000e+00

1.000000000000000000e+00 3.056639000000000000e+06
2.000000000000000000e+00 1.256600000000000000e+04
3.000000000000000000e+00 7.235000000000000000e+03
4.000000000000000000e+00 5.565000000000000000e+03
5.000000000000000000e+00 4.758000000000000000e+03
6.000000000000000000e+00 4.243000000000000000e+03
7.000000000000000000e+00 3.822000000000000000e+03
8.000000000000000000e+00 3.104000000000000000e+03
9.000000000000000000e+00 2.446000000000000000e+03
1.000000000000000000e+01 1.700000000000000000e+03
1.100000000000000000e+01 1.184000000000000000e+03
1.200000000000000000e+01 7.790000000000000000e+02
1.300000000000000000e+01 4.010000000000000000e+02
1.400000000000000000e+01 2.350000000000000000e+02
1.500000000000000000e+01 1.090000000000000000e+02
1.600000000000000000e+01 5.600000000000000000e+01
1.700000000000000000e+01 3.300000000000000000e+01
1.800000000000000000e+01 1.200000000000000000e+01
1.900000000000000000e+01 8.000000000000000000e+00
2.000000000000000000e+01 3.000000000000000000e+00
2.100000000000000000e+01 1.000000000000000000e+00

1.000000000000000000e+00 3.092831000000000000e+06
2.000000000000000000e+00 1.379800000000000000e+04
3.000000000000000000e+00 7.675000000000000000e+03
4.000000000000000000e+00 5.632000000000000000e+03
5.000000000000000000e+00 4.598000000000000000e+03
6.000000000000000000e+00 3.860000000000000000e+03
7.000000000000000000e+00 3.207000000000000000e+03
8.000000000000000000e+00 2.454000000000000000e+03
9.000000000000000000e+00 1.733000000000000000e+03
1.000000000000000000e+01 1.144000000000000000e+03
1.100000000000000000e+01 7.000000000000000000e+02
1.200000000000000000e+01 4.230000000000000000e+02
1.300000000000000000e+01 2.290000000000000000e+02
1.400000000000000000e+01 1.100000000000000000e+02
1.500000000000000000e+01 5.100000000000000000e+01
1.600000000000000000e+01 2.600000000000000000e+01
1.700000000000000000e+01 1.200000000000000000e+01
1.800000000000000000e+01 2.000000000000000000e+00
1.900000000000000000e+01 2.000000000000000000e+00

1.000000000000000000e+00 3.120189000000000000e+06
2.000000000000000000e+00 1.407900000000000000e+04
3.000000000000000000e+00 7.768000000000000000e+03
4.000000000000000000e+00 5.636000000000000000e+03
5.000000000000000000e+00 4.316000000000000000e+03
6.000000000000000000e+00 3.664000000000000000e+03
7.000000000000000000e+00 2.668000000000000000e+03
8.000000000000000000e+00 1.931000000000000000e+03
9.000000000000000000e+00 1.249000000000000000e+03
1.000000000000000000e+01 7.280000000000000000e+02
1.100000000000000000e+01 3.990000000000000000e+02
1.200000000000000000e+01 2.070000000000000000e+02
1.300000000000000000e+01 1.140000000000000000e+02
1.400000000000000000e+01 5.000000000000000000e+01
1.500000000000000000e+01 2.000000000000000000e+01
1.700000000000000000e+01 7.000000000000000000e+00
1.800000000000000000e+01 5.000000000000000000e+00
1.600000000000000000e+01 2.000000000000000000e+00

1.000000000000000000e+00 3.135527000000000000e+06
2.000000000000000000e+00 1.473700000000000000e+04
3.000000000000000000e+00 7.875000000000000000e+03
4.000000000000000000e+00 5.311000000000000000e+03
5.000000000000000000e+00 4.283000000000000000e+03
6.000000000000000000e+00 3.307000000000000000e+03
7.000000000000000000e+00 2.369000000000000000e+03
8.000000000000000000e+00 1.462000000000000000e+03
9.000000000000000000e+00 9.760000000000000000e+02
1.000000000000000000e+01 5.660000000000000000e+02
1.100000000000000000e+01 2.770000000000000000e+02
1.200000000000000000e+01 1.430000000000000000e+02
1.300000000000000000e+01 6.300000000000000000e+01
1.400000000000000000e+01 2.200000000000000000e+01
1.500000000000000000e+01 1.300000000000000000e+01
1.600000000000000000e+01 3.000000000000000000e+00
1.700000000000000000e+01 1.000000000000000000e+00

1.000000000000000000e+00 3.152455000000000000e+06
2.000000000000000000e+00 1.484300000000000000e+04
3.000000000000000000e+00 7.844000000000000000e+03
4.000000000000000000e+00 5.306000000000000000e+03
5.000000000000000000e+00 3.925000000000000000e+03
6.000000000000000000e+00 2.837000000000000000e+03
7.000000000000000000e+00 1.922000000000000000e+03
8.000000000000000000e+00 1.201000000000000000e+03
9.000000000000000000e+00 7.410000000000000000e+02
1.000000000000000000e+01 3.220000000000000000e+02
1.100000000000000000e+01 1.610000000000000000e+02
1.200000000000000000e+01 8.300000000000000000e+01
1.300000000000000000e+01 3.100000000000000000e+01
1.400000000000000000e+01 1.600000000000000000e+01
1.600000000000000000e+01 4.000000000000000000e+00
1.500000000000000000e+01 2.000000000000000000e+00
1.700000000000000000e+01 1.000000000000000000e+00

1.000000000000000000e+00 3.165510000000000000e+06
2.000000000000000000e+00 1.500700000000000000e+04
3.000000000000000000e+00 7.671000000000000000e+03
4.000000000000000000e+00 4.997000000000000000e+03
5.000000000000000000e+00 3.535000000000000000e+03
6.000000000000000000e+00 2.416000000000000000e+03
7.000000000000000000e+00 1.591000000000000000e+03
8.000000000000000000e+00 9.860000000000000000e+02
9.000000000000000000e+00 5.610000000000000000e+02
1.000000000000000000e+01 2.780000000000000000e+02
1.100000000000000000e+01 1.270000000000000000e+02
1.200000000000000000e+01 4.900000000000000000e+01
1.300000000000000000e+01 1.900000000000000000e+01
1.400000000000000000e+01 1.100000000000000000e+01
1.500000000000000000e+01 2.000000000000000000e+00
1.800000000000000000e+01 1.000000000000000000e+00
1.600000000000000000e+01 1.000000000000000000e+00

1.000000000000000000e+00 3.187285000000000000e+06
2.000000000000000000e+00 1.461800000000000000e+04
3.000000000000000000e+00 7.269000000000000000e+03
4.000000000000000000e+00 4.510000000000000000e+03
5.000000000000000000e+00 2.903000000000000000e+03
6.000000000000000000e+00 1.800000000000000000e+03
7.000000000000000000e+00 1.095000000000000000e+03
8.000000000000000000e+00 5.940000000000000000e+02
9.000000000000000000e+00 3.390000000000000000e+02
1.000000000000000000e+01 1.640000000000000000e+02
1.100000000000000000e+01 6.200000000000000000e+01
1.200000000000000000e+01 2.800000000000000000e+01
1.400000000000000000e+01 7.000000000000000000e+00
1.300000000000000000e+01 6.000000000000000000e+00
1.500000000000000000e+01 1.000000000000000000e+00

1.000000000000000000e+00 3.198851000000000000e+06
2.000000000000000000e+00 1.483000000000000000e+04
3.000000000000000000e+00 6.935000000000000000e+03
4.000000000000000000e+00 4.193000000000000000e+03
5.000000000000000000e+00 2.505000000000000000e+03
6.000000000000000000e+00 1.469000000000000000e+03
7.000000000000000000e+00 8.460000000000000000e+02
8.000000000000000000e+00 4.070000000000000000e+02
9.000000000000000000e+00 2.210000000000000000e+02
1.000000000000000000e+01 8.300000000000000000e+01
1.100000000000000000e+01 3.800000000000000000e+01
1.200000000000000000e+01 1.100000000000000000e+01
1.300000000000000000e+01 2.000000000000000000e+00

1.000000000000000000e+00 3.207581000000000000e+06
2.000000000000000000e+00 1.448800000000000000e+04
3.000000000000000000e+00 6.780000000000000000e+03
4.000000000000000000e+00 3.760000000000000000e+03
5.000000000000000000e+00 2.279000000000000000e+03
6.000000000000000000e+00 1.250000000000000000e+03
7.000000000000000000e+00 6.660000000000000000e+02
8.000000000000000000e+00 3.080000000000000000e+02
9.000000000000000000e+00 1.410000000000000000e+02
1.000000000000000000e+01 4.800000000000000000e+01
1.100000000000000000e+01 2.000000000000000000e+01
1.200000000000000000e+01 5.000000000000000000e+00
1.300000000000000000e+01 1.000000000000000000e+00

1.000000000000000000e+00 3.216902000000000000e+06
2.000000000000000000e+00 1.423900000000000000e+04
3.000000000000000000e+00 6.445000000000000000e+03
4.000000000000000000e+00 3.376000000000000000e+03
5.000000000000000000e+00 1.909000000000000000e+03
6.000000000000000000e+00 9.540000000000000000e+02
7.000000000000000000e+00 4.770000000000000000e+02
8.000000000000000000e+00 2.320000000000000000e+02
9.000000000000000000e+00 8.000000000000000000e+01
1.000000000000000000e+01 4.000000000000000000e+01
1.100000000000000000e+01 1.200000000000000000e+01
1.200000000000000000e+01 3.000000000000000000e+00
1.400000000000000000e+01 1.000000000000000000e+00
1.500000000000000000e+01 1.000000000000000000e+00

1.000000000000000000e+00 3.223717000000000000e+06
2.000000000000000000e+00 1.386800000000000000e+04
3.000000000000000000e+00 6.162000000000000000e+03
4.000000000000000000e+00 3.094000000000000000e+03
5.000000000000000000e+00 1.633000000000000000e+03
6.000000000000000000e+00 8.110000000000000000e+02
7.000000000000000000e+00 3.770000000000000000e+02
8.000000000000000000e+00 1.470000000000000000e+02
9.000000000000000000e+00 6.600000000000000000e+01
1.000000000000000000e+01 2.000000000000000000e+01
1.100000000000000000e+01 3.000000000000000000e+00
1.200000000000000000e+01 1.000000000000000000e+00

1.000000000000000000e+00 2.511422000000000000e+06
1.500000000000000000e+01 5.199000000000000000e+03
1.600000000000000000e+01 5.107000000000000000e+03
1.700000000000000000e+01 4.858000000000000000e+03
1.400000000000000000e+01 4.779000000000000000e+03
1.800000000000000000e+01 4.228000000000000000e+03
1.300000000000000000e+01 4.122000000000000000e+03
1.900000000000000000e+01 3.525000000000000000e+03
1.200000000000000000e+01 3.210000000000000000e+03
2.000000000000000000e+01 2.687000000000000000e+03
1.100000000000000000e+01 2.372000000000000000e+03
2.100000000000000000e+01 1.973000000000000000e+03
1.000000000000000000e+01 1.658000000000000000e+03
2.200000000000000000e+01 1.321000000000000000e+03
9.000000000000000000e+00 1.043000000000000000e+03
2.300000000000000000e+01 9.360000000000000000e+02
8.000000000000000000e+00 5.990000000000000000e+02
2.400000000000000000e+01 5.820000000000000000e+02
2.000000000000000000e+00 4.440000000000000000e+02
7.000000000000000000e+00 3.880000000000000000e+02
2.500000000000000000e+01 3.500000000000000000e+02
6.000000000000000000e+00 2.190000000000000000e+02
2.600000000000000000e+01 2.080000000000000000e+02
5.000000000000000000e+00 1.630000000000000000e+02
3.000000000000000000e+00 1.550000000000000000e+02
4.000000000000000000e+00 1.270000000000000000e+02
2.700000000000000000e+01 1.140000000000000000e+02
2.800000000000000000e+01 5.400000000000000000e+01
2.900000000000000000e+01 3.700000000000000000e+01
3.000000000000000000e+01 1.500000000000000000e+01
3.100000000000000000e+01 1.100000000000000000e+01
3.200000000000000000e+01 3.000000000000000000e+00
3.300000000000000000e+01 3.000000000000000000e+00
3.900000000000000000e+01 1.000000000000000000e+00
3.600000000000000000e+01 1.000000000000000000e+00
3.400000000000000000e+01 1.000000000000000000e+00

1.000000000000000000e+00 2.524397000000000000e+06
1.500000000000000000e+01 5.060000000000000000e+03
1.600000000000000000e+01 5.047000000000000000e+03
1.400000000000000000e+01 4.775000000000000000e+03
1.700000000000000000e+01 4.629000000000000000e+03
1.300000000000000000e+01 4.282000000000000000e+03
1.800000000000000000e+01 3.924000000000000000e+03
1.200000000000000000e+01 3.441000000000000000e+03
1.900000000000000000e+01 3.289000000000000000e+03
1.100000000000000000e+01 2.644000000000000000e+03
2.000000000000000000e+01 2.406000000000000000e+03
2.100000000000000000e+01 1.871000000000000000e+03
1.000000000000000000e+01 1.861000000000000000e+03
2.200000000000000000e+01 1.330000000000000000e+03
9.000000000000000000e+00 1.185000000000000000e+03
2.300000000000000000e+01 8.150000000000000000e+02
8.000000000000000000e+00 7.060000000000000000e+02
2.400000000000000000e+01 5.820000000000000000e+02
2.000000000000000000e+00 5.520000000000000000e+02
7.000000000000000000e+00 4.880000000000000000e+02
2.500000000000000000e+01 3.510000000000000000e+02
6.000000000000000000e+00 3.260000000000000000e+02
2.600000000000000000e+01 2.200000000000000000e+02
3.000000000000000000e+00 2.150000000000000000e+02
5.000000000000000000e+00 2.090000000000000000e+02
4.000000000000000000e+00 1.990000000000000000e+02
2.700000000000000000e+01 1.080000000000000000e+02
2.800000000000000000e+01 5.300000000000000000e+01
2.900000000000000000e+01 4.300000000000000000e+01
3.000000000000000000e+01 1.300000000000000000e+01
3.100000000000000000e+01 8.000000000000000000e+00
3.200000000000000000e+01 4.000000000000000000e+00
3.300000000000000000e+01 2.000000000000000000e+00

1.000000000000000000e+00 2.542147000000000000e+06
1.500000000000000000e+01 4.925000000000000000e+03
1.600000000000000000e+01 4.817000000000000000e+03
1.400000000000000000e+01 4.802000000000000000e+03
1.300000000000000000e+01 4.349000000000000000e+03
1.700000000000000000e+01 4.188000000000000000e+03
1.800000000000000000e+01 3.733000000000000000e+03
1.200000000000000000e+01 3.684000000000000000e+03
1.900000000000000000e+01 3.088000000000000000e+03
1.100000000000000000e+01 2.903000000000000000e+03
2.000000000000000000e+01 2.292000000000000000e+03
1.000000000000000000e+01 2.045000000000000000e+03
2.100000000000000000e+01 1.622000000000000000e+03
9.000000000000000000e+00 1.570000000000000000e+03
2.200000000000000000e+01 1.154000000000000000e+03
8.000000000000000000e+00 9.240000000000000000e+02
2.300000000000000000e+01 7.940000000000000000e+02
2.000000000000000000e+00 7.380000000000000000e+02
7.000000000000000000e+00 5.920000000000000000e+02
2.400000000000000000e+01 4.890000000000000000e+02
6.000000000000000000e+00 4.230000000000000000e+02
3.000000000000000000e+00 3.380000000000000000e+02
5.000000000000000000e+00 3.230000000000000000e+02
2.500000000000000000e+01 3.090000000000000000e+02
4.000000000000000000e+00 2.450000000000000000e+02
2.600000000000000000e+01 1.990000000000000000e+02
2.700000000000000000e+01 1.170000000000000000e+02
2.800000000000000000e+01 7.600000000000000000e+01
2.900000000000000000e+01 4.200000000000000000e+01
3.000000000000000000e+01 2.900000000000000000e+01
3.100000000000000000e+01 1.000000000000000000e+01
3.200000000000000000e+01 6.000000000000000000e+00
3.300000000000000000e+01 2.000000000000000000e+00
3.500000000000000000e+01 1.000000000000000000e+00
3.400000000000000000e+01 1.000000000000000000e+00

1.000000000000000000e+00 2.562163000000000000e+06
1.400000000000000000e+01 4.814000000000000000e+03
1.500000000000000000e+01 4.745000000000000000e+03
1.600000000000000000e+01 4.550000000000000000e+03
1.300000000000000000e+01 4.347000000000000000e+03
1.700000000000000000e+01 3.984000000000000000e+03
1.200000000000000000e+01 3.742000000000000000e+03
1.800000000000000000e+01 3.350000000000000000e+03
1.100000000000000000e+01 3.225000000000000000e+03
1.900000000000000000e+01 2.690000000000000000e+03
1.000000000000000000e+01 2.412000000000000000e+03
2.000000000000000000e+01 2.032000000000000000e+03
9.000000000000000000e+00 1.822000000000000000e+03
2.100000000000000000e+01 1.554000000000000000e+03
8.000000000000000000e+00 1.191000000000000000e+03
2.200000000000000000e+01 1.078000000000000000e+03
2.000000000000000000e+00 8.930000000000000000e+02
7.000000000000000000e+00 8.170000000000000000e+02
2.300000000000000000e+01 7.330000000000000000e+02
6.000000000000000000e+00 5.580000000000000000e+02
2.400000000000000000e+01 4.910000000000000000e+02
3.000000000000000000e+00 4.180000000000000000e+02
5.000000000000000000e+00 4.100000000000000000e+02
4.000000000000000000e+00 3.690000000000000000e+02
2.500000000000000000e+01 2.910000000000000000e+02
2.600000000000000000e+01 1.810000000000000000e+02
2.700000000000000000e+01 1.180000000000000000e+02
2.800000000000000000e+01 7.200000000000000000e+01
2.900000000000000000e+01 3.800000000000000000e+01
3.000000000000000000e+01 1.300000000000000000e+01
3.100000000000000000e+01 6.000000000000000000e+00
3.300000000000000000e+01 3.000000000000000000e+00
3.400000000000000000e+01 3.000000000000000000e+00
3.200000000000000000e+01 2.000000000000000000e+00

1.000000000000000000e+00 2.586120000000000000e+06
1.400000000000000000e+01 4.610000000000000000e+03
1.500000000000000000e+01 4.519000000000000000e+03
1.300000000000000000e+01 4.482000000000000000e+03
1.600000000000000000e+01 4.284000000000000000e+03
1.200000000000000000e+01 4.005000000000000000e+03
1.700000000000000000e+01 3.639000000000000000e+03
1.100000000000000000e+01 3.406000000000000000e+03
1.800000000000000000e+01 3.130000000000000000e+03
1.000000000000000000e+01 2.729000000000000000e+03
1.900000000000000000e+01 2.394000000000000000e+03
9.000000000000000000e+00 2.143000000000000000e+03
2.000000000000000000e+01 1.860000000000000000e+03
8.000000000000000000e+00 1.516000000000000000e+03
2.100000000000000000e+01 1.401000000000000000e+03
2.000000000000000000e+00 1.127000000000000000e+03
7.000000000000000000e+00 9.660000000000000000e+02
2.200000000000000000e+01 9.200000000000000000e+02
6.000000000000000000e+00 7.740000000000000000e+02
2.300000000000000000e+01 6.150000000000000000e+02
3.000000000000000000e+00 5.500000000000000000e+02
5.000000000000000000e+00 5.410000000000000000e+02
4.000000000000000000e+00 5.170000000000000000e+02
2.400000000000000000e+01 4.070000000000000000e+02
2.500000000000000000e+01 2.380000000000000000e+02
2.600000000000000000e+01 1.540000000000000000e+02
2.700000000000000000e+01 1.010000000000000000e+02
2.800000000000000000e+01 4.700000000000000000e+01
2.900000000000000000e+01 3.400000000000000000e+01
3.000000000000000000e+01 1.600000000000000000e+01
3.100000000000000000e+01 9.000000000000000000e+00
3.200000000000000000e+01 5.000000000000000000e+00
3.300000000000000000e+01 2.000000000000000000e+00

1.000000000000000000e+00 2.608486000000000000e+06
1.300000000000000000e+01 4.469000000000000000e+03
1.400000000000000000e+01 4.458000000000000000e+03
1.500000000000000000e+01 4.377000000000000000e+03
1.200000000000000000e+01 4.179000000000000000e+03
1.600000000000000000e+01 4.019000000000000000e+03
1.100000000000000000e+01 3.734000000000000000e+03
1.700000000000000000e+01 3.429000000000000000e+03
1.000000000000000000e+01 2.912000000000000000e+03
1.800000000000000000e+01 2.723000000000000000e+03
9.000000000000000000e+00 2.387000000000000000e+03
1.900000000000000000e+01 2.201000000000000000e+03
8.000000000000000000e+00 1.761000000000000000e+03
2.000000000000000000e+01 1.593000000000000000e+03
2.000000000000000000e+00 1.456000000000000000e+03
7.000000000000000000e+00 1.217000000000000000e+03
2.100000000000000000e+01 1.160000000000000000e+03
6.000000000000000000e+00 9.270000000000000000e+02
2.200000000000000000e+01 8.240000000000000000e+02
5.000000000000000000e+00 7.380000000000000000e+02
3.000000000000000000e+00 7.060000000000000000e+02
4.000000000000000000e+00 6.300000000000000000e+02
2.300000000000000000e+01 5.900000000000000000e+02
2.400000000000000000e+01 3.860000000000000000e+02
2.500000000000000000e+01 2.230000000000000000e+02
2.600000000000000000e+01 1.300000000000000000e+02
2.700000000000000000e+01 7.800000000000000000e+01
2.800000000000000000e+01 4.200000000000000000e+01
2.900000000000000000e+01 2.100000000000000000e+01
3.000000000000000000e+01 8.000000000000000000e+00
3.100000000000000000e+01 7.000000000000000000e+00
3.300000000000000000e+01 2.000000000000000000e+00
3.200000000000000000e+01 2.000000000000000000e+00
3.600000000000000000e+01 1.000000000000000000e+00
3.500000000000000000e+01 1.000000000000000000e+00

1.000000000000000000e+00 2.640412000000000000e+06
1.300000000000000000e+01 4.515000000000000000e+03
1.400000000000000000e+01 4.306000000000000000e+03
1.200000000000000000e+01 4.131000000000000000e+03
1.500000000000000000e+01 4.028000000000000000e+03
1.100000000000000000e+01 3.890000000000000000e+03
1.600000000000000000e+01 3.485000000000000000e+03
1.000000000000000000e+01 3.470000000000000000e+03
1.700000000000000000e+01 2.969000000000000000e+03
9.000000000000000000e+00 2.724000000000000000e+03
1.800000000000000000e+01 2.455000000000000000e+03
8.000000000000000000e+00 2.080000000000000000e+03
2.000000000000000000e+00 2.007000000000000000e+03
1.900000000000000000e+01 1.871000000000000000e+03
7.000000000000000000e+00 1.588000000000000000e+03
2.000000000000000000e+01 1.449000000000000000e+03
6.000000000000000000e+00 1.246000000000000000e+03
2.100000000000000000e+01 1.006000000000000000e+03
3.000000000000000000e+00 9.420000000000000000e+02
5.000000000000000000e+00 9.360000000000000000e+02
4.000000000000000000e+00 8.520000000000000000e+02
2.200000000000000000e+01 6.950000000000000000e+02
2.300000000000000000e+01 4.500000000000000000e+02
2.400000000000000000e+01 2.830000000000000000e+02
2.500000000000000000e+01 1.700000000000000000e+02
2.600000000000000000e+01 1.010000000000000000e+02
2.700000000000000000e+01 5.500000000000000000e+01
2.800000000000000000e+01 2.800000000000000000e+01
2.900000000000000000e+01 1.900000000000000000e+01
3.000000000000000000e+01 5.000000000000000000e+00
3.200000000000000000e+01 2.000000000000000000e+00
3.100000000000000000e+01 1.000000000000000000e+00

1.000000000000000000e+00 2.669327000000000000e+06
1.200000000000000000e+01 4.298000000000000000e+03
1.300000000000000000e+01 4.177000000000000000e+03
1.400000000000000000e+01 4.175000000000000000e+03
1.100000000000000000e+01 4.146000000000000000e+03
1.500000000000000000e+01 3.708000000000000000e+03
1.000000000000000000e+01 3.572000000000000000e+03
1.600000000000000000e+01 3.225000000000000000e+03
9.000000000000000000e+00 3.075000000000000000e+03
1.700000000000000000e+01 2.763000000000000000e+03
8.000000000000000000e+00 2.397000000000000000e+03
2.000000000000000000e+00 2.331000000000000000e+03
1.800000000000000000e+01 2.221000000000000000e+03
7.000000000000000000e+00 1.873000000000000000e+03
1.900000000000000000e+01 1.625000000000000000e+03
6.000000000000000000e+00 1.482000000000000000e+03
3.000000000000000000e+00 1.263000000000000000e+03
5.000000000000000000e+00 1.215000000000000000e+03
2.000000000000000000e+01 1.169000000000000000e+03
4.000000000000000000e+00 1.086000000000000000e+03
2.100000000000000000e+01 8.240000000000000000e+02
2.200000000000000000e+01 5.610000000000000000e+02
2.300000000000000000e+01 3.450000000000000000e+02
2.400000000000000000e+01 1.960000000000000000e+02
2.500000000000000000e+01 1.210000000000000000e+02
2.600000000000000000e+01 6.500000000000000000e+01
2.700000000000000000e+01 3.500000000000000000e+01
2.800000000000000000e+01 1.700000000000000000e+01
2.900000000000000000e+01 8.000000000000000000e+00
3.000000000000000000e+01 5.000000000000000000e+00
3.600000000000000000e+01 1.000000000000000000e+00
3.300000000000000000e+01 1.000000000000000000e+00

1.000000000000000000e+00 2.701976000000000000e+06
1.200000000000000000e+01 4.247000000000000000e+03
1.100000000000000000e+01 4.211000000000000000e+03
1.300000000000000000e+01 4.118000000000000000e+03
1.000000000000000000e+01 3.933000000000000000e+03
1.400000000000000000e+01 3.902000000000000000e+03
1.500000000000000000e+01 3.494000000000000000e+03
9.000000000000000000e+00 3.438000000000000000e+03
2.000000000000000000e+00 2.933000000000000000e+03
1.600000000000000000e+01 2.850000000000000000e+03
8.000000000000000000e+00 2.728000000000000000e+03
1.700000000000000000e+01 2.329000000000000000e+03
7.000000000000000000e+00 2.186000000000000000e+03
6.000000000000000000e+00 1.780000000000000000e+03
1.800000000000000000e+01 1.760000000000000000e+03
3.000000000000000000e+00 1.632000000000000000e+03
5.000000000000000000e+00 1.472000000000000000e+03
1.900000000000000000e+01 1.380000000000000000e+03
4.000000000000000000e+00 1.360000000000000000e+03
2.000000000000000000e+01 8.810000000000000000e+02
2.100000000000000000e+01 6.550000000000000000e+02
2.200000000000000000e+01 4.550000000000000000e+02
2.300000000000000000e+01 2.380000000000000000e+02
2.400000000000000000e+01 1.510000000000000000e+02
2.500000000000000000e+01 9.700000000000000000e+01
2.600000000000000000e+01 4.500000000000000000e+01
2.700000000000000000e+01 3.100000000000000000e+01
2.800000000000000000e+01 1.200000000000000000e+01
3.000000000000000000e+01 2.000000000000000000e+00
2.900000000000000000e+01 2.000000000000000000e+00
3.400000000000000000e+01 1.000000000000000000e+00
3.100000000000000000e+01 1.000000000000000000e+00

1.000000000000000000e+00 2.738667000000000000e+06
1.200000000000000000e+01 4.269000000000000000e+03
1.100000000000000000e+01 4.214000000000000000e+03
1.300000000000000000e+01 3.942000000000000000e+03
1.000000000000000000e+01 3.919000000000000000e+03
2.000000000000000000e+00 3.765000000000000000e+03
1.400000000000000000e+01 3.653000000000000000e+03
9.000000000000000000e+00 3.606000000000000000e+03
8.000000000000000000e+00 3.119000000000000000e+03
1.500000000000000000e+01 3.112000000000000000e+03
7.000000000000000000e+00 2.581000000000000000e+03
1.600000000000000000e+01 2.527000000000000000e+03
3.000000000000000000e+00 2.099000000000000000e+03
6.000000000000000000e+00 2.098000000000000000e+03
1.700000000000000000e+01 1.919000000000000000e+03
5.000000000000000000e+00 1.797000000000000000e+03
4.000000000000000000e+00 1.735000000000000000e+03
1.800000000000000000e+01 1.421000000000000000e+03
1.900000000000000000e+01 1.031000000000000000e+03
2.000000000000000000e+01 7.360000000000000000e+02
2.100000000000000000e+01 4.940000000000000000e+02
2.200000000000000000e+01 2.700000000000000000e+02
2.300000000000000000e+01 1.600000000000000000e+02
2.400000000000000000e+01 9.800000000000000000e+01
2.500000000000000000e+01 4.500000000000000000e+01
2.600000000000000000e+01 2.700000000000000000e+01
2.800000000000000000e+01 8.000000000000000000e+00
2.700000000000000000e+01 6.000000000000000000e+00
2.900000000000000000e+01 4.000000000000000000e+00
3.300000000000000000e+01 1.000000000000000000e+00
3.000000000000000000e+01 1.000000000000000000e+00

1.000000000000000000e+00 2.782694000000000000e+06
2.000000000000000000e+00 4.805000000000000000e+03
1.000000000000000000e+01 4.133000000000000000e+03
1.100000000000000000e+01 4.037000000000000000e+03
1.200000000000000000e+01 3.973000000000000000e+03
9.000000000000000000e+00 3.872000000000000000e+03
1.300000000000000000e+01 3.598000000000000000e+03
8.000000000000000000e+00 3.441000000000000000e+03
1.400000000000000000e+01 3.203000000000000000e+03
7.000000000000000000e+00 2.950000000000000000e+03
3.000000000000000000e+00 2.666000000000000000e+03
1.500000000000000000e+01 2.590000000000000000e+03
6.000000000000000000e+00 2.526000000000000000e+03
5.000000000000000000e+00 2.261000000000000000e+03
4.000000000000000000e+00 2.237000000000000000e+03
1.600000000000000000e+01 2.055000000000000000e+03
1.700000000000000000e+01 1.522000000000000000e+03
1.800000000000000000e+01 1.060000000000000000e+03
1.900000000000000000e+01 7.440000000000000000e+02
2.000000000000000000e+01 4.710000000000000000e+02
2.100000000000000000e+01 3.160000000000000000e+02
2.200000000000000000e+01 1.780000000000000000e+02
2.300000000000000000e+01 1.070000000000000000e+02
2.400000000000000000e+01 5.700000000000000000e+01
2.500000000000000000e+01 2.800000000000000000e+01
2.600000000000000000e+01 1.900000000000000000e+01
2.700000000000000000e+01 9.000000000000000000e+00
3.000000000000000000e+01 2.000000000000000000e+00
2.800000000000000000e+01 2.000000000000000000e+00
2.900000000000000000e+01 1.000000000000000000e+00
3.100000000000000000e+01 1.000000000000000000e+00

1.000000000000000000e+00 2.835053000000000000e+06
2.000000000000000000e+00 6.212000000000000000e+03
1.000000000000000000e+01 3.964000000000000000e+03
1.100000000000000000e+01 3.872000000000000000e+03
9.000000000000000000e+00 3.860000000000000000e+03
8.000000000000000000e+00 3.667000000000000000e+03
3.000000000000000000e+00 3.531000000000000000e+03
1.200000000000000000e+01 3.483000000000000000e+03
7.000000000000000000e+00 3.308000000000000000e+03
1.300000000000000000e+01 3.098000000000000000e+03
6.000000000000000000e+00 2.902000000000000000e+03
4.000000000000000000e+00 2.825000000000000000e+03
5.000000000000000000e+00 2.817000000000000000e+03
1.400000000000000000e+01 2.562000000000000000e+03
1.500000000000000000e+01 2.068000000000000000e+03
1.600000000000000000e+01 1.514000000000000000e+03
1.700000000000000000e+01 1.082000000000000000e+03
1.800000000000000000e+01 7.160000000000000000e+02
1.900000000000000000e+01 4.740000000000000000e+02
2.000000000000000000e+01 3.100000000000000000e+02
2.100000000000000000e+01 2.140000000000000000e+02
2.200000000000000000e+01 1.180000000000000000e+02
2.300000000000000000e+01 6.200000000000000000e+01
2.400000000000000000e+01 3.800000000000000000e+01
2.500000000000000000e+01 1.000000000000000000e+01
2.600000000000000000e+01 7.000000000000000000e+00
2.800000000000000000e+01 4.000000000000000000e+00
2.700000000000000000e+01 1.000000000000000000e+00

1.000000000000000000e+00 2.892354000000000000e+06
2.000000000000000000e+00 8.002000000000000000e+03
3.000000000000000000e+00 4.451000000000000000e+03
8.000000000000000000e+00 3.714000000000000000e+03
9.000000000000000000e+00 3.704000000000000000e+03
1.000000000000000000e+01 3.687000000000000000e+03
4.000000000000000000e+00 3.519000000000000000e+03
7.000000000000000000e+00 3.488000000000000000e+03
6.000000000000000000e+00 3.415000000000000000e+03
1.100000000000000000e+01 3.346000000000000000e+03
5.000000000000000000e+00 3.268000000000000000e+03
1.200000000000000000e+01 2.896000000000000000e+03
1.300000000000000000e+01 2.376000000000000000e+03
1.400000000000000000e+01 1.961000000000000000e+03
1.500000000000000000e+01 1.469000000000000000e+03
1.600000000000000000e+01 1.027000000000000000e+03
1.700000000000000000e+01 7.260000000000000000e+02
1.800000000000000000e+01 4.570000000000000000e+02
1.900000000000000000e+01 3.320000000000000000e+02
2.000000000000000000e+01 1.890000000000000000e+02
2.100000000000000000e+01 7.900000000000000000e+01
2.200000000000000000e+01 5.200000000000000000e+01
2.300000000000000000e+01 2.200000000000000000e+01
2.400000000000000000e+01 1.500000000000000000e+01
2.500000000000000000e+01 9.000000000000000000e+00
2.600000000000000000e+01 3.000000000000000000e+00
2.700000000000000000e+01 2.000000000000000000e+00

1.000000000000000000e+00 2.955028000000000000e+06
2.000000000000000000e+00 1.000800000000000000e+04
3.000000000000000000e+00 5.483000000000000000e+03
4.000000000000000000e+00 4.271000000000000000e+03
5.000000000000000000e+00 3.849000000000000000e+03
7.000000000000000000e+00 3.726000000000000000e+03
6.000000000000000000e+00 3.722000000000000000e+03
8.000000000000000000e+00 3.525000000000000000e+03
9.000000000000000000e+00 3.453000000000000000e+03
1.000000000000000000e+01 3.016000000000000000e+03
1.100000000000000000e+01 2.519000000000000000e+03
1.200000000000000000e+01 2.188000000000000000e+03
1.300000000000000000e+01 1.726000000000000000e+03
1.400000000000000000e+01 1.254000000000000000e+03
1.500000000000000000e+01 8.730000000000000000e+02
1.600000000000000000e+01 5.980000000000000000e+02
1.700000000000000000e+01 3.910000000000000000e+02
1.800000000000000000e+01 2.640000000000000000e+02
1.900000000000000000e+01 1.330000000000000000e+02
2.000000000000000000e+01 9.700000000000000000e+01
2.100000000000000000e+01 4.500000000000000000e+01
2.200000000000000000e+01 1.900000000000000000e+01
2.300000000000000000e+01 1.000000000000000000e+01
2.400000000000000000e+01 7.000000000000000000e+00
2.500000000000000000e+01 2.000000000000000000e+00
2.800000000000000000e+01 1.000000000000000000e+00

1.000000000000000000e+00 3.018411000000000000e+06
2.000000000000000000e+00 1.215900000000000000e+04
3.000000000000000000e+00 6.524000000000000000e+03
4.000000000000000000e+00 4.777000000000000000e+03
5.000000000000000000e+00 4.064000000000000000e+03
6.000000000000000000e+00 3.740000000000000000e+03
7.000000000000000000e+00 3.383000000000000000e+03
8.000000000000000000e+00 3.145000000000000000e+03
9.000000000000000000e+00 2.705000000000000000e+03
1.000000000000000000e+01 2.249000000000000000e+03
1.100000000000000000e+01 1.878000000000000000e+03
1.200000000000000000e+01 1.450000000000000000e+03
1.300000000000000000e+01 9.990000000000000000e+02
1.400000000000000000e+01 6.970000000000000000e+02
1.500000000000000000e+01 4.900000000000000000e+02
1.600000000000000000e+01 3.020000000000000000e+02
1.700000000000000000e+01 1.820000000000000000e+02
1.800000000000000000e+01 1.120000000000000000e+02
1.900000000000000000e+01 5.500000000000000000e+01
2.000000000000000000e+01 2.800000000000000000e+01
2.100000000000000000e+01 1.200000000000000000e+01
2.200000000000000000e+01 5.000000000000000000e+00
2.300000000000000000e+01 3.000000000000000000e+00
2.400000000000000000e+01 1.000000000000000000e+00

1.000000000000000000e+00 3.080404000000000000e+06
2.000000000000000000e+00 1.389800000000000000e+04
3.000000000000000000e+00 7.445000000000000000e+03
4.000000000000000000e+00 5.285000000000000000e+03
5.000000000000000000e+00 4.125000000000000000e+03
6.000000000000000000e+00 3.339000000000000000e+03
7.000000000000000000e+00 2.900000000000000000e+03
8.000000000000000000e+00 2.342000000000000000e+03
9.000000000000000000e+00 1.861000000000000000e+03
1.000000000000000000e+01 1.451000000000000000e+03
1.100000000000000000e+01 1.051000000000000000e+03
1.200000000000000000e+01 7.490000000000000000e+02
1.300000000000000000e+01 4.740000000000000000e+02
1.400000000000000000e+01 3.160000000000000000e+02
1.500000000000000000e+01 1.630000000000000000e+02
1.600000000000000000e+01 1.060000000000000000e+02
1.700000000000000000e+01 5.300000000000000000e+01
1.800000000000000000e+01 3.000000000000000000e+01
1.900000000000000000e+01 2.000000000000000000e+01
2.000000000000000000e+01 6.000000000000000000e+00
2.200000000000000000e+01 3.000000000000000000e+00
2.300000000000000000e+01 2.000000000000000000e+00
2.100000000000000000e+01 2.000000000000000000e+00

1.000000000000000000e+00 3.117983000000000000e+06
2.000000000000000000e+00 1.493100000000000000e+04
3.000000000000000000e+00 7.695000000000000000e+03
4.000000000000000000e+00 5.167000000000000000e+03
5.000000000000000000e+00 4.002000000000000000e+03
6.000000000000000000e+00 3.071000000000000000e+03
7.000000000000000000e+00 2.517000000000000000e+03
8.000000000000000000e+00 1.752000000000000000e+03
9.000000000000000000e+00 1.290000000000000000e+03
1.000000000000000000e+01 8.770000000000000000e+02
1.100000000000000000e+01 6.050000000000000000e+02
1.200000000000000000e+01 3.570000000000000000e+02
1.300000000000000000e+01 2.300000000000000000e+02
1.400000000000000000e+01 1.340000000000000000e+02
1.500000000000000000e+01 6.400000000000000000e+01
1.600000000000000000e+01 4.700000000000000000e+01
1.700000000000000000e+01 9.000000000000000000e+00
1.800000000000000000e+01 8.000000000000000000e+00
1.900000000000000000e+01 5.000000000000000000e+00
2.100000000000000000e+01 2.000000000000000000e+00

1.000000000000000000e+00 3.158384000000000000e+06
2.000000000000000000e+00 1.515900000000000000e+04
3.000000000000000000e+00 7.426000000000000000e+03
4.000000000000000000e+00 4.663000000000000000e+03
5.000000000000000000e+00 3.332000000000000000e+03
6.000000000000000000e+00 2.375000000000000000e+03
7.000000000000000000e+00 1.672000000000000000e+03
8.000000000000000000e+00 1.124000000000000000e+03
9.000000000000000000e+00 7.600000000000000000e+02
1.000000000000000000e+01 4.420000000000000000e+02
1.100000000000000000e+01 2.780000000000000000e+02
1.200000000000000000e+01 1.520000000000000000e+02
1.300000000000000000e+01 8.100000000000000000e+01
1.400000000000000000e+01 4.900000000000000000e+01
1.500000000000000000e+01 3.000000000000000000e+01
1.600000000000000000e+01 1.400000000000000000e+01
1.700000000000000000e+01 9.000000000000000000e+00
1.800000000000000000e+01 3.000000000000000000e+00

1.000000000000000000e+00 3.184407000000000000e+06
2.000000000000000000e+00 1.500600000000000000e+04
3.000000000000000000e+00 7.020000000000000000e+03
4.000000000000000000e+00 4.255000000000000000e+03
5.000000000000000000e+00 2.696000000000000000e+03
6.000000000000000000e+00 1.822000000000000000e+03
7.000000000000000000e+00 1.165000000000000000e+03
8.000000000000000000e+00 7.230000000000000000e+02
9.000000000000000000e+00 4.070000000000000000e+02
1.000000000000000000e+01 2.430000000000000000e+02
1.100000000000000000e+01 1.270000000000000000e+02
1.200000000000000000e+01 5.700000000000000000e+01
1.300000000000000000e+01 5.100000000000000000e+01
1.500000000000000000e+01 9.000000000000000000e+00
1.400000000000000000e+01 8.000000000000000000e+00
1.600000000000000000e+01 3.000000000000000000e+00
1.800000000000000000e+01 1.000000000000000000e+00

1.000000000000000000e+00 3.200727000000000000e+06
2.000000000000000000e+00 1.462800000000000000e+04
3.000000000000000000e+00 6.662000000000000000e+03
4.000000000000000000e+00 3.780000000000000000e+03
5.000000000000000000e+00 2.328000000000000000e+03
6.000000000000000000e+00 1.484000000000000000e+03
7.000000000000000000e+00 8.600000000000000000e+02
8.000000000000000000e+00 4.390000000000000000e+02
9.000000000000000000e+00 2.720000000000000000e+02
1.000000000000000000e+01 1.090000000000000000e+02
1.100000000000000000e+01 6.400000000000000000e+01
1.200000000000000000e+01 2.700000000000000000e+01
1.300000000000000000e+01 1.500000000000000000e+01
1.400000000000000000e+01 4.000000000000000000e+00
1.800000000000000000e+01 1.000000000000000000e+00

1.000000000000000000e+00 3.212109000000000000e+06
2.000000000000000000e+00 1.414000000000000000e+04
3.000000000000000000e+00 6.362000000000000000e+03
4.000000000000000000e+00 3.434000000000000000e+03
5.000000000000000000e+00 1.955000000000000000e+03
6.000000000000000000e+00 1.163000000000000000e+03
7.000000000000000000e+00 6.340000000000000000e+02
8.000000000000000000e+00 3.230000000000000000e+02
9.000000000000000000e+00 1.860000000000000000e+02
1.000000000000000000e+01 6.500000000000000000e+01
1.100000000000000000e+01 4.100000000000000000e+01
1.200000000000000000e+01 1.100000000000000000e+01
1.300000000000000000e+01 6.000000000000000000e+00
1.500000000000000000e+01 1.000000000000000000e+00
1.400000000000000000e+01 1.000000000000000000e+00

1.000000000000000000e+00 3.220108000000000000e+06
2.000000000000000000e+00 1.373300000000000000e+04
3.000000000000000000e+00 5.978000000000000000e+03
4.000000000000000000e+00 3.177000000000000000e+03
5.000000000000000000e+00 1.764000000000000000e+03
6.000000000000000000e+00 9.220000000000000000e+02
7.000000000000000000e+00 4.820000000000000000e+02
8.000000000000000000e+00 2.430000000000000000e+02
9.000000000000000000e+00 1.130000000000000000e+02
1.000000000000000000e+01 5.500000000000000000e+01
1.100000000000000000e+01 2.800000000000000000e+01
1.200000000000000000e+01 1.200000000000000000e+01
1.300000000000000000e+01 5.000000000000000000e+00
1.500000000000000000e+01 2.000000000000000000e+00

1.000000000000000000e+00 3.226917000000000000e+06
2.000000000000000000e+00 1.349600000000000000e+04
3.000000000000000000e+00 5.670000000000000000e+03
4.000000000000000000e+00 2.920000000000000000e+03
5.000000000000000000e+00 1.521000000000000000e+03
6.000000000000000000e+00 7.560000000000000000e+02
7.000000000000000000e+00 3.890000000000000000e+02
8.000000000000000000e+00 1.870000000000000000e+02
9.000000000000000000e+00 7.300000000000000000e+01
1.000000000000000000e+01 2.300000000000000000e+01
1.100000000000000000e+01 8.000000000000000000e+00
1.400000000000000000e+01 2.000000000000000000e+00
1.300000000000000000e+01 2.000000000000000000e+00
1.200000000000000000e+01 1.000000000000000000e+00

1.000000000000000000e+00 3.231094000000000000e+06
2.000000000000000000e+00 1.314500000000000000e+04
3.000000000000000000e+00 5.454000000000000000e+03
4.000000000000000000e+00 2.683000000000000000e+03
5.000000000000000000e+00 1.474000000000000000e+03
6.000000000000000000e+00 6.290000000000000000e+02
7.000000000000000000e+00 3.330000000000000000e+02
8.000000000000000000e+00 1.540000000000000000e+02
9.000000000000000000e+00 5.800000000000000000e+01
1.000000000000000000e+01 1.800000000000000000e+01
1.100000000000000000e+01 7.000000000000000000e+00
1.200000000000000000e+01 3.000000000000000000e+00

1.000000000000000000e+00 3.238045000000000000e+06
2.000000000000000000e+00 1.266800000000000000e+04
3.000000000000000000e+00 5.029000000000000000e+03
4.000000000000000000e+00 2.378000000000000000e+03
5.000000000000000000e+00 1.216000000000000000e+03
6.000000000000000000e+00 5.300000000000000000e+02
7.000000000000000000e+00 2.240000000000000000e+02
8.000000000000000000e+00 9.200000000000000000e+01
9.000000000000000000e+00 2.500000000000000000e+01
1.000000000000000000e+01 1.400000000000000000e+01
1.100000000000000000e+01 6.000000000000000000e+00
1.200000000000000000e+01 1.000000000000000000e+00
1.300000000000000000e+01 1.000000000000000000e+00

1.000000000000000000e+00 3.241710000000000000e+06
2.000000000000000000e+00 1.235600000000000000e+04
3.000000000000000000e+00 4.799000000000000000e+03
4.000000000000000000e+00 2.247000000000000000e+03
5.000000000000000000e+00 1.066000000000000000e+03
6.000000000000000000e+00 4.820000000000000000e+02
7.000000000000000000e+00 1.610000000000000000e+02
8.000000000000000000e+00 6.300000000000000000e+01
9.000000000000000000e+00 2.200000000000000000e+01
1.000000000000000000e+01 7.000000000000000000e+00
1.200000000000000000e+01 3.000000000000000000e+00
1.100000000000000000e+01 2.000000000000000000e+00
1.400000000000000000e+01 1.000000000000000000e+00

1.000000000000000000e+00 3.243688000000000000e+06
2.000000000000000000e+00 1.227100000000000000e+04
3.000000000000000000e+00 4.656000000000000000e+03
4.000000000000000000e+00 2.175000000000000000e+03
5.000000000000000000e+00 9.400000000000000000e+02
6.000000000000000000e+00 4.460000000000000000e+02
7.000000000000000000e+00 1.440000000000000000e+02
8.000000000000000000e+00 5.700000000000000000e+01
9.000000000000000000e+00 2.100000000000000000e+01
1.000000000000000000e+01 4.000000000000000000e+00
1.100000000000000000e+01 3.000000000000000000e+00

