1.000000000000000000e+00 2.642480000000000000e+06
2.000000000000000000e+00 1.464000000000000000e+04
3.000000000000000000e+00 6.593000000000000000e+03
4.000000000000000000e+00 4.189000000000000000e+03
1.400000000000000000e+01 3.392000000000000000e+03
1.300000000000000000e+01 3.345000000000000000e+03
1.200000000000000000e+01 3.343000000000000000e+03
5.000000000000000000e+00 3.208000000000000000e+03
1.500000000000000000e+01 3.207000000000000000e+03
1.100000000000000000e+01 3.120000000000000000e+03
1.600000000000000000e+01 2.964000000000000000e+03
1.000000000000000000e+01 2.895000000000000000e+03
6.000000000000000000e+00 2.850000000000000000e+03
1.700000000000000000e+01 2.725000000000000000e+03
8.000000000000000000e+00 2.714000000000000000e+03
9.000000000000000000e+00 2.633000000000000000e+03
7.000000000000000000e+00 2.622000000000000000e+03
1.800000000000000000e+01 2.161000000000000000e+03
1.900000000000000000e+01 1.776000000000000000e+03
2.000000000000000000e+01 1.362000000000000000e+03
2.100000000000000000e+01 9.480000000000000000e+02
2.200000000000000000e+01 6.280000000000000000e+02
2.300000000000000000e+01 4.390000000000000000e+02
2.400000000000000000e+01 2.630000000000000000e+02
2.500000000000000000e+01 1.410000000000000000e+02
2.600000000000000000e+01 9.400000000000000000e+01
2.700000000000000000e+01 4.200000000000000000e+01
2.800000000000000000e+01 2.500000000000000000e+01
2.900000000000000000e+01 1.500000000000000000e+01
3.000000000000000000e+01 7.000000000000000000e+00
3.100000000000000000e+01 3.000000000000000000e+00
3.300000000000000000e+01 1.000000000000000000e+00

1.000000000000000000e+00 2.680351000000000000e+06
2.000000000000000000e+00 1.650100000000000000e+04
3.000000000000000000e+00 7.442000000000000000e+03
4.000000000000000000e+00 4.784000000000000000e+03
5.000000000000000000e+00 3.685000000000000000e+03
1.200000000000000000e+01 3.265000000000000000e+03
1.100000000000000000e+01 3.161000000000000000e+03
1.300000000000000000e+01 3.142000000000000000e+03
6.000000000000000000e+00 3.127000000000000000e+03
1.500000000000000000e+01 3.035000000000000000e+03
1.400000000000000000e+01 3.034000000000000000e+03
9.000000000000000000e+00 2.927000000000000000e+03
1.000000000000000000e+01 2.927000000000000000e+03
7.000000000000000000e+00 2.917000000000000000e+03
8.000000000000000000e+00 2.825000000000000000e+03
1.600000000000000000e+01 2.634000000000000000e+03
1.700000000000000000e+01 2.301000000000000000e+03
1.800000000000000000e+01 1.890000000000000000e+03
1.900000000000000000e+01 1.354000000000000000e+03
2.000000000000000000e+01 1.086000000000000000e+03
2.100000000000000000e+01 7.160000000000000000e+02
2.200000000000000000e+01 4.930000000000000000e+02
2.300000000000000000e+01 3.360000000000000000e+02
2.400000000000000000e+01 1.870000000000000000e+02
2.500000000000000000e+01 9.600000000000000000e+01
2.600000000000000000e+01 6.900000000000000000e+01
2.700000000000000000e+01 3.600000000000000000e+01
2.800000000000000000e+01 1.000000000000000000e+01
2.900000000000000000e+01 5.000000000000000000e+00
3.000000000000000000e+01 3.000000000000000000e+00
3.100000000000000000e+01 2.000000000000000000e+00

1.000000000000000000e+00 2.718745000000000000e+06
2.000000000000000000e+00 1.796900000000000000e+04
3.000000000000000000e+00 8.283000000000000000e+03
4.000000000000000000e+00 5.319000000000000000e+03
5.000000000000000000e+00 4.027000000000000000e+03
6.000000000000000000e+00 3.465000000000000000e+03
1.100000000000000000e+01 3.196000000000000000e+03
7.000000000000000000e+00 3.155000000000000000e+03
1.300000000000000000e+01 3.104000000000000000e+03
9.000000000000000000e+00 3.027000000000000000e+03
1.200000000000000000e+01 3.027000000000000000e+03
1.000000000000000000e+01 3.011000000000000000e+03
8.000000000000000000e+00 2.985000000000000000e+03
1.400000000000000000e+01 2.875000000000000000e+03
1.500000000000000000e+01 2.702000000000000000e+03
1.600000000000000000e+01 2.258000000000000000e+03
1.700000000000000000e+01 1.912000000000000000e+03
1.800000000000000000e+01 1.439000000000000000e+03
1.900000000000000000e+01 1.185000000000000000e+03
2.000000000000000000e+01 7.830000000000000000e+02
2.100000000000000000e+01 5.100000000000000000e+02
2.200000000000000000e+01 3.320000000000000000e+02
2.300000000000000000e+01 2.210000000000000000e+02
2.400000000000000000e+01 1.130000000000000000e+02
2.500000000000000000e+01 7.100000000000000000e+01
2.600000000000000000e+01 3.800000000000000000e+01
2.700000000000000000e+01 2.000000000000000000e+01
2.800000000000000000e+01 1.000000000000000000e+01
2.900000000000000000e+01 6.000000000000000000e+00
3.200000000000000000e+01 1.000000000000000000e+00
3.000000000000000000e+01 1.000000000000000000e+00

1.000000000000000000e+00 2.765511000000000000e+06
2.000000000000000000e+00 1.933500000000000000e+04
3.000000000000000000e+00 9.250000000000000000e+03
4.000000000000000000e+00 5.870000000000000000e+03
5.000000000000000000e+00 4.417000000000000000e+03
6.000000000000000000e+00 3.878000000000000000e+03
7.000000000000000000e+00 3.542000000000000000e+03
8.000000000000000000e+00 3.319000000000000000e+03
9.000000000000000000e+00 3.175000000000000000e+03
1.000000000000000000e+01 3.119000000000000000e+03
1.100000000000000000e+01 2.913000000000000000e+03
1.200000000000000000e+01 2.848000000000000000e+03
1.300000000000000000e+01 2.708000000000000000e+03
1.400000000000000000e+01 2.515000000000000000e+03
1.500000000000000000e+01 2.182000000000000000e+03
1.600000000000000000e+01 1.857000000000000000e+03
1.700000000000000000e+01 1.437000000000000000e+03
1.800000000000000000e+01 1.095000000000000000e+03
1.900000000000000000e+01 8.360000000000000000e+02
2.000000000000000000e+01 5.570000000000000000e+02
2.100000000000000000e+01 3.560000000000000000e+02
2.200000000000000000e+01 1.860000000000000000e+02
2.300000000000000000e+01 1.220000000000000000e+02
2.400000000000000000e+01 7.600000000000000000e+01
2.500000000000000000e+01 2.500000000000000000e+01
2.600000000000000000e+01 2.400000000000000000e+01
2.700000000000000000e+01 1.100000000000000000e+01
2.800000000000000000e+01 3.000000000000000000e+00
2.900000000000000000e+01 1.000000000000000000e+00
3.000000000000000000e+01 1.000000000000000000e+00

1.000000000000000000e+00 2.810625000000000000e+06
2.000000000000000000e+00 2.106500000000000000e+04
3.000000000000000000e+00 1.010300000000000000e+04
4.000000000000000000e+00 6.400000000000000000e+03
5.000000000000000000e+00 4.782000000000000000e+03
6.000000000000000000e+00 4.216000000000000000e+03
7.000000000000000000e+00 3.585000000000000000e+03
8.000000000000000000e+00 3.336000000000000000e+03
9.000000000000000000e+00 3.095000000000000000e+03
1.000000000000000000e+01 3.044000000000000000e+03
1.100000000000000000e+01 2.799000000000000000e+03
1.200000000000000000e+01 2.667000000000000000e+03
1.300000000000000000e+01 2.411000000000000000e+03
1.400000000000000000e+01 2.097000000000000000e+03
1.500000000000000000e+01 1.765000000000000000e+03
1.600000000000000000e+01 1.323000000000000000e+03
1.700000000000000000e+01 1.099000000000000000e+03
1.800000000000000000e+01 7.770000000000000000e+02
1.900000000000000000e+01 5.280000000000000000e+02
2.000000000000000000e+01 3.610000000000000000e+02
2.100000000000000000e+01 2.380000000000000000e+02
2.200000000000000000e+01 1.170000000000000000e+02
2.300000000000000000e+01 7.100000000000000000e+01
2.400000000000000000e+01 3.900000000000000000e+01
2.500000000000000000e+01 1.500000000000000000e+01
2.700000000000000000e+01 1.000000000000000000e+01
2.600000000000000000e+01 8.000000000000000000e+00

1.000000000000000000e+00 2.856264000000000000e+06
2.000000000000000000e+00 2.252000000000000000e+04
3.000000000000000000e+00 1.071000000000000000e+04
4.000000000000000000e+00 6.712000000000000000e+03
5.000000000000000000e+00 5.017000000000000000e+03
6.000000000000000000e+00 4.148000000000000000e+03
7.000000000000000000e+00 3.504000000000000000e+03
8.000000000000000000e+00 3.152000000000000000e+03
9.000000000000000000e+00 3.015000000000000000e+03
1.000000000000000000e+01 2.821000000000000000e+03
1.100000000000000000e+01 2.566000000000000000e+03
1.200000000000000000e+01 2.364000000000000000e+03
1.300000000000000000e+01 2.036000000000000000e+03
1.400000000000000000e+01 1.714000000000000000e+03
1.500000000000000000e+01 1.340000000000000000e+03
1.600000000000000000e+01 1.045000000000000000e+03
1.700000000000000000e+01 7.830000000000000000e+02
1.800000000000000000e+01 5.480000000000000000e+02
1.900000000000000000e+01 3.810000000000000000e+02
2.000000000000000000e+01 2.300000000000000000e+02
2.100000000000000000e+01 1.370000000000000000e+02
2.200000000000000000e+01 6.600000000000000000e+01
2.300000000000000000e+01 4.100000000000000000e+01
2.500000000000000000e+01 1.000000000000000000e+01
2.400000000000000000e+01 9.000000000000000000e+00
2.600000000000000000e+01 1.000000000000000000e+00

1.000000000000000000e+00 2.907166000000000000e+06
2.000000000000000000e+00 2.399700000000000000e+04
3.000000000000000000e+00 1.145500000000000000e+04
4.000000000000000000e+00 7.183000000000000000e+03
5.000000000000000000e+00 5.319000000000000000e+03
6.000000000000000000e+00 4.223000000000000000e+03
7.000000000000000000e+00 3.523000000000000000e+03
8.000000000000000000e+00 3.215000000000000000e+03
9.000000000000000000e+00 2.849000000000000000e+03
1.000000000000000000e+01 2.402000000000000000e+03
1.100000000000000000e+01 2.287000000000000000e+03
1.200000000000000000e+01 1.825000000000000000e+03
1.300000000000000000e+01 1.597000000000000000e+03
1.400000000000000000e+01 1.206000000000000000e+03
1.500000000000000000e+01 8.860000000000000000e+02
1.600000000000000000e+01 6.620000000000000000e+02
1.700000000000000000e+01 4.850000000000000000e+02
1.800000000000000000e+01 3.140000000000000000e+02
1.900000000000000000e+01 1.870000000000000000e+02
2.000000000000000000e+01 1.000000000000000000e+02
2.100000000000000000e+01 3.700000000000000000e+01
2.200000000000000000e+01 2.200000000000000000e+01
2.300000000000000000e+01 1.200000000000000000e+01
2.400000000000000000e+01 5.000000000000000000e+00
2.600000000000000000e+01 2.000000000000000000e+00
2.500000000000000000e+01 1.000000000000000000e+00

1.000000000000000000e+00 2.951494000000000000e+06
2.000000000000000000e+00 2.514300000000000000e+04
3.000000000000000000e+00 1.173000000000000000e+04
4.000000000000000000e+00 7.272000000000000000e+03
5.000000000000000000e+00 5.263000000000000000e+03
6.000000000000000000e+00 4.329000000000000000e+03
7.000000000000000000e+00 3.428000000000000000e+03
8.000000000000000000e+00 2.937000000000000000e+03
9.000000000000000000e+00 2.467000000000000000e+03
1.000000000000000000e+01 2.015000000000000000e+03
1.100000000000000000e+01 1.807000000000000000e+03
1.200000000000000000e+01 1.453000000000000000e+03
1.300000000000000000e+01 1.157000000000000000e+03
1.400000000000000000e+01 9.150000000000000000e+02
1.500000000000000000e+01 6.380000000000000000e+02
1.600000000000000000e+01 3.800000000000000000e+02
1.700000000000000000e+01 2.670000000000000000e+02
1.800000000000000000e+01 1.760000000000000000e+02
1.900000000000000000e+01 9.400000000000000000e+01
2.000000000000000000e+01 3.600000000000000000e+01
2.100000000000000000e+01 1.900000000000000000e+01
2.200000000000000000e+01 1.100000000000000000e+01
2.300000000000000000e+01 4.000000000000000000e+00
2.400000000000000000e+01 2.000000000000000000e+00

1.000000000000000000e+00 2.986061000000000000e+06
2.000000000000000000e+00 2.534200000000000000e+04
3.000000000000000000e+00 1.179900000000000000e+04
4.000000000000000000e+00 7.174000000000000000e+03
5.000000000000000000e+00 5.163000000000000000e+03
6.000000000000000000e+00 4.128000000000000000e+03
7.000000000000000000e+00 3.232000000000000000e+03
8.000000000000000000e+00 2.668000000000000000e+03
9.000000000000000000e+00 2.242000000000000000e+03
1.000000000000000000e+01 1.725000000000000000e+03
1.100000000000000000e+01 1.467000000000000000e+03
1.200000000000000000e+01 1.162000000000000000e+03
1.300000000000000000e+01 8.210000000000000000e+02
1.400000000000000000e+01 6.230000000000000000e+02
1.500000000000000000e+01 4.560000000000000000e+02
1.600000000000000000e+01 2.890000000000000000e+02
1.700000000000000000e+01 1.690000000000000000e+02
1.800000000000000000e+01 8.700000000000000000e+01
1.900000000000000000e+01 4.700000000000000000e+01
2.000000000000000000e+01 2.500000000000000000e+01
2.100000000000000000e+01 1.100000000000000000e+01
2.200000000000000000e+01 5.000000000000000000e+00
2.300000000000000000e+01 2.000000000000000000e+00
2.400000000000000000e+01 1.000000000000000000e+00

1.000000000000000000e+00 3.013269000000000000e+06
2.000000000000000000e+00 2.592100000000000000e+04
3.000000000000000000e+00 1.194500000000000000e+04
4.000000000000000000e+00 7.223000000000000000e+03
5.000000000000000000e+00 5.175000000000000000e+03
6.000000000000000000e+00 3.825000000000000000e+03
7.000000000000000000e+00 2.962000000000000000e+03
8.000000000000000000e+00 2.404000000000000000e+03
9.000000000000000000e+00 1.858000000000000000e+03
1.000000000000000000e+01 1.512000000000000000e+03
1.100000000000000000e+01 1.192000000000000000e+03
1.200000000000000000e+01 9.040000000000000000e+02
1.300000000000000000e+01 6.140000000000000000e+02
1.400000000000000000e+01 4.430000000000000000e+02
1.500000000000000000e+01 3.300000000000000000e+02
1.600000000000000000e+01 1.900000000000000000e+02
1.700000000000000000e+01 9.500000000000000000e+01
1.800000000000000000e+01 4.000000000000000000e+01
1.900000000000000000e+01 3.300000000000000000e+01
2.000000000000000000e+01 1.200000000000000000e+01
2.100000000000000000e+01 7.000000000000000000e+00
2.300000000000000000e+01 2.000000000000000000e+00

1.000000000000000000e+00 3.036758000000000000e+06
2.000000000000000000e+00 2.624200000000000000e+04
3.000000000000000000e+00 1.185600000000000000e+04
4.000000000000000000e+00 7.180000000000000000e+03
5.000000000000000000e+00 4.972000000000000000e+03
6.000000000000000000e+00 3.672000000000000000e+03
7.000000000000000000e+00 2.763000000000000000e+03
8.000000000000000000e+00 2.125000000000000000e+03
9.000000000000000000e+00 1.681000000000000000e+03
1.000000000000000000e+01 1.297000000000000000e+03
1.100000000000000000e+01 9.030000000000000000e+02
1.200000000000000000e+01 7.160000000000000000e+02
1.300000000000000000e+01 4.390000000000000000e+02
1.400000000000000000e+01 3.110000000000000000e+02
1.500000000000000000e+01 1.860000000000000000e+02
1.600000000000000000e+01 1.260000000000000000e+02
1.700000000000000000e+01 5.700000000000000000e+01
1.800000000000000000e+01 3.100000000000000000e+01
1.900000000000000000e+01 5.000000000000000000e+00
2.000000000000000000e+01 4.000000000000000000e+00
2.200000000000000000e+01 2.000000000000000000e+00

1.000000000000000000e+00 3.066574000000000000e+06
2.000000000000000000e+00 2.602900000000000000e+04
3.000000000000000000e+00 1.150700000000000000e+04
4.000000000000000000e+00 6.802000000000000000e+03
5.000000000000000000e+00 4.586000000000000000e+03
6.000000000000000000e+00 3.311000000000000000e+03
7.000000000000000000e+00 2.418000000000000000e+03
8.000000000000000000e+00 1.802000000000000000e+03
9.000000000000000000e+00 1.291000000000000000e+03
1.000000000000000000e+01 1.013000000000000000e+03
1.100000000000000000e+01 7.080000000000000000e+02
1.200000000000000000e+01 4.840000000000000000e+02
1.300000000000000000e+01 3.090000000000000000e+02
1.400000000000000000e+01 1.850000000000000000e+02
1.500000000000000000e+01 9.500000000000000000e+01
1.600000000000000000e+01 5.700000000000000000e+01
1.700000000000000000e+01 4.200000000000000000e+01
1.800000000000000000e+01 1.700000000000000000e+01
1.900000000000000000e+01 8.000000000000000000e+00
2.000000000000000000e+01 2.000000000000000000e+00

1.000000000000000000e+00 3.092952000000000000e+06
2.000000000000000000e+00 2.471800000000000000e+04
3.000000000000000000e+00 1.080600000000000000e+04
4.000000000000000000e+00 6.466000000000000000e+03
5.000000000000000000e+00 4.346000000000000000e+03
6.000000000000000000e+00 2.975000000000000000e+03
7.000000000000000000e+00 2.117000000000000000e+03
8.000000000000000000e+00 1.509000000000000000e+03
9.000000000000000000e+00 1.031000000000000000e+03
1.000000000000000000e+01 7.470000000000000000e+02
1.100000000000000000e+01 5.010000000000000000e+02
1.200000000000000000e+01 3.410000000000000000e+02
1.300000000000000000e+01 2.040000000000000000e+02
1.400000000000000000e+01 1.240000000000000000e+02
1.500000000000000000e+01 7.000000000000000000e+01
1.600000000000000000e+01 3.700000000000000000e+01
1.700000000000000000e+01 1.500000000000000000e+01
1.800000000000000000e+01 8.000000000000000000e+00
2.000000000000000000e+01 2.000000000000000000e+00
1.900000000000000000e+01 2.000000000000000000e+00

1.000000000000000000e+00 3.118588000000000000e+06
2.000000000000000000e+00 2.588900000000000000e+04
3.000000000000000000e+00 1.117700000000000000e+04
4.000000000000000000e+00 5.984000000000000000e+03
5.000000000000000000e+00 3.728000000000000000e+03
6.000000000000000000e+00 2.361000000000000000e+03
7.000000000000000000e+00 1.609000000000000000e+03
8.000000000000000000e+00 1.107000000000000000e+03
9.000000000000000000e+00 7.250000000000000000e+02
1.000000000000000000e+01 4.830000000000000000e+02
1.100000000000000000e+01 2.760000000000000000e+02
1.200000000000000000e+01 1.620000000000000000e+02
1.300000000000000000e+01 9.700000000000000000e+01
1.400000000000000000e+01 5.500000000000000000e+01
1.500000000000000000e+01 2.600000000000000000e+01
1.600000000000000000e+01 1.600000000000000000e+01
1.700000000000000000e+01 8.000000000000000000e+00
1.800000000000000000e+01 2.000000000000000000e+00
1.900000000000000000e+01 2.000000000000000000e+00
2.000000000000000000e+01 1.000000000000000000e+00

1.000000000000000000e+00 3.136398000000000000e+06
2.000000000000000000e+00 2.498300000000000000e+04
3.000000000000000000e+00 1.064100000000000000e+04
4.000000000000000000e+00 5.601000000000000000e+03
5.000000000000000000e+00 3.370000000000000000e+03
6.000000000000000000e+00 2.134000000000000000e+03
7.000000000000000000e+00 1.343000000000000000e+03
8.000000000000000000e+00 8.820000000000000000e+02
9.000000000000000000e+00 5.170000000000000000e+02
1.000000000000000000e+01 3.520000000000000000e+02
1.100000000000000000e+01 2.010000000000000000e+02
1.200000000000000000e+01 1.080000000000000000e+02
1.300000000000000000e+01 4.900000000000000000e+01
1.400000000000000000e+01 3.400000000000000000e+01
1.600000000000000000e+01 1.300000000000000000e+01
1.500000000000000000e+01 1.200000000000000000e+01
1.700000000000000000e+01 1.000000000000000000e+00

1.000000000000000000e+00 3.151154000000000000e+06
2.000000000000000000e+00 2.384500000000000000e+04
3.000000000000000000e+00 1.038100000000000000e+04
4.000000000000000000e+00 5.330000000000000000e+03
5.000000000000000000e+00 3.024000000000000000e+03
6.000000000000000000e+00 1.848000000000000000e+03
7.000000000000000000e+00 1.181000000000000000e+03
8.000000000000000000e+00 6.880000000000000000e+02
9.000000000000000000e+00 3.860000000000000000e+02
1.000000000000000000e+01 2.240000000000000000e+02
1.100000000000000000e+01 1.270000000000000000e+02
1.200000000000000000e+01 6.500000000000000000e+01
1.300000000000000000e+01 3.000000000000000000e+01
1.400000000000000000e+01 2.000000000000000000e+01
1.500000000000000000e+01 7.000000000000000000e+00
1.600000000000000000e+01 3.000000000000000000e+00

1.000000000000000000e+00 3.166214000000000000e+06
2.000000000000000000e+00 2.297300000000000000e+04
3.000000000000000000e+00 9.810000000000000000e+03
4.000000000000000000e+00 4.664000000000000000e+03
5.000000000000000000e+00 2.653000000000000000e+03
6.000000000000000000e+00 1.518000000000000000e+03
7.000000000000000000e+00 9.250000000000000000e+02
8.000000000000000000e+00 5.240000000000000000e+02
9.000000000000000000e+00 2.990000000000000000e+02
1.000000000000000000e+01 1.790000000000000000e+02
1.100000000000000000e+01 9.600000000000000000e+01
1.200000000000000000e+01 5.200000000000000000e+01
1.300000000000000000e+01 2.500000000000000000e+01
1.400000000000000000e+01 1.200000000000000000e+01
1.500000000000000000e+01 4.000000000000000000e+00

1.000000000000000000e+00 3.179976000000000000e+06
2.000000000000000000e+00 2.204700000000000000e+04
3.000000000000000000e+00 8.889000000000000000e+03
4.000000000000000000e+00 4.371000000000000000e+03
5.000000000000000000e+00 2.283000000000000000e+03
6.000000000000000000e+00 1.192000000000000000e+03
7.000000000000000000e+00 7.160000000000000000e+02
8.000000000000000000e+00 4.540000000000000000e+02
9.000000000000000000e+00 2.530000000000000000e+02
1.000000000000000000e+01 1.070000000000000000e+02
1.100000000000000000e+01 6.000000000000000000e+01
1.200000000000000000e+01 2.600000000000000000e+01
1.300000000000000000e+01 9.000000000000000000e+00
1.500000000000000000e+01 6.000000000000000000e+00
1.400000000000000000e+01 3.000000000000000000e+00

1.000000000000000000e+00 3.184100000000000000e+06
2.000000000000000000e+00 2.176200000000000000e+04
3.000000000000000000e+00 8.749000000000000000e+03
4.000000000000000000e+00 4.152000000000000000e+03
5.000000000000000000e+00 2.146000000000000000e+03
6.000000000000000000e+00 1.203000000000000000e+03
7.000000000000000000e+00 6.710000000000000000e+02
8.000000000000000000e+00 3.810000000000000000e+02
9.000000000000000000e+00 2.000000000000000000e+02
1.000000000000000000e+01 9.900000000000000000e+01
1.100000000000000000e+01 5.600000000000000000e+01
1.200000000000000000e+01 1.800000000000000000e+01
1.300000000000000000e+01 8.000000000000000000e+00
1.500000000000000000e+01 4.000000000000000000e+00
1.400000000000000000e+01 3.000000000000000000e+00

1.000000000000000000e+00 3.193096000000000000e+06
2.000000000000000000e+00 2.108000000000000000e+04
3.000000000000000000e+00 8.371000000000000000e+03
4.000000000000000000e+00 3.773000000000000000e+03
5.000000000000000000e+00 1.904000000000000000e+03
6.000000000000000000e+00 1.056000000000000000e+03
7.000000000000000000e+00 5.020000000000000000e+02
8.000000000000000000e+00 3.140000000000000000e+02
9.000000000000000000e+00 1.420000000000000000e+02
1.000000000000000000e+01 7.100000000000000000e+01
1.100000000000000000e+01 2.900000000000000000e+01
1.200000000000000000e+01 1.500000000000000000e+01
1.300000000000000000e+01 1.200000000000000000e+01
1.400000000000000000e+01 1.000000000000000000e+00

1.000000000000000000e+00 3.203056000000000000e+06
2.000000000000000000e+00 2.065400000000000000e+04
3.000000000000000000e+00 7.485000000000000000e+03
4.000000000000000000e+00 3.364000000000000000e+03
5.000000000000000000e+00 1.663000000000000000e+03
6.000000000000000000e+00 8.550000000000000000e+02
7.000000000000000000e+00 4.030000000000000000e+02
8.000000000000000000e+00 2.120000000000000000e+02
9.000000000000000000e+00 1.020000000000000000e+02
1.000000000000000000e+01 4.400000000000000000e+01
1.100000000000000000e+01 2.200000000000000000e+01
1.200000000000000000e+01 9.000000000000000000e+00
1.300000000000000000e+01 2.000000000000000000e+00
1.500000000000000000e+01 1.000000000000000000e+00
1.400000000000000000e+01 1.000000000000000000e+00

1.000000000000000000e+00 3.213259000000000000e+06
2.000000000000000000e+00 1.973200000000000000e+04
3.000000000000000000e+00 6.832000000000000000e+03
4.000000000000000000e+00 2.899000000000000000e+03
5.000000000000000000e+00 1.309000000000000000e+03
6.000000000000000000e+00 6.710000000000000000e+02
7.000000000000000000e+00 3.130000000000000000e+02
8.000000000000000000e+00 1.600000000000000000e+02
9.000000000000000000e+00 6.000000000000000000e+01
1.000000000000000000e+01 2.300000000000000000e+01
1.100000000000000000e+01 1.600000000000000000e+01
1.200000000000000000e+01 1.200000000000000000e+01
1.300000000000000000e+01 3.000000000000000000e+00
1.400000000000000000e+01 1.000000000000000000e+00

1.000000000000000000e+00 3.223759000000000000e+06
2.000000000000000000e+00 1.862300000000000000e+04
3.000000000000000000e+00 6.088000000000000000e+03
4.000000000000000000e+00 2.360000000000000000e+03
5.000000000000000000e+00 1.056000000000000000e+03
6.000000000000000000e+00 4.940000000000000000e+02
7.000000000000000000e+00 2.080000000000000000e+02
8.000000000000000000e+00 1.210000000000000000e+02
9.000000000000000000e+00 4.000000000000000000e+01
1.000000000000000000e+01 1.700000000000000000e+01
1.100000000000000000e+01 4.000000000000000000e+00
1.200000000000000000e+01 3.000000000000000000e+00
1.300000000000000000e+01 1.000000000000000000e+00

1.000000000000000000e+00 3.227104000000000000e+06
2.000000000000000000e+00 1.814500000000000000e+04
3.000000000000000000e+00 5.698000000000000000e+03
4.000000000000000000e+00 2.230000000000000000e+03
5.000000000000000000e+00 1.028000000000000000e+03
6.000000000000000000e+00 4.710000000000000000e+02
7.000000000000000000e+00 1.920000000000000000e+02
8.000000000000000000e+00 9.700000000000000000e+01
9.000000000000000000e+00 3.000000000000000000e+01
1.000000000000000000e+01 1.900000000000000000e+01
1.100000000000000000e+01 3.000000000000000000e+00
1.300000000000000000e+01 1.000000000000000000e+00

1.000000000000000000e+00 3.228302000000000000e+06
2.000000000000000000e+00 1.803800000000000000e+04
3.000000000000000000e+00 5.502000000000000000e+03
4.000000000000000000e+00 2.240000000000000000e+03
5.000000000000000000e+00 9.950000000000000000e+02
6.000000000000000000e+00 4.480000000000000000e+02
7.000000000000000000e+00 1.860000000000000000e+02
8.000000000000000000e+00 8.300000000000000000e+01
9.000000000000000000e+00 3.900000000000000000e+01
1.000000000000000000e+01 1.200000000000000000e+01
1.100000000000000000e+01 4.000000000000000000e+00
1.200000000000000000e+01 1.000000000000000000e+00

1.000000000000000000e+00 3.231655000000000000e+06
2.000000000000000000e+00 1.757700000000000000e+04
3.000000000000000000e+00 5.477000000000000000e+03
4.000000000000000000e+00 2.046000000000000000e+03
5.000000000000000000e+00 8.430000000000000000e+02
6.000000000000000000e+00 3.580000000000000000e+02
7.000000000000000000e+00 1.660000000000000000e+02
8.000000000000000000e+00 8.000000000000000000e+01
9.000000000000000000e+00 2.800000000000000000e+01
1.000000000000000000e+01 9.000000000000000000e+00
1.200000000000000000e+01 3.000000000000000000e+00
1.100000000000000000e+01 3.000000000000000000e+00

1.000000000000000000e+00 3.233745000000000000e+06
2.000000000000000000e+00 1.726800000000000000e+04
3.000000000000000000e+00 5.321000000000000000e+03
4.000000000000000000e+00 1.964000000000000000e+03
5.000000000000000000e+00 7.740000000000000000e+02
6.000000000000000000e+00 3.530000000000000000e+02
7.000000000000000000e+00 1.530000000000000000e+02
8.000000000000000000e+00 5.700000000000000000e+01
9.000000000000000000e+00 2.500000000000000000e+01
1.000000000000000000e+01 8.000000000000000000e+00
1.100000000000000000e+01 6.000000000000000000e+00
1.400000000000000000e+01 1.000000000000000000e+00

1.000000000000000000e+00 2.621674000000000000e+06
2.000000000000000000e+00 1.355000000000000000e+04
3.000000000000000000e+00 6.085000000000000000e+03
4.000000000000000000e+00 3.829000000000000000e+03
1.400000000000000000e+01 3.460000000000000000e+03
1.500000000000000000e+01 3.419000000000000000e+03
1.300000000000000000e+01 3.354000000000000000e+03
1.200000000000000000e+01 3.334000000000000000e+03
1.600000000000000000e+01 3.250000000000000000e+03
1.100000000000000000e+01 3.003000000000000000e+03
5.000000000000000000e+00 2.926000000000000000e+03
1.000000000000000000e+01 2.875000000000000000e+03
1.700000000000000000e+01 2.871000000000000000e+03
9.000000000000000000e+00 2.692000000000000000e+03
6.000000000000000000e+00 2.526000000000000000e+03
7.000000000000000000e+00 2.463000000000000000e+03
1.800000000000000000e+01 2.453000000000000000e+03
8.000000000000000000e+00 2.422000000000000000e+03
1.900000000000000000e+01 2.051000000000000000e+03
2.000000000000000000e+01 1.510000000000000000e+03
2.100000000000000000e+01 1.105000000000000000e+03
2.200000000000000000e+01 7.130000000000000000e+02
2.300000000000000000e+01 4.960000000000000000e+02
2.400000000000000000e+01 3.160000000000000000e+02
2.500000000000000000e+01 1.760000000000000000e+02
2.600000000000000000e+01 8.700000000000000000e+01
2.700000000000000000e+01 5.300000000000000000e+01
2.800000000000000000e+01 4.400000000000000000e+01
2.900000000000000000e+01 9.000000000000000000e+00
3.000000000000000000e+01 5.000000000000000000e+00
3.100000000000000000e+01 4.000000000000000000e+00
3.300000000000000000e+01 1.000000000000000000e+00

1.000000000000000000e+00 2.648852000000000000e+06
2.000000000000000000e+00 1.477100000000000000e+04
3.000000000000000000e+00 6.725000000000000000e+03
4.000000000000000000e+00 4.174000000000000000e+03
1.200000000000000000e+01 3.434000000000000000e+03
1.400000000000000000e+01 3.371000000000000000e+03
5.000000000000000000e+00 3.356000000000000000e+03
1.500000000000000000e+01 3.279000000000000000e+03
1.300000000000000000e+01 3.224000000000000000e+03
1.100000000000000000e+01 3.198000000000000000e+03
1.600000000000000000e+01 2.959000000000000000e+03
1.000000000000000000e+01 2.863000000000000000e+03
6.000000000000000000e+00 2.790000000000000000e+03
9.000000000000000000e+00 2.750000000000000000e+03
8.000000000000000000e+00 2.664000000000000000e+03
7.000000000000000000e+00 2.635000000000000000e+03
1.700000000000000000e+01 2.623000000000000000e+03
1.800000000000000000e+01 2.068000000000000000e+03
1.900000000000000000e+01 1.726000000000000000e+03
2.000000000000000000e+01 1.295000000000000000e+03
2.100000000000000000e+01 9.540000000000000000e+02
2.200000000000000000e+01 6.280000000000000000e+02
2.300000000000000000e+01 3.890000000000000000e+02
2.400000000000000000e+01 2.360000000000000000e+02
2.500000000000000000e+01 1.260000000000000000e+02
2.600000000000000000e+01 8.200000000000000000e+01
2.700000000000000000e+01 2.500000000000000000e+01
2.800000000000000000e+01 1.600000000000000000e+01
2.900000000000000000e+01 1.600000000000000000e+01
3.100000000000000000e+01 3.000000000000000000e+00
3.000000000000000000e+01 2.000000000000000000e+00
3.300000000000000000e+01 1.000000000000000000e+00
3.200000000000000000e+01 1.000000000000000000e+00

1.000000000000000000e+00 2.674008000000000000e+06
2.000000000000000000e+00 1.604200000000000000e+04
3.000000000000000000e+00 7.389000000000000000e+03
4.000000000000000000e+00 4.537000000000000000e+03
5.000000000000000000e+00 3.524000000000000000e+03
1.300000000000000000e+01 3.330000000000000000e+03
1.400000000000000000e+01 3.247000000000000000e+03
1.200000000000000000e+01 3.164000000000000000e+03
1.100000000000000000e+01 3.117000000000000000e+03
1.000000000000000000e+01 3.042000000000000000e+03
6.000000000000000000e+00 2.958000000000000000e+03
1.500000000000000000e+01 2.942000000000000000e+03
9.000000000000000000e+00 2.898000000000000000e+03
7.000000000000000000e+00 2.892000000000000000e+03
8.000000000000000000e+00 2.784000000000000000e+03
1.600000000000000000e+01 2.771000000000000000e+03
1.700000000000000000e+01 2.419000000000000000e+03
1.800000000000000000e+01 1.960000000000000000e+03
1.900000000000000000e+01 1.460000000000000000e+03
2.000000000000000000e+01 1.081000000000000000e+03
2.100000000000000000e+01 7.450000000000000000e+02
2.200000000000000000e+01 5.060000000000000000e+02
2.300000000000000000e+01 3.260000000000000000e+02
2.400000000000000000e+01 1.790000000000000000e+02
2.500000000000000000e+01 1.110000000000000000e+02
2.600000000000000000e+01 5.000000000000000000e+01
2.700000000000000000e+01 2.700000000000000000e+01
2.800000000000000000e+01 1.500000000000000000e+01
3.000000000000000000e+01 3.000000000000000000e+00
2.900000000000000000e+01 2.000000000000000000e+00
3.200000000000000000e+01 1.000000000000000000e+00

1.000000000000000000e+00 2.707081000000000000e+06
2.000000000000000000e+00 1.735000000000000000e+04
3.000000000000000000e+00 7.961000000000000000e+03
4.000000000000000000e+00 5.100000000000000000e+03
5.000000000000000000e+00 3.796000000000000000e+03
6.000000000000000000e+00 3.261000000000000000e+03
1.000000000000000000e+01 3.180000000000000000e+03
1.200000000000000000e+01 3.158000000000000000e+03
1.300000000000000000e+01 3.123000000000000000e+03
1.100000000000000000e+01 3.106000000000000000e+03
8.000000000000000000e+00 3.094000000000000000e+03
9.000000000000000000e+00 3.060000000000000000e+03
7.000000000000000000e+00 3.053000000000000000e+03
1.400000000000000000e+01 3.023000000000000000e+03
1.500000000000000000e+01 2.766000000000000000e+03
1.600000000000000000e+01 2.371000000000000000e+03
1.700000000000000000e+01 2.008000000000000000e+03
1.800000000000000000e+01 1.532000000000000000e+03
1.900000000000000000e+01 1.303000000000000000e+03
2.000000000000000000e+01 8.600000000000000000e+02
2.100000000000000000e+01 5.610000000000000000e+02
2.200000000000000000e+01 3.680000000000000000e+02
2.300000000000000000e+01 2.250000000000000000e+02
2.400000000000000000e+01 1.200000000000000000e+02
2.500000000000000000e+01 6.500000000000000000e+01
2.600000000000000000e+01 4.500000000000000000e+01
2.700000000000000000e+01 2.100000000000000000e+01
2.800000000000000000e+01 9.000000000000000000e+00
2.900000000000000000e+01 4.000000000000000000e+00
3.100000000000000000e+01 3.000000000000000000e+00
3.200000000000000000e+01 2.000000000000000000e+00
3.000000000000000000e+01 1.000000000000000000e+00

1.000000000000000000e+00 2.744174000000000000e+06
2.000000000000000000e+00 1.881900000000000000e+04
3.000000000000000000e+00 8.762000000000000000e+03
4.000000000000000000e+00 5.487000000000000000e+03
5.000000000000000000e+00 4.219000000000000000e+03
6.000000000000000000e+00 3.586000000000000000e+03
7.000000000000000000e+00 3.195000000000000000e+03
1.000000000000000000e+01 3.142000000000000000e+03
8.000000000000000000e+00 3.123000000000000000e+03
1.100000000000000000e+01 3.111000000000000000e+03
9.000000000000000000e+00 3.099000000000000000e+03
1.200000000000000000e+01 3.017000000000000000e+03
1.300000000000000000e+01 2.827000000000000000e+03
1.400000000000000000e+01 2.787000000000000000e+03
1.500000000000000000e+01 2.363000000000000000e+03
1.600000000000000000e+01 2.048000000000000000e+03
1.700000000000000000e+01 1.655000000000000000e+03
1.800000000000000000e+01 1.314000000000000000e+03
1.900000000000000000e+01 9.350000000000000000e+02
2.000000000000000000e+01 6.730000000000000000e+02
2.100000000000000000e+01 4.500000000000000000e+02
2.200000000000000000e+01 2.570000000000000000e+02
2.300000000000000000e+01 1.640000000000000000e+02
2.400000000000000000e+01 9.300000000000000000e+01
2.500000000000000000e+01 4.700000000000000000e+01
2.600000000000000000e+01 2.200000000000000000e+01
2.700000000000000000e+01 1.200000000000000000e+01
2.800000000000000000e+01 2.000000000000000000e+00
2.900000000000000000e+01 1.000000000000000000e+00

1.000000000000000000e+00 2.774172000000000000e+06
2.000000000000000000e+00 2.034500000000000000e+04
3.000000000000000000e+00 9.387000000000000000e+03
4.000000000000000000e+00 5.951000000000000000e+03
5.000000000000000000e+00 4.519000000000000000e+03
6.000000000000000000e+00 3.749000000000000000e+03
7.000000000000000000e+00 3.553000000000000000e+03
9.000000000000000000e+00 3.209000000000000000e+03
1.000000000000000000e+01 3.135000000000000000e+03
8.000000000000000000e+00 3.129000000000000000e+03
1.100000000000000000e+01 2.927000000000000000e+03
1.200000000000000000e+01 2.832000000000000000e+03
1.300000000000000000e+01 2.624000000000000000e+03
1.400000000000000000e+01 2.426000000000000000e+03
1.500000000000000000e+01 2.035000000000000000e+03
1.600000000000000000e+01 1.722000000000000000e+03
1.700000000000000000e+01 1.337000000000000000e+03
1.800000000000000000e+01 1.098000000000000000e+03
1.900000000000000000e+01 7.330000000000000000e+02
2.000000000000000000e+01 5.970000000000000000e+02
2.100000000000000000e+01 3.440000000000000000e+02
2.200000000000000000e+01 2.010000000000000000e+02
2.300000000000000000e+01 1.040000000000000000e+02
2.400000000000000000e+01 6.800000000000000000e+01
2.500000000000000000e+01 3.500000000000000000e+01
2.600000000000000000e+01 1.900000000000000000e+01
2.700000000000000000e+01 7.000000000000000000e+00
2.800000000000000000e+01 1.000000000000000000e+00

1.000000000000000000e+00 2.809758000000000000e+06
2.000000000000000000e+00 2.174900000000000000e+04
3.000000000000000000e+00 1.038300000000000000e+04
4.000000000000000000e+00 6.378000000000000000e+03
5.000000000000000000e+00 4.862000000000000000e+03
6.000000000000000000e+00 3.974000000000000000e+03
7.000000000000000000e+00 3.569000000000000000e+03
8.000000000000000000e+00 3.393000000000000000e+03
9.000000000000000000e+00 3.058000000000000000e+03
1.000000000000000000e+01 2.944000000000000000e+03
1.100000000000000000e+01 2.786000000000000000e+03
1.200000000000000000e+01 2.540000000000000000e+03
1.300000000000000000e+01 2.376000000000000000e+03
1.400000000000000000e+01 2.060000000000000000e+03
1.500000000000000000e+01 1.705000000000000000e+03
1.600000000000000000e+01 1.481000000000000000e+03
1.700000000000000000e+01 1.089000000000000000e+03
1.800000000000000000e+01 7.860000000000000000e+02
1.900000000000000000e+01 5.480000000000000000e+02
2.000000000000000000e+01 3.630000000000000000e+02
2.100000000000000000e+01 2.280000000000000000e+02
2.200000000000000000e+01 1.520000000000000000e+02
2.300000000000000000e+01 8.400000000000000000e+01
2.400000000000000000e+01 4.500000000000000000e+01
2.500000000000000000e+01 3.100000000000000000e+01
2.600000000000000000e+01 6.000000000000000000e+00
2.800000000000000000e+01 5.000000000000000000e+00
2.700000000000000000e+01 4.000000000000000000e+00
2.900000000000000000e+01 1.000000000000000000e+00
3.000000000000000000e+01 1.000000000000000000e+00

1.000000000000000000e+00 2.850283000000000000e+06
2.000000000000000000e+00 2.329000000000000000e+04
3.000000000000000000e+00 1.082500000000000000e+04
4.000000000000000000e+00 6.720000000000000000e+03
5.000000000000000000e+00 4.917000000000000000e+03
6.000000000000000000e+00 4.102000000000000000e+03
7.000000000000000000e+00 3.582000000000000000e+03
8.000000000000000000e+00 3.236000000000000000e+03
9.000000000000000000e+00 2.940000000000000000e+03
1.000000000000000000e+01 2.667000000000000000e+03
1.100000000000000000e+01 2.485000000000000000e+03
1.200000000000000000e+01 2.280000000000000000e+03
1.300000000000000000e+01 1.993000000000000000e+03
1.400000000000000000e+01 1.713000000000000000e+03
1.500000000000000000e+01 1.473000000000000000e+03
1.600000000000000000e+01 1.106000000000000000e+03
1.700000000000000000e+01 8.510000000000000000e+02
1.800000000000000000e+01 6.070000000000000000e+02
1.900000000000000000e+01 4.180000000000000000e+02
2.000000000000000000e+01 2.630000000000000000e+02
2.100000000000000000e+01 1.550000000000000000e+02
2.200000000000000000e+01 8.900000000000000000e+01
2.300000000000000000e+01 4.600000000000000000e+01
2.400000000000000000e+01 2.300000000000000000e+01
2.500000000000000000e+01 1.700000000000000000e+01
2.600000000000000000e+01 6.000000000000000000e+00
2.700000000000000000e+01 1.000000000000000000e+00
3.000000000000000000e+01 1.000000000000000000e+00
2.900000000000000000e+01 1.000000000000000000e+00
3.100000000000000000e+01 1.000000000000000000e+00

1.000000000000000000e+00 2.882861000000000000e+06
2.000000000000000000e+00 2.451800000000000000e+04
3.000000000000000000e+00 1.129300000000000000e+04
4.000000000000000000e+00 7.172000000000000000e+03
5.000000000000000000e+00 5.082000000000000000e+03
6.000000000000000000e+00 4.164000000000000000e+03
7.000000000000000000e+00 3.509000000000000000e+03
8.000000000000000000e+00 3.143000000000000000e+03
9.000000000000000000e+00 2.915000000000000000e+03
1.000000000000000000e+01 2.514000000000000000e+03
1.100000000000000000e+01 2.248000000000000000e+03
1.200000000000000000e+01 2.062000000000000000e+03
1.300000000000000000e+01 1.665000000000000000e+03
1.400000000000000000e+01 1.459000000000000000e+03
1.500000000000000000e+01 1.136000000000000000e+03
1.600000000000000000e+01 8.420000000000000000e+02
1.700000000000000000e+01 6.210000000000000000e+02
1.800000000000000000e+01 4.310000000000000000e+02
1.900000000000000000e+01 2.830000000000000000e+02
2.000000000000000000e+01 1.880000000000000000e+02
2.100000000000000000e+01 9.900000000000000000e+01
2.200000000000000000e+01 5.400000000000000000e+01
2.300000000000000000e+01 2.500000000000000000e+01
2.400000000000000000e+01 1.800000000000000000e+01
2.500000000000000000e+01 8.000000000000000000e+00
2.600000000000000000e+01 2.000000000000000000e+00
2.700000000000000000e+01 1.000000000000000000e+00

1.000000000000000000e+00 2.935852000000000000e+06
2.000000000000000000e+00 2.536100000000000000e+04
3.000000000000000000e+00 1.158900000000000000e+04
4.000000000000000000e+00 7.308000000000000000e+03
5.000000000000000000e+00 5.145000000000000000e+03
6.000000000000000000e+00 4.197000000000000000e+03
7.000000000000000000e+00 3.265000000000000000e+03
8.000000000000000000e+00 2.873000000000000000e+03
9.000000000000000000e+00 2.448000000000000000e+03
1.000000000000000000e+01 2.119000000000000000e+03
1.100000000000000000e+01 1.840000000000000000e+03
1.200000000000000000e+01 1.596000000000000000e+03
1.300000000000000000e+01 1.247000000000000000e+03
1.400000000000000000e+01 1.019000000000000000e+03
1.500000000000000000e+01 7.390000000000000000e+02
1.600000000000000000e+01 5.690000000000000000e+02
1.700000000000000000e+01 4.070000000000000000e+02
1.800000000000000000e+01 2.590000000000000000e+02
1.900000000000000000e+01 1.710000000000000000e+02
2.000000000000000000e+01 1.040000000000000000e+02
2.100000000000000000e+01 5.700000000000000000e+01
2.200000000000000000e+01 2.500000000000000000e+01
2.300000000000000000e+01 1.400000000000000000e+01
2.400000000000000000e+01 8.000000000000000000e+00
2.600000000000000000e+01 5.000000000000000000e+00
2.500000000000000000e+01 4.000000000000000000e+00

1.000000000000000000e+00 2.977507000000000000e+06
2.000000000000000000e+00 2.531700000000000000e+04
3.000000000000000000e+00 1.188300000000000000e+04
4.000000000000000000e+00 7.241000000000000000e+03
5.000000000000000000e+00 5.082000000000000000e+03
6.000000000000000000e+00 3.795000000000000000e+03
7.000000000000000000e+00 3.184000000000000000e+03
8.000000000000000000e+00 2.536000000000000000e+03
9.000000000000000000e+00 2.141000000000000000e+03
1.000000000000000000e+01 1.825000000000000000e+03
1.100000000000000000e+01 1.473000000000000000e+03
1.200000000000000000e+01 1.212000000000000000e+03
1.300000000000000000e+01 9.650000000000000000e+02
1.400000000000000000e+01 7.130000000000000000e+02
1.500000000000000000e+01 5.500000000000000000e+02
1.600000000000000000e+01 3.990000000000000000e+02
1.700000000000000000e+01 2.400000000000000000e+02
1.800000000000000000e+01 1.640000000000000000e+02
1.900000000000000000e+01 8.700000000000000000e+01
2.000000000000000000e+01 5.700000000000000000e+01
2.100000000000000000e+01 3.300000000000000000e+01
2.200000000000000000e+01 1.300000000000000000e+01
2.300000000000000000e+01 7.000000000000000000e+00
2.400000000000000000e+01 3.000000000000000000e+00
2.600000000000000000e+01 1.000000000000000000e+00

1.000000000000000000e+00 3.013572000000000000e+06
2.000000000000000000e+00 2.665600000000000000e+04
3.000000000000000000e+00 1.195800000000000000e+04
4.000000000000000000e+00 6.916000000000000000e+03
5.000000000000000000e+00 4.872000000000000000e+03
6.000000000000000000e+00 3.615000000000000000e+03
7.000000000000000000e+00 2.878000000000000000e+03
8.000000000000000000e+00 2.193000000000000000e+03
9.000000000000000000e+00 1.806000000000000000e+03
1.000000000000000000e+01 1.497000000000000000e+03
1.100000000000000000e+01 1.177000000000000000e+03
1.200000000000000000e+01 8.570000000000000000e+02
1.300000000000000000e+01 6.430000000000000000e+02
1.400000000000000000e+01 4.800000000000000000e+02
1.500000000000000000e+01 3.820000000000000000e+02
1.600000000000000000e+01 2.350000000000000000e+02
1.700000000000000000e+01 1.390000000000000000e+02
1.800000000000000000e+01 1.080000000000000000e+02
1.900000000000000000e+01 6.300000000000000000e+01
2.000000000000000000e+01 3.500000000000000000e+01
2.100000000000000000e+01 1.400000000000000000e+01
2.200000000000000000e+01 1.000000000000000000e+01
2.400000000000000000e+01 2.000000000000000000e+00
2.500000000000000000e+01 1.000000000000000000e+00
2.300000000000000000e+01 1.000000000000000000e+00

1.000000000000000000e+00 3.050919000000000000e+06
2.000000000000000000e+00 2.604400000000000000e+04
3.000000000000000000e+00 1.124400000000000000e+04
4.000000000000000000e+00 6.543000000000000000e+03
5.000000000000000000e+00 4.648000000000000000e+03
6.000000000000000000e+00 3.281000000000000000e+03
7.000000000000000000e+00 2.399000000000000000e+03
8.000000000000000000e+00 1.865000000000000000e+03
9.000000000000000000e+00 1.456000000000000000e+03
1.000000000000000000e+01 1.100000000000000000e+03
1.100000000000000000e+01 8.560000000000000000e+02
1.200000000000000000e+01 6.220000000000000000e+02
1.300000000000000000e+01 5.130000000000000000e+02
1.400000000000000000e+01 3.390000000000000000e+02
1.500000000000000000e+01 2.400000000000000000e+02
1.600000000000000000e+01 1.530000000000000000e+02
1.700000000000000000e+01 9.000000000000000000e+01
1.800000000000000000e+01 6.600000000000000000e+01
1.900000000000000000e+01 3.300000000000000000e+01
2.000000000000000000e+01 2.200000000000000000e+01
2.100000000000000000e+01 5.000000000000000000e+00
2.300000000000000000e+01 3.000000000000000000e+00
2.200000000000000000e+01 2.000000000000000000e+00

1.000000000000000000e+00 3.080475000000000000e+06
2.000000000000000000e+00 2.551500000000000000e+04
3.000000000000000000e+00 1.095000000000000000e+04
4.000000000000000000e+00 6.102000000000000000e+03
5.000000000000000000e+00 4.110000000000000000e+03
6.000000000000000000e+00 2.968000000000000000e+03
7.000000000000000000e+00 2.091000000000000000e+03
8.000000000000000000e+00 1.618000000000000000e+03
9.000000000000000000e+00 1.161000000000000000e+03
1.000000000000000000e+01 8.710000000000000000e+02
1.100000000000000000e+01 6.620000000000000000e+02
1.200000000000000000e+01 4.750000000000000000e+02
1.300000000000000000e+01 3.070000000000000000e+02
1.400000000000000000e+01 2.210000000000000000e+02
1.500000000000000000e+01 1.600000000000000000e+02
1.600000000000000000e+01 9.600000000000000000e+01
1.700000000000000000e+01 5.300000000000000000e+01
1.800000000000000000e+01 3.600000000000000000e+01
1.900000000000000000e+01 1.900000000000000000e+01
2.000000000000000000e+01 7.000000000000000000e+00
2.100000000000000000e+01 3.000000000000000000e+00
2.300000000000000000e+01 1.000000000000000000e+00

1.000000000000000000e+00 3.106610000000000000e+06
2.000000000000000000e+00 2.477600000000000000e+04
3.000000000000000000e+00 1.029700000000000000e+04
4.000000000000000000e+00 5.738000000000000000e+03
5.000000000000000000e+00 3.755000000000000000e+03
6.000000000000000000e+00 2.601000000000000000e+03
7.000000000000000000e+00 1.768000000000000000e+03
8.000000000000000000e+00 1.376000000000000000e+03
9.000000000000000000e+00 9.720000000000000000e+02
1.000000000000000000e+01 6.680000000000000000e+02
1.100000000000000000e+01 4.580000000000000000e+02
1.200000000000000000e+01 3.400000000000000000e+02
1.300000000000000000e+01 2.080000000000000000e+02
1.400000000000000000e+01 1.350000000000000000e+02
1.500000000000000000e+01 8.100000000000000000e+01
1.600000000000000000e+01 6.000000000000000000e+01
1.700000000000000000e+01 2.400000000000000000e+01
1.900000000000000000e+01 1.200000000000000000e+01
1.800000000000000000e+01 1.100000000000000000e+01
2.000000000000000000e+01 3.000000000000000000e+00
2.100000000000000000e+01 1.000000000000000000e+00

1.000000000000000000e+00 3.126569000000000000e+06
2.000000000000000000e+00 2.360400000000000000e+04
3.000000000000000000e+00 9.881000000000000000e+03
4.000000000000000000e+00 5.540000000000000000e+03
5.000000000000000000e+00 3.499000000000000000e+03
6.000000000000000000e+00 2.320000000000000000e+03
7.000000000000000000e+00 1.582000000000000000e+03
8.000000000000000000e+00 1.090000000000000000e+03
9.000000000000000000e+00 7.510000000000000000e+02
1.000000000000000000e+01 4.980000000000000000e+02
1.100000000000000000e+01 3.100000000000000000e+02
1.200000000000000000e+01 2.330000000000000000e+02
1.300000000000000000e+01 1.600000000000000000e+02
1.400000000000000000e+01 1.090000000000000000e+02
1.500000000000000000e+01 5.100000000000000000e+01
1.600000000000000000e+01 2.600000000000000000e+01
1.700000000000000000e+01 1.400000000000000000e+01
1.800000000000000000e+01 8.000000000000000000e+00
1.900000000000000000e+01 3.000000000000000000e+00
2.000000000000000000e+01 2.000000000000000000e+00

1.000000000000000000e+00 3.139572000000000000e+06
2.000000000000000000e+00 2.337300000000000000e+04
3.000000000000000000e+00 9.393000000000000000e+03
4.000000000000000000e+00 5.205000000000000000e+03
5.000000000000000000e+00 3.192000000000000000e+03
6.000000000000000000e+00 2.133000000000000000e+03
7.000000000000000000e+00 1.441000000000000000e+03
8.000000000000000000e+00 9.810000000000000000e+02
9.000000000000000000e+00 5.760000000000000000e+02
1.000000000000000000e+01 4.280000000000000000e+02
1.100000000000000000e+01 2.780000000000000000e+02
1.200000000000000000e+01 1.540000000000000000e+02
1.300000000000000000e+01 1.020000000000000000e+02
1.400000000000000000e+01 7.200000000000000000e+01
1.500000000000000000e+01 3.500000000000000000e+01
1.600000000000000000e+01 2.100000000000000000e+01
1.700000000000000000e+01 1.300000000000000000e+01
1.800000000000000000e+01 6.000000000000000000e+00
1.900000000000000000e+01 4.000000000000000000e+00
2.000000000000000000e+01 1.000000000000000000e+00

1.000000000000000000e+00 3.161031000000000000e+06
2.000000000000000000e+00 2.212000000000000000e+04
3.000000000000000000e+00 9.027000000000000000e+03
4.000000000000000000e+00 4.681000000000000000e+03
5.000000000000000000e+00 2.775000000000000000e+03
6.000000000000000000e+00 1.742000000000000000e+03
7.000000000000000000e+00 1.072000000000000000e+03
8.000000000000000000e+00 6.980000000000000000e+02
9.000000000000000000e+00 4.260000000000000000e+02
1.000000000000000000e+01 2.730000000000000000e+02
1.100000000000000000e+01 1.580000000000000000e+02
1.200000000000000000e+01 9.400000000000000000e+01
1.300000000000000000e+01 7.100000000000000000e+01
1.400000000000000000e+01 3.600000000000000000e+01
1.500000000000000000e+01 2.200000000000000000e+01
1.600000000000000000e+01 1.000000000000000000e+01
1.700000000000000000e+01 5.000000000000000000e+00
1.900000000000000000e+01 2.000000000000000000e+00
1.800000000000000000e+01 1.000000000000000000e+00
2.100000000000000000e+01 1.000000000000000000e+00

1.000000000000000000e+00 3.184267000000000000e+06
2.000000000000000000e+00 2.131700000000000000e+04
3.000000000000000000e+00 8.174000000000000000e+03
4.000000000000000000e+00 3.952000000000000000e+03
5.000000000000000000e+00 2.055000000000000000e+03
6.000000000000000000e+00 1.218000000000000000e+03
7.000000000000000000e+00 7.150000000000000000e+02
8.000000000000000000e+00 4.780000000000000000e+02
9.000000000000000000e+00 2.510000000000000000e+02
1.000000000000000000e+01 1.450000000000000000e+02
1.100000000000000000e+01 1.050000000000000000e+02
1.200000000000000000e+01 5.100000000000000000e+01
1.300000000000000000e+01 3.600000000000000000e+01
1.400000000000000000e+01 1.400000000000000000e+01
1.500000000000000000e+01 1.000000000000000000e+01
1.600000000000000000e+01 2.000000000000000000e+00
1.700000000000000000e+01 1.000000000000000000e+00
1.800000000000000000e+01 1.000000000000000000e+00

1.000000000000000000e+00 3.198908000000000000e+06
2.000000000000000000e+00 2.046200000000000000e+04
3.000000000000000000e+00 7.322000000000000000e+03
4.000000000000000000e+00 3.370000000000000000e+03
5.000000000000000000e+00 1.750000000000000000e+03
6.000000000000000000e+00 9.530000000000000000e+02
7.000000000000000000e+00 5.310000000000000000e+02
8.000000000000000000e+00 3.250000000000000000e+02
9.000000000000000000e+00 1.770000000000000000e+02
1.000000000000000000e+01 9.900000000000000000e+01
1.100000000000000000e+01 5.000000000000000000e+01
1.200000000000000000e+01 3.400000000000000000e+01
1.300000000000000000e+01 1.900000000000000000e+01
1.400000000000000000e+01 6.000000000000000000e+00
1.600000000000000000e+01 2.000000000000000000e+00
1.500000000000000000e+01 1.000000000000000000e+00
1.800000000000000000e+01 1.000000000000000000e+00

1.000000000000000000e+00 3.211083000000000000e+06
2.000000000000000000e+00 1.907600000000000000e+04
3.000000000000000000e+00 6.692000000000000000e+03
4.000000000000000000e+00 3.001000000000000000e+03
5.000000000000000000e+00 1.440000000000000000e+03
6.000000000000000000e+00 7.550000000000000000e+02
7.000000000000000000e+00 4.030000000000000000e+02
8.000000000000000000e+00 2.410000000000000000e+02
9.000000000000000000e+00 1.150000000000000000e+02
1.000000000000000000e+01 5.900000000000000000e+01
1.100000000000000000e+01 2.500000000000000000e+01
1.200000000000000000e+01 1.400000000000000000e+01
1.400000000000000000e+01 4.000000000000000000e+00
1.300000000000000000e+01 4.000000000000000000e+00
1.500000000000000000e+01 2.000000000000000000e+00

1.000000000000000000e+00 3.221045000000000000e+06
2.000000000000000000e+00 1.814600000000000000e+04
3.000000000000000000e+00 5.949000000000000000e+03
4.000000000000000000e+00 2.548000000000000000e+03
5.000000000000000000e+00 1.188000000000000000e+03
6.000000000000000000e+00 5.740000000000000000e+02
7.000000000000000000e+00 3.380000000000000000e+02
8.000000000000000000e+00 1.620000000000000000e+02
9.000000000000000000e+00 8.700000000000000000e+01
1.000000000000000000e+01 3.600000000000000000e+01
1.100000000000000000e+01 1.800000000000000000e+01
1.200000000000000000e+01 1.400000000000000000e+01
1.400000000000000000e+01 2.000000000000000000e+00
1.300000000000000000e+01 2.000000000000000000e+00
1.500000000000000000e+01 1.000000000000000000e+00

1.000000000000000000e+00 3.224378000000000000e+06
2.000000000000000000e+00 1.792500000000000000e+04
3.000000000000000000e+00 5.807000000000000000e+03
4.000000000000000000e+00 2.407000000000000000e+03
5.000000000000000000e+00 1.080000000000000000e+03
6.000000000000000000e+00 5.120000000000000000e+02
7.000000000000000000e+00 2.810000000000000000e+02
8.000000000000000000e+00 1.400000000000000000e+02
9.000000000000000000e+00 6.200000000000000000e+01
1.000000000000000000e+01 3.800000000000000000e+01
1.100000000000000000e+01 9.000000000000000000e+00
1.200000000000000000e+01 6.000000000000000000e+00
1.300000000000000000e+01 2.000000000000000000e+00
1.500000000000000000e+01 1.000000000000000000e+00
1.400000000000000000e+01 1.000000000000000000e+00

1.000000000000000000e+00 3.228622000000000000e+06
2.000000000000000000e+00 1.769300000000000000e+04
3.000000000000000000e+00 5.496000000000000000e+03
4.000000000000000000e+00 2.169000000000000000e+03
5.000000000000000000e+00 9.640000000000000000e+02
6.000000000000000000e+00 4.480000000000000000e+02
7.000000000000000000e+00 2.170000000000000000e+02
8.000000000000000000e+00 1.080000000000000000e+02
9.000000000000000000e+00 5.100000000000000000e+01
1.000000000000000000e+01 2.700000000000000000e+01
1.100000000000000000e+01 7.000000000000000000e+00
1.200000000000000000e+01 4.000000000000000000e+00
1.300000000000000000e+01 3.000000000000000000e+00
1.500000000000000000e+01 2.000000000000000000e+00
1.400000000000000000e+01 1.000000000000000000e+00

1.000000000000000000e+00 3.230100000000000000e+06
2.000000000000000000e+00 1.734800000000000000e+04
3.000000000000000000e+00 5.357000000000000000e+03
4.000000000000000000e+00 2.160000000000000000e+03
5.000000000000000000e+00 9.760000000000000000e+02
6.000000000000000000e+00 4.290000000000000000e+02
7.000000000000000000e+00 1.920000000000000000e+02
8.000000000000000000e+00 9.800000000000000000e+01
9.000000000000000000e+00 5.900000000000000000e+01
1.000000000000000000e+01 2.500000000000000000e+01
1.100000000000000000e+01 5.000000000000000000e+00
1.200000000000000000e+01 4.000000000000000000e+00
1.300000000000000000e+01 1.000000000000000000e+00
1.400000000000000000e+01 1.000000000000000000e+00

1.000000000000000000e+00 3.235805000000000000e+06
2.000000000000000000e+00 1.660200000000000000e+04
3.000000000000000000e+00 5.013000000000000000e+03
4.000000000000000000e+00 1.904000000000000000e+03
5.000000000000000000e+00 7.670000000000000000e+02
6.000000000000000000e+00 3.500000000000000000e+02
7.000000000000000000e+00 1.570000000000000000e+02
8.000000000000000000e+00 9.500000000000000000e+01
9.000000000000000000e+00 3.800000000000000000e+01
1.000000000000000000e+01 6.000000000000000000e+00
1.200000000000000000e+01 6.000000000000000000e+00
1.100000000000000000e+01 5.000000000000000000e+00
1.300000000000000000e+01 1.000000000000000000e+00

1.000000000000000000e+00 3.240688000000000000e+06
2.000000000000000000e+00 1.571400000000000000e+04
3.000000000000000000e+00 4.683000000000000000e+03
4.000000000000000000e+00 1.696000000000000000e+03
5.000000000000000000e+00 6.820000000000000000e+02
6.000000000000000000e+00 3.090000000000000000e+02
7.000000000000000000e+00 1.400000000000000000e+02
8.000000000000000000e+00 5.500000000000000000e+01
9.000000000000000000e+00 2.300000000000000000e+01
1.000000000000000000e+01 7.000000000000000000e+00
1.100000000000000000e+01 6.000000000000000000e+00
1.200000000000000000e+01 2.000000000000000000e+00

