1.000000000000000000e+00 2.493283000000000000e+06
1.600000000000000000e+01 5.363000000000000000e+03
1.500000000000000000e+01 5.290000000000000000e+03
1.700000000000000000e+01 5.028000000000000000e+03
1.400000000000000000e+01 4.839000000000000000e+03
1.800000000000000000e+01 4.461000000000000000e+03
1.300000000000000000e+01 3.926000000000000000e+03
1.900000000000000000e+01 3.659000000000000000e+03
1.200000000000000000e+01 3.105000000000000000e+03
2.000000000000000000e+01 2.906000000000000000e+03
2.100000000000000000e+01 2.161000000000000000e+03
1.100000000000000000e+01 2.152000000000000000e+03
2.200000000000000000e+01 1.494000000000000000e+03
1.000000000000000000e+01 1.397000000000000000e+03
2.300000000000000000e+01 1.038000000000000000e+03
9.000000000000000000e+00 7.830000000000000000e+02
2.400000000000000000e+01 6.740000000000000000e+02
8.000000000000000000e+00 4.180000000000000000e+02
2.500000000000000000e+01 4.000000000000000000e+02
2.600000000000000000e+01 2.220000000000000000e+02
7.000000000000000000e+00 1.930000000000000000e+02
2.700000000000000000e+01 1.230000000000000000e+02
6.000000000000000000e+00 8.600000000000000000e+01
2.800000000000000000e+01 6.900000000000000000e+01
2.900000000000000000e+01 4.400000000000000000e+01
5.000000000000000000e+00 4.000000000000000000e+01
2.000000000000000000e+00 2.500000000000000000e+01
4.000000000000000000e+00 2.300000000000000000e+01
3.000000000000000000e+01 1.700000000000000000e+01
3.000000000000000000e+00 1.600000000000000000e+01
3.100000000000000000e+01 1.200000000000000000e+01
3.300000000000000000e+01 5.000000000000000000e+00
3.200000000000000000e+01 4.000000000000000000e+00
3.500000000000000000e+01 1.000000000000000000e+00

1.000000000000000000e+00 2.504212000000000000e+06
1.600000000000000000e+01 5.195000000000000000e+03
1.500000000000000000e+01 5.073000000000000000e+03
1.400000000000000000e+01 4.854000000000000000e+03
1.700000000000000000e+01 4.788000000000000000e+03
1.800000000000000000e+01 4.277000000000000000e+03
1.300000000000000000e+01 4.205000000000000000e+03
1.900000000000000000e+01 3.493000000000000000e+03
1.200000000000000000e+01 3.377000000000000000e+03
2.000000000000000000e+01 2.796000000000000000e+03
1.100000000000000000e+01 2.354000000000000000e+03
2.100000000000000000e+01 1.957000000000000000e+03
1.000000000000000000e+01 1.596000000000000000e+03
2.200000000000000000e+01 1.373000000000000000e+03
2.300000000000000000e+01 9.930000000000000000e+02
9.000000000000000000e+00 9.810000000000000000e+02
2.400000000000000000e+01 6.440000000000000000e+02
8.000000000000000000e+00 5.130000000000000000e+02
2.500000000000000000e+01 4.080000000000000000e+02
7.000000000000000000e+00 3.050000000000000000e+02
2.600000000000000000e+01 2.170000000000000000e+02
2.700000000000000000e+01 1.390000000000000000e+02
6.000000000000000000e+00 1.190000000000000000e+02
2.800000000000000000e+01 9.200000000000000000e+01
5.000000000000000000e+00 5.800000000000000000e+01
2.900000000000000000e+01 4.900000000000000000e+01
4.000000000000000000e+00 3.600000000000000000e+01
2.000000000000000000e+00 3.000000000000000000e+01
3.000000000000000000e+01 2.500000000000000000e+01
3.000000000000000000e+00 1.600000000000000000e+01
3.100000000000000000e+01 8.000000000000000000e+00
3.200000000000000000e+01 6.000000000000000000e+00
3.300000000000000000e+01 4.000000000000000000e+00
3.500000000000000000e+01 1.000000000000000000e+00
3.400000000000000000e+01 1.000000000000000000e+00

1.000000000000000000e+00 2.517137000000000000e+06
1.500000000000000000e+01 5.058000000000000000e+03
1.600000000000000000e+01 4.962000000000000000e+03
1.400000000000000000e+01 4.702000000000000000e+03
1.700000000000000000e+01 4.543000000000000000e+03
1.300000000000000000e+01 4.258000000000000000e+03
1.800000000000000000e+01 4.072000000000000000e+03
1.200000000000000000e+01 3.575000000000000000e+03
1.900000000000000000e+01 3.263000000000000000e+03
1.100000000000000000e+01 2.707000000000000000e+03
2.000000000000000000e+01 2.513000000000000000e+03
2.100000000000000000e+01 1.991000000000000000e+03
1.000000000000000000e+01 1.920000000000000000e+03
2.200000000000000000e+01 1.369000000000000000e+03
9.000000000000000000e+00 1.224000000000000000e+03
2.300000000000000000e+01 9.540000000000000000e+02
8.000000000000000000e+00 6.390000000000000000e+02
2.400000000000000000e+01 5.690000000000000000e+02
7.000000000000000000e+00 3.760000000000000000e+02
2.500000000000000000e+01 3.650000000000000000e+02
2.600000000000000000e+01 2.280000000000000000e+02
6.000000000000000000e+00 1.880000000000000000e+02
2.700000000000000000e+01 1.380000000000000000e+02
5.000000000000000000e+00 8.900000000000000000e+01
2.000000000000000000e+00 6.200000000000000000e+01
2.800000000000000000e+01 6.000000000000000000e+01
2.900000000000000000e+01 5.300000000000000000e+01
4.000000000000000000e+00 4.500000000000000000e+01
3.000000000000000000e+00 4.000000000000000000e+01
3.000000000000000000e+01 2.100000000000000000e+01
3.100000000000000000e+01 9.000000000000000000e+00
3.200000000000000000e+01 7.000000000000000000e+00
3.400000000000000000e+01 4.000000000000000000e+00
3.300000000000000000e+01 3.000000000000000000e+00
3.800000000000000000e+01 1.000000000000000000e+00
3.700000000000000000e+01 1.000000000000000000e+00
3.500000000000000000e+01 1.000000000000000000e+00

1.000000000000000000e+00 2.532482000000000000e+06
1.500000000000000000e+01 4.949000000000000000e+03
1.400000000000000000e+01 4.934000000000000000e+03
1.600000000000000000e+01 4.836000000000000000e+03
1.300000000000000000e+01 4.415000000000000000e+03
1.700000000000000000e+01 4.338000000000000000e+03
1.200000000000000000e+01 3.740000000000000000e+03
1.800000000000000000e+01 3.698000000000000000e+03
1.900000000000000000e+01 3.068000000000000000e+03
1.100000000000000000e+01 2.863000000000000000e+03
2.000000000000000000e+01 2.334000000000000000e+03
1.000000000000000000e+01 2.139000000000000000e+03
2.100000000000000000e+01 1.817000000000000000e+03
9.000000000000000000e+00 1.405000000000000000e+03
2.200000000000000000e+01 1.210000000000000000e+03
2.300000000000000000e+01 9.190000000000000000e+02
8.000000000000000000e+00 9.130000000000000000e+02
2.400000000000000000e+01 5.300000000000000000e+02
7.000000000000000000e+00 4.880000000000000000e+02
2.500000000000000000e+01 3.200000000000000000e+02
6.000000000000000000e+00 2.530000000000000000e+02
2.600000000000000000e+01 2.090000000000000000e+02
5.000000000000000000e+00 1.380000000000000000e+02
2.700000000000000000e+01 1.140000000000000000e+02
4.000000000000000000e+00 8.100000000000000000e+01
2.800000000000000000e+01 8.100000000000000000e+01
2.000000000000000000e+00 6.700000000000000000e+01
3.000000000000000000e+00 4.600000000000000000e+01
2.900000000000000000e+01 4.000000000000000000e+01
3.000000000000000000e+01 2.500000000000000000e+01
3.100000000000000000e+01 1.700000000000000000e+01
3.400000000000000000e+01 4.000000000000000000e+00
3.300000000000000000e+01 3.000000000000000000e+00
3.200000000000000000e+01 2.000000000000000000e+00
3.700000000000000000e+01 1.000000000000000000e+00
3.500000000000000000e+01 1.000000000000000000e+00

1.000000000000000000e+00 2.553624000000000000e+06
1.500000000000000000e+01 4.873000000000000000e+03
1.400000000000000000e+01 4.791000000000000000e+03
1.600000000000000000e+01 4.592000000000000000e+03
1.300000000000000000e+01 4.467000000000000000e+03
1.700000000000000000e+01 4.126000000000000000e+03
1.200000000000000000e+01 4.065000000000000000e+03
1.800000000000000000e+01 3.428000000000000000e+03
1.100000000000000000e+01 3.205000000000000000e+03
1.900000000000000000e+01 2.695000000000000000e+03
1.000000000000000000e+01 2.472000000000000000e+03
2.000000000000000000e+01 2.108000000000000000e+03
9.000000000000000000e+00 1.711000000000000000e+03
2.100000000000000000e+01 1.589000000000000000e+03
2.200000000000000000e+01 1.138000000000000000e+03
8.000000000000000000e+00 1.128000000000000000e+03
2.300000000000000000e+01 7.540000000000000000e+02
7.000000000000000000e+00 7.110000000000000000e+02
2.400000000000000000e+01 4.880000000000000000e+02
6.000000000000000000e+00 4.020000000000000000e+02
2.500000000000000000e+01 3.060000000000000000e+02
5.000000000000000000e+00 1.930000000000000000e+02
2.600000000000000000e+01 1.860000000000000000e+02
4.000000000000000000e+00 1.240000000000000000e+02
2.000000000000000000e+00 1.140000000000000000e+02
2.700000000000000000e+01 9.300000000000000000e+01
3.000000000000000000e+00 8.700000000000000000e+01
2.800000000000000000e+01 6.800000000000000000e+01
2.900000000000000000e+01 4.200000000000000000e+01
3.000000000000000000e+01 2.000000000000000000e+01
3.100000000000000000e+01 1.500000000000000000e+01
3.200000000000000000e+01 7.000000000000000000e+00
3.600000000000000000e+01 1.000000000000000000e+00
3.300000000000000000e+01 1.000000000000000000e+00

1.000000000000000000e+00 2.572650000000000000e+06
1.400000000000000000e+01 4.768000000000000000e+03
1.500000000000000000e+01 4.661000000000000000e+03
1.300000000000000000e+01 4.587000000000000000e+03
1.600000000000000000e+01 4.335000000000000000e+03
1.200000000000000000e+01 4.111000000000000000e+03
1.700000000000000000e+01 3.851000000000000000e+03
1.100000000000000000e+01 3.493000000000000000e+03
1.800000000000000000e+01 3.133000000000000000e+03
1.000000000000000000e+01 2.772000000000000000e+03
1.900000000000000000e+01 2.526000000000000000e+03
9.000000000000000000e+00 2.022000000000000000e+03
2.000000000000000000e+01 1.976000000000000000e+03
8.000000000000000000e+00 1.383000000000000000e+03
2.100000000000000000e+01 1.353000000000000000e+03
2.200000000000000000e+01 1.022000000000000000e+03
7.000000000000000000e+00 9.220000000000000000e+02
2.300000000000000000e+01 7.000000000000000000e+02
6.000000000000000000e+00 5.180000000000000000e+02
2.400000000000000000e+01 4.270000000000000000e+02
2.500000000000000000e+01 2.890000000000000000e+02
5.000000000000000000e+00 2.810000000000000000e+02
4.000000000000000000e+00 1.900000000000000000e+02
2.000000000000000000e+00 1.760000000000000000e+02
2.600000000000000000e+01 1.660000000000000000e+02
3.000000000000000000e+00 1.350000000000000000e+02
2.700000000000000000e+01 9.800000000000000000e+01
2.800000000000000000e+01 5.100000000000000000e+01
2.900000000000000000e+01 4.100000000000000000e+01
3.000000000000000000e+01 1.500000000000000000e+01
3.100000000000000000e+01 1.300000000000000000e+01
3.200000000000000000e+01 4.000000000000000000e+00
3.300000000000000000e+01 2.000000000000000000e+00

1.000000000000000000e+00 2.597160000000000000e+06
1.300000000000000000e+01 4.728000000000000000e+03
1.400000000000000000e+01 4.688000000000000000e+03
1.500000000000000000e+01 4.536000000000000000e+03
1.200000000000000000e+01 4.295000000000000000e+03
1.600000000000000000e+01 4.046000000000000000e+03
1.100000000000000000e+01 3.820000000000000000e+03
1.700000000000000000e+01 3.514000000000000000e+03
1.000000000000000000e+01 3.075000000000000000e+03
1.800000000000000000e+01 2.933000000000000000e+03
9.000000000000000000e+00 2.414000000000000000e+03
1.900000000000000000e+01 2.226000000000000000e+03
8.000000000000000000e+00 1.676000000000000000e+03
2.000000000000000000e+01 1.632000000000000000e+03
2.100000000000000000e+01 1.203000000000000000e+03
7.000000000000000000e+00 1.100000000000000000e+03
2.200000000000000000e+01 8.400000000000000000e+02
6.000000000000000000e+00 7.410000000000000000e+02
2.300000000000000000e+01 5.490000000000000000e+02
5.000000000000000000e+00 4.090000000000000000e+02
2.400000000000000000e+01 3.540000000000000000e+02
4.000000000000000000e+00 2.750000000000000000e+02
2.000000000000000000e+00 2.450000000000000000e+02
2.500000000000000000e+01 2.280000000000000000e+02
3.000000000000000000e+00 1.990000000000000000e+02
2.600000000000000000e+01 1.490000000000000000e+02
2.700000000000000000e+01 8.600000000000000000e+01
2.800000000000000000e+01 4.500000000000000000e+01
2.900000000000000000e+01 3.300000000000000000e+01
3.000000000000000000e+01 1.300000000000000000e+01
3.100000000000000000e+01 9.000000000000000000e+00
3.200000000000000000e+01 1.000000000000000000e+00

1.000000000000000000e+00 2.624570000000000000e+06
1.300000000000000000e+01 4.617000000000000000e+03
1.400000000000000000e+01 4.588000000000000000e+03
1.200000000000000000e+01 4.526000000000000000e+03
1.500000000000000000e+01 4.156000000000000000e+03
1.100000000000000000e+01 4.035000000000000000e+03
1.600000000000000000e+01 3.767000000000000000e+03
1.000000000000000000e+01 3.548000000000000000e+03
1.700000000000000000e+01 3.127000000000000000e+03
9.000000000000000000e+00 2.780000000000000000e+03
1.800000000000000000e+01 2.560000000000000000e+03
8.000000000000000000e+00 2.087000000000000000e+03
1.900000000000000000e+01 2.044000000000000000e+03
2.000000000000000000e+01 1.442000000000000000e+03
7.000000000000000000e+00 1.428000000000000000e+03
2.100000000000000000e+01 1.024000000000000000e+03
6.000000000000000000e+00 9.440000000000000000e+02
2.200000000000000000e+01 7.000000000000000000e+02
5.000000000000000000e+00 5.620000000000000000e+02
2.300000000000000000e+01 4.540000000000000000e+02
4.000000000000000000e+00 3.550000000000000000e+02
2.000000000000000000e+00 3.500000000000000000e+02
2.400000000000000000e+01 2.980000000000000000e+02
3.000000000000000000e+00 2.680000000000000000e+02
2.500000000000000000e+01 1.700000000000000000e+02
2.600000000000000000e+01 8.600000000000000000e+01
2.700000000000000000e+01 5.600000000000000000e+01
2.800000000000000000e+01 3.500000000000000000e+01
2.900000000000000000e+01 1.600000000000000000e+01
3.000000000000000000e+01 1.100000000000000000e+01
3.100000000000000000e+01 3.000000000000000000e+00

1.000000000000000000e+00 2.654733000000000000e+06
1.200000000000000000e+01 4.660000000000000000e+03
1.300000000000000000e+01 4.636000000000000000e+03
1.400000000000000000e+01 4.413000000000000000e+03
1.100000000000000000e+01 4.251000000000000000e+03
1.500000000000000000e+01 3.943000000000000000e+03
1.000000000000000000e+01 3.873000000000000000e+03
1.600000000000000000e+01 3.362000000000000000e+03
9.000000000000000000e+00 3.195000000000000000e+03
1.700000000000000000e+01 2.819000000000000000e+03
8.000000000000000000e+00 2.435000000000000000e+03
1.800000000000000000e+01 2.227000000000000000e+03
7.000000000000000000e+00 1.795000000000000000e+03
1.900000000000000000e+01 1.592000000000000000e+03
6.000000000000000000e+00 1.235000000000000000e+03
2.000000000000000000e+01 1.141000000000000000e+03
2.100000000000000000e+01 8.230000000000000000e+02
5.000000000000000000e+00 8.070000000000000000e+02
2.200000000000000000e+01 5.680000000000000000e+02
4.000000000000000000e+00 5.100000000000000000e+02
2.000000000000000000e+00 4.850000000000000000e+02
3.000000000000000000e+00 3.920000000000000000e+02
2.300000000000000000e+01 3.740000000000000000e+02
2.400000000000000000e+01 1.970000000000000000e+02
2.500000000000000000e+01 1.530000000000000000e+02
2.600000000000000000e+01 8.100000000000000000e+01
2.700000000000000000e+01 4.700000000000000000e+01
2.800000000000000000e+01 2.700000000000000000e+01
2.900000000000000000e+01 6.000000000000000000e+00
3.000000000000000000e+01 3.000000000000000000e+00
3.200000000000000000e+01 1.000000000000000000e+00

1.000000000000000000e+00 2.689878000000000000e+06
1.200000000000000000e+01 4.645000000000000000e+03
1.100000000000000000e+01 4.530000000000000000e+03
1.300000000000000000e+01 4.511000000000000000e+03
1.400000000000000000e+01 4.170000000000000000e+03
1.000000000000000000e+01 4.127000000000000000e+03
9.000000000000000000e+00 3.604000000000000000e+03
1.500000000000000000e+01 3.588000000000000000e+03
1.600000000000000000e+01 3.029000000000000000e+03
8.000000000000000000e+00 2.856000000000000000e+03
1.700000000000000000e+01 2.402000000000000000e+03
7.000000000000000000e+00 2.160000000000000000e+03
1.800000000000000000e+01 1.778000000000000000e+03
6.000000000000000000e+00 1.570000000000000000e+03
1.900000000000000000e+01 1.331000000000000000e+03
5.000000000000000000e+00 1.116000000000000000e+03
2.000000000000000000e+01 9.050000000000000000e+02
2.000000000000000000e+00 7.320000000000000000e+02
4.000000000000000000e+00 6.850000000000000000e+02
2.100000000000000000e+01 6.550000000000000000e+02
3.000000000000000000e+00 6.190000000000000000e+02
2.200000000000000000e+01 3.930000000000000000e+02
2.300000000000000000e+01 2.630000000000000000e+02
2.400000000000000000e+01 1.580000000000000000e+02
2.500000000000000000e+01 6.900000000000000000e+01
2.600000000000000000e+01 4.000000000000000000e+01
2.700000000000000000e+01 2.100000000000000000e+01
2.800000000000000000e+01 1.800000000000000000e+01
2.900000000000000000e+01 5.000000000000000000e+00
3.000000000000000000e+01 2.000000000000000000e+00

1.000000000000000000e+00 2.736591000000000000e+06
1.100000000000000000e+01 4.611000000000000000e+03
1.200000000000000000e+01 4.447000000000000000e+03
1.000000000000000000e+01 4.323000000000000000e+03
1.300000000000000000e+01 4.120000000000000000e+03
9.000000000000000000e+00 4.082000000000000000e+03
1.400000000000000000e+01 3.663000000000000000e+03
8.000000000000000000e+00 3.384000000000000000e+03
1.500000000000000000e+01 2.993000000000000000e+03
7.000000000000000000e+00 2.794000000000000000e+03
1.600000000000000000e+01 2.545000000000000000e+03
6.000000000000000000e+00 2.126000000000000000e+03
1.700000000000000000e+01 1.920000000000000000e+03
5.000000000000000000e+00 1.538000000000000000e+03
1.800000000000000000e+01 1.334000000000000000e+03
4.000000000000000000e+00 1.163000000000000000e+03
2.000000000000000000e+00 1.144000000000000000e+03
3.000000000000000000e+00 9.930000000000000000e+02
1.900000000000000000e+01 9.650000000000000000e+02
2.000000000000000000e+01 6.960000000000000000e+02
2.100000000000000000e+01 4.300000000000000000e+02
2.200000000000000000e+01 2.720000000000000000e+02
2.300000000000000000e+01 1.530000000000000000e+02
2.400000000000000000e+01 8.800000000000000000e+01
2.500000000000000000e+01 4.100000000000000000e+01
2.600000000000000000e+01 3.500000000000000000e+01
2.700000000000000000e+01 7.000000000000000000e+00
2.800000000000000000e+01 5.000000000000000000e+00
2.900000000000000000e+01 2.000000000000000000e+00
3.000000000000000000e+01 1.000000000000000000e+00

1.000000000000000000e+00 2.793142000000000000e+06
1.000000000000000000e+01 4.461000000000000000e+03
1.100000000000000000e+01 4.320000000000000000e+03
9.000000000000000000e+00 4.216000000000000000e+03
1.200000000000000000e+01 3.986000000000000000e+03
8.000000000000000000e+00 3.877000000000000000e+03
1.300000000000000000e+01 3.598000000000000000e+03
7.000000000000000000e+00 3.516000000000000000e+03
1.400000000000000000e+01 3.006000000000000000e+03
6.000000000000000000e+00 2.844000000000000000e+03
1.500000000000000000e+01 2.352000000000000000e+03
5.000000000000000000e+00 2.210000000000000000e+03
1.600000000000000000e+01 1.872000000000000000e+03
2.000000000000000000e+00 1.867000000000000000e+03
4.000000000000000000e+00 1.764000000000000000e+03
3.000000000000000000e+00 1.442000000000000000e+03
1.700000000000000000e+01 1.394000000000000000e+03
1.800000000000000000e+01 1.019000000000000000e+03
1.900000000000000000e+01 6.560000000000000000e+02
2.000000000000000000e+01 4.250000000000000000e+02
2.100000000000000000e+01 2.910000000000000000e+02
2.200000000000000000e+01 1.700000000000000000e+02
2.300000000000000000e+01 7.500000000000000000e+01
2.400000000000000000e+01 3.000000000000000000e+01
2.500000000000000000e+01 2.400000000000000000e+01
2.600000000000000000e+01 4.000000000000000000e+00

1.000000000000000000e+00 2.857268000000000000e+06
9.000000000000000000e+00 4.335000000000000000e+03
8.000000000000000000e+00 4.246000000000000000e+03
1.000000000000000000e+01 4.210000000000000000e+03
7.000000000000000000e+00 4.035000000000000000e+03
1.100000000000000000e+01 3.763000000000000000e+03
6.000000000000000000e+00 3.571000000000000000e+03
1.200000000000000000e+01 3.390000000000000000e+03
5.000000000000000000e+00 3.012000000000000000e+03
2.000000000000000000e+00 3.007000000000000000e+03
1.300000000000000000e+01 2.846000000000000000e+03
4.000000000000000000e+00 2.493000000000000000e+03
3.000000000000000000e+00 2.324000000000000000e+03
1.400000000000000000e+01 2.316000000000000000e+03
1.500000000000000000e+01 1.716000000000000000e+03
1.600000000000000000e+01 1.281000000000000000e+03
1.700000000000000000e+01 8.950000000000000000e+02
1.800000000000000000e+01 5.900000000000000000e+02
1.900000000000000000e+01 3.610000000000000000e+02
2.000000000000000000e+01 2.270000000000000000e+02
2.100000000000000000e+01 1.220000000000000000e+02
2.200000000000000000e+01 6.200000000000000000e+01
2.300000000000000000e+01 2.500000000000000000e+01
2.400000000000000000e+01 1.300000000000000000e+01
2.600000000000000000e+01 3.000000000000000000e+00
2.700000000000000000e+01 2.000000000000000000e+00
2.500000000000000000e+01 2.000000000000000000e+00

1.000000000000000000e+00 2.924935000000000000e+06
8.000000000000000000e+00 4.560000000000000000e+03
7.000000000000000000e+00 4.416000000000000000e+03
6.000000000000000000e+00 4.411000000000000000e+03
9.000000000000000000e+00 4.182000000000000000e+03
2.000000000000000000e+00 4.107000000000000000e+03
5.000000000000000000e+00 3.937000000000000000e+03
1.000000000000000000e+01 3.717000000000000000e+03
4.000000000000000000e+00 3.461000000000000000e+03
3.000000000000000000e+00 3.255000000000000000e+03
1.100000000000000000e+01 3.129000000000000000e+03
1.200000000000000000e+01 2.527000000000000000e+03
1.300000000000000000e+01 1.987000000000000000e+03
1.400000000000000000e+01 1.453000000000000000e+03
1.500000000000000000e+01 1.002000000000000000e+03
1.600000000000000000e+01 7.740000000000000000e+02
1.700000000000000000e+01 3.900000000000000000e+02
1.800000000000000000e+01 2.420000000000000000e+02
1.900000000000000000e+01 1.610000000000000000e+02
2.000000000000000000e+01 7.000000000000000000e+01
2.100000000000000000e+01 2.400000000000000000e+01
2.200000000000000000e+01 1.700000000000000000e+01
2.300000000000000000e+01 5.000000000000000000e+00
2.400000000000000000e+01 3.000000000000000000e+00
2.500000000000000000e+01 1.000000000000000000e+00
2.600000000000000000e+01 1.000000000000000000e+00

1.000000000000000000e+00 2.984786000000000000e+06
2.000000000000000000e+00 5.510000000000000000e+03
6.000000000000000000e+00 4.939000000000000000e+03
5.000000000000000000e+00 4.712000000000000000e+03
7.000000000000000000e+00 4.690000000000000000e+03
4.000000000000000000e+00 4.345000000000000000e+03
8.000000000000000000e+00 4.289000000000000000e+03
3.000000000000000000e+00 4.255000000000000000e+03
9.000000000000000000e+00 3.723000000000000000e+03
1.000000000000000000e+01 3.079000000000000000e+03
1.100000000000000000e+01 2.307000000000000000e+03
1.200000000000000000e+01 1.727000000000000000e+03
1.300000000000000000e+01 1.136000000000000000e+03
1.400000000000000000e+01 8.020000000000000000e+02
1.500000000000000000e+01 4.660000000000000000e+02
1.600000000000000000e+01 2.810000000000000000e+02
1.700000000000000000e+01 1.600000000000000000e+02
1.800000000000000000e+01 9.100000000000000000e+01
1.900000000000000000e+01 4.600000000000000000e+01
2.000000000000000000e+01 1.600000000000000000e+01
2.100000000000000000e+01 9.000000000000000000e+00
2.300000000000000000e+01 2.000000000000000000e+00
2.400000000000000000e+01 1.000000000000000000e+00
2.200000000000000000e+01 1.000000000000000000e+00

1.000000000000000000e+00 3.038978000000000000e+06
2.000000000000000000e+00 6.904000000000000000e+03
3.000000000000000000e+00 5.298000000000000000e+03
5.000000000000000000e+00 5.243000000000000000e+03
4.000000000000000000e+00 5.183000000000000000e+03
6.000000000000000000e+00 5.048000000000000000e+03
7.000000000000000000e+00 4.511000000000000000e+03
8.000000000000000000e+00 3.652000000000000000e+03
9.000000000000000000e+00 2.911000000000000000e+03
1.000000000000000000e+01 2.069000000000000000e+03
1.100000000000000000e+01 1.479000000000000000e+03
1.200000000000000000e+01 9.380000000000000000e+02
1.300000000000000000e+01 5.890000000000000000e+02
1.400000000000000000e+01 3.550000000000000000e+02
1.500000000000000000e+01 1.970000000000000000e+02
1.600000000000000000e+01 9.800000000000000000e+01
1.700000000000000000e+01 5.200000000000000000e+01
1.800000000000000000e+01 3.200000000000000000e+01
1.900000000000000000e+01 1.200000000000000000e+01
2.000000000000000000e+01 2.000000000000000000e+00

1.000000000000000000e+00 3.085157000000000000e+06
2.000000000000000000e+00 8.442000000000000000e+03
3.000000000000000000e+00 6.149000000000000000e+03
4.000000000000000000e+00 5.662000000000000000e+03
5.000000000000000000e+00 5.425000000000000000e+03
6.000000000000000000e+00 4.688000000000000000e+03
7.000000000000000000e+00 3.840000000000000000e+03
8.000000000000000000e+00 2.840000000000000000e+03
9.000000000000000000e+00 1.953000000000000000e+03
1.000000000000000000e+01 1.281000000000000000e+03
1.100000000000000000e+01 7.740000000000000000e+02
1.200000000000000000e+01 4.420000000000000000e+02
1.300000000000000000e+01 2.840000000000000000e+02
1.400000000000000000e+01 1.510000000000000000e+02
1.500000000000000000e+01 7.700000000000000000e+01
1.600000000000000000e+01 3.000000000000000000e+01
1.700000000000000000e+01 1.600000000000000000e+01
1.900000000000000000e+01 3.000000000000000000e+00
1.800000000000000000e+01 2.000000000000000000e+00

1.000000000000000000e+00 3.136746000000000000e+06
2.000000000000000000e+00 1.033100000000000000e+04
3.000000000000000000e+00 7.023000000000000000e+03
4.000000000000000000e+00 5.715000000000000000e+03
5.000000000000000000e+00 4.666000000000000000e+03
6.000000000000000000e+00 3.757000000000000000e+03
7.000000000000000000e+00 2.500000000000000000e+03
8.000000000000000000e+00 1.639000000000000000e+03
9.000000000000000000e+00 1.019000000000000000e+03
1.000000000000000000e+01 5.700000000000000000e+02
1.100000000000000000e+01 3.160000000000000000e+02
1.200000000000000000e+01 1.510000000000000000e+02
1.300000000000000000e+01 7.900000000000000000e+01
1.400000000000000000e+01 4.100000000000000000e+01
1.500000000000000000e+01 1.600000000000000000e+01
1.600000000000000000e+01 9.000000000000000000e+00
1.700000000000000000e+01 1.000000000000000000e+00
1.800000000000000000e+01 1.000000000000000000e+00

1.000000000000000000e+00 3.166720000000000000e+06
2.000000000000000000e+00 1.100800000000000000e+04
3.000000000000000000e+00 7.315000000000000000e+03
4.000000000000000000e+00 5.572000000000000000e+03
5.000000000000000000e+00 4.160000000000000000e+03
6.000000000000000000e+00 2.826000000000000000e+03
7.000000000000000000e+00 1.766000000000000000e+03
8.000000000000000000e+00 9.300000000000000000e+02
9.000000000000000000e+00 5.220000000000000000e+02
1.000000000000000000e+01 2.620000000000000000e+02
1.100000000000000000e+01 1.060000000000000000e+02
1.200000000000000000e+01 5.100000000000000000e+01
1.300000000000000000e+01 2.000000000000000000e+01
1.400000000000000000e+01 4.000000000000000000e+00
1.500000000000000000e+01 3.000000000000000000e+00
1.600000000000000000e+01 1.000000000000000000e+00

1.000000000000000000e+00 3.186464000000000000e+06
2.000000000000000000e+00 1.149700000000000000e+04
3.000000000000000000e+00 7.263000000000000000e+03
4.000000000000000000e+00 5.045000000000000000e+03
5.000000000000000000e+00 3.535000000000000000e+03
6.000000000000000000e+00 2.164000000000000000e+03
7.000000000000000000e+00 1.250000000000000000e+03
8.000000000000000000e+00 5.720000000000000000e+02
9.000000000000000000e+00 2.880000000000000000e+02
1.000000000000000000e+01 1.230000000000000000e+02
1.100000000000000000e+01 4.300000000000000000e+01
1.200000000000000000e+01 1.200000000000000000e+01
1.300000000000000000e+01 7.000000000000000000e+00
1.400000000000000000e+01 3.000000000000000000e+00
1.600000000000000000e+01 1.000000000000000000e+00

1.000000000000000000e+00 3.203572000000000000e+06
2.000000000000000000e+00 1.185300000000000000e+04
3.000000000000000000e+00 6.782000000000000000e+03
4.000000000000000000e+00 4.514000000000000000e+03
5.000000000000000000e+00 2.842000000000000000e+03
6.000000000000000000e+00 1.520000000000000000e+03
7.000000000000000000e+00 8.100000000000000000e+02
8.000000000000000000e+00 3.760000000000000000e+02
9.000000000000000000e+00 1.580000000000000000e+02
1.000000000000000000e+01 4.900000000000000000e+01
1.100000000000000000e+01 2.000000000000000000e+01
1.200000000000000000e+01 1.500000000000000000e+01

1.000000000000000000e+00 3.217760000000000000e+06
2.000000000000000000e+00 1.190400000000000000e+04
3.000000000000000000e+00 6.389000000000000000e+03
4.000000000000000000e+00 3.896000000000000000e+03
5.000000000000000000e+00 2.110000000000000000e+03
6.000000000000000000e+00 1.088000000000000000e+03
7.000000000000000000e+00 4.890000000000000000e+02
8.000000000000000000e+00 2.400000000000000000e+02
9.000000000000000000e+00 9.500000000000000000e+01
1.000000000000000000e+01 2.700000000000000000e+01
1.100000000000000000e+01 9.000000000000000000e+00
1.200000000000000000e+01 3.000000000000000000e+00

1.000000000000000000e+00 3.225355000000000000e+06
2.000000000000000000e+00 1.182500000000000000e+04
3.000000000000000000e+00 6.121000000000000000e+03
4.000000000000000000e+00 3.471000000000000000e+03
5.000000000000000000e+00 1.889000000000000000e+03
6.000000000000000000e+00 8.730000000000000000e+02
7.000000000000000000e+00 3.430000000000000000e+02
8.000000000000000000e+00 1.380000000000000000e+02
9.000000000000000000e+00 4.300000000000000000e+01
1.000000000000000000e+01 1.500000000000000000e+01
1.200000000000000000e+01 1.000000000000000000e+00
1.100000000000000000e+01 1.000000000000000000e+00

1.000000000000000000e+00 3.231257000000000000e+06
2.000000000000000000e+00 1.160100000000000000e+04
3.000000000000000000e+00 5.947000000000000000e+03
4.000000000000000000e+00 3.258000000000000000e+03
5.000000000000000000e+00 1.582000000000000000e+03
6.000000000000000000e+00 6.570000000000000000e+02
7.000000000000000000e+00 2.540000000000000000e+02
8.000000000000000000e+00 8.700000000000000000e+01
9.000000000000000000e+00 2.300000000000000000e+01
1.000000000000000000e+01 8.000000000000000000e+00
1.100000000000000000e+01 5.000000000000000000e+00

1.000000000000000000e+00 3.238455000000000000e+06
2.000000000000000000e+00 1.124300000000000000e+04
3.000000000000000000e+00 5.447000000000000000e+03
4.000000000000000000e+00 2.799000000000000000e+03
5.000000000000000000e+00 1.273000000000000000e+03
6.000000000000000000e+00 5.400000000000000000e+02
7.000000000000000000e+00 1.540000000000000000e+02
8.000000000000000000e+00 7.800000000000000000e+01
9.000000000000000000e+00 1.400000000000000000e+01
1.100000000000000000e+01 4.000000000000000000e+00
1.000000000000000000e+01 3.000000000000000000e+00
1.500000000000000000e+01 1.000000000000000000e+00

1.000000000000000000e+00 3.239834000000000000e+06
2.000000000000000000e+00 1.119900000000000000e+04
3.000000000000000000e+00 5.428000000000000000e+03
4.000000000000000000e+00 2.809000000000000000e+03
5.000000000000000000e+00 1.208000000000000000e+03
6.000000000000000000e+00 4.430000000000000000e+02
7.000000000000000000e+00 1.570000000000000000e+02
8.000000000000000000e+00 3.700000000000000000e+01
9.000000000000000000e+00 1.500000000000000000e+01
1.000000000000000000e+01 2.000000000000000000e+00

1.000000000000000000e+00 3.242334000000000000e+06
2.000000000000000000e+00 1.103800000000000000e+04
3.000000000000000000e+00 5.148000000000000000e+03
4.000000000000000000e+00 2.663000000000000000e+03
5.000000000000000000e+00 1.143000000000000000e+03
6.000000000000000000e+00 4.340000000000000000e+02
7.000000000000000000e+00 1.170000000000000000e+02
8.000000000000000000e+00 2.500000000000000000e+01
9.000000000000000000e+00 1.400000000000000000e+01
1.000000000000000000e+01 3.000000000000000000e+00

1.000000000000000000e+00 2.489828000000000000e+06
1.600000000000000000e+01 5.469000000000000000e+03
1.500000000000000000e+01 5.216000000000000000e+03
1.700000000000000000e+01 5.140000000000000000e+03
1.400000000000000000e+01 4.763000000000000000e+03
1.800000000000000000e+01 4.561000000000000000e+03
1.300000000000000000e+01 3.920000000000000000e+03
1.900000000000000000e+01 3.759000000000000000e+03
1.200000000000000000e+01 3.037000000000000000e+03
2.000000000000000000e+01 2.944000000000000000e+03
2.100000000000000000e+01 2.238000000000000000e+03
1.100000000000000000e+01 2.129000000000000000e+03
2.200000000000000000e+01 1.506000000000000000e+03
1.000000000000000000e+01 1.275000000000000000e+03
2.300000000000000000e+01 1.055000000000000000e+03
9.000000000000000000e+00 7.340000000000000000e+02
2.400000000000000000e+01 6.060000000000000000e+02
8.000000000000000000e+00 4.030000000000000000e+02
2.500000000000000000e+01 3.940000000000000000e+02
2.600000000000000000e+01 2.350000000000000000e+02
7.000000000000000000e+00 1.760000000000000000e+02
2.700000000000000000e+01 1.400000000000000000e+02
2.800000000000000000e+01 5.900000000000000000e+01
6.000000000000000000e+00 4.400000000000000000e+01
2.900000000000000000e+01 3.700000000000000000e+01
5.000000000000000000e+00 3.500000000000000000e+01
2.000000000000000000e+00 2.200000000000000000e+01
3.000000000000000000e+01 2.100000000000000000e+01
4.000000000000000000e+00 2.000000000000000000e+01
3.100000000000000000e+01 1.300000000000000000e+01
3.000000000000000000e+00 1.100000000000000000e+01
3.200000000000000000e+01 4.000000000000000000e+00
3.300000000000000000e+01 2.000000000000000000e+00
3.400000000000000000e+01 1.000000000000000000e+00
3.600000000000000000e+01 1.000000000000000000e+00
3.500000000000000000e+01 1.000000000000000000e+00

1.000000000000000000e+00 2.496734000000000000e+06
1.500000000000000000e+01 5.272000000000000000e+03
1.600000000000000000e+01 5.234000000000000000e+03
1.700000000000000000e+01 4.909000000000000000e+03
1.400000000000000000e+01 4.737000000000000000e+03
1.800000000000000000e+01 4.378000000000000000e+03
1.300000000000000000e+01 4.126000000000000000e+03
1.900000000000000000e+01 3.624000000000000000e+03
1.200000000000000000e+01 3.121000000000000000e+03
2.000000000000000000e+01 2.782000000000000000e+03
1.100000000000000000e+01 2.286000000000000000e+03
2.100000000000000000e+01 2.111000000000000000e+03
2.200000000000000000e+01 1.508000000000000000e+03
1.000000000000000000e+01 1.471000000000000000e+03
2.300000000000000000e+01 1.053000000000000000e+03
9.000000000000000000e+00 8.760000000000000000e+02
2.400000000000000000e+01 6.010000000000000000e+02
8.000000000000000000e+00 4.570000000000000000e+02
2.500000000000000000e+01 4.040000000000000000e+02
2.600000000000000000e+01 2.560000000000000000e+02
7.000000000000000000e+00 2.310000000000000000e+02
2.700000000000000000e+01 1.340000000000000000e+02
6.000000000000000000e+00 9.900000000000000000e+01
2.800000000000000000e+01 9.900000000000000000e+01
5.000000000000000000e+00 5.200000000000000000e+01
2.900000000000000000e+01 4.900000000000000000e+01
2.000000000000000000e+00 2.600000000000000000e+01
3.000000000000000000e+01 2.500000000000000000e+01
3.000000000000000000e+00 1.800000000000000000e+01
4.000000000000000000e+00 1.700000000000000000e+01
3.100000000000000000e+01 8.000000000000000000e+00
3.200000000000000000e+01 8.000000000000000000e+00
3.300000000000000000e+01 5.000000000000000000e+00
3.400000000000000000e+01 2.000000000000000000e+00
3.600000000000000000e+01 1.000000000000000000e+00

1.000000000000000000e+00 2.508531000000000000e+06
1.500000000000000000e+01 5.136000000000000000e+03
1.600000000000000000e+01 5.018000000000000000e+03
1.400000000000000000e+01 4.774000000000000000e+03
1.700000000000000000e+01 4.686000000000000000e+03
1.300000000000000000e+01 4.129000000000000000e+03
1.800000000000000000e+01 4.087000000000000000e+03
1.200000000000000000e+01 3.521000000000000000e+03
1.900000000000000000e+01 3.422000000000000000e+03
2.000000000000000000e+01 2.645000000000000000e+03
1.100000000000000000e+01 2.520000000000000000e+03
2.100000000000000000e+01 2.007000000000000000e+03
1.000000000000000000e+01 1.753000000000000000e+03
2.200000000000000000e+01 1.380000000000000000e+03
9.000000000000000000e+00 1.044000000000000000e+03
2.300000000000000000e+01 9.770000000000000000e+02
2.400000000000000000e+01 6.250000000000000000e+02
8.000000000000000000e+00 5.800000000000000000e+02
2.500000000000000000e+01 3.990000000000000000e+02
7.000000000000000000e+00 2.950000000000000000e+02
2.600000000000000000e+01 2.490000000000000000e+02
2.700000000000000000e+01 1.740000000000000000e+02
6.000000000000000000e+00 1.510000000000000000e+02
5.000000000000000000e+00 8.600000000000000000e+01
2.800000000000000000e+01 8.400000000000000000e+01
2.900000000000000000e+01 5.800000000000000000e+01
2.000000000000000000e+00 5.600000000000000000e+01
4.000000000000000000e+00 4.000000000000000000e+01
3.000000000000000000e+01 3.400000000000000000e+01
3.000000000000000000e+00 3.300000000000000000e+01
3.100000000000000000e+01 1.500000000000000000e+01
3.200000000000000000e+01 1.000000000000000000e+01
3.300000000000000000e+01 3.000000000000000000e+00
3.600000000000000000e+01 1.000000000000000000e+00
3.800000000000000000e+01 1.000000000000000000e+00
3.500000000000000000e+01 1.000000000000000000e+00

1.000000000000000000e+00 2.521229000000000000e+06
1.500000000000000000e+01 4.890000000000000000e+03
1.600000000000000000e+01 4.829000000000000000e+03
1.400000000000000000e+01 4.703000000000000000e+03
1.700000000000000000e+01 4.408000000000000000e+03
1.300000000000000000e+01 4.319000000000000000e+03
1.800000000000000000e+01 3.934000000000000000e+03
1.200000000000000000e+01 3.408000000000000000e+03
1.900000000000000000e+01 3.090000000000000000e+03
1.100000000000000000e+01 2.846000000000000000e+03
2.000000000000000000e+01 2.542000000000000000e+03
1.000000000000000000e+01 1.945000000000000000e+03
2.100000000000000000e+01 1.842000000000000000e+03
2.200000000000000000e+01 1.424000000000000000e+03
9.000000000000000000e+00 1.335000000000000000e+03
2.300000000000000000e+01 9.270000000000000000e+02
8.000000000000000000e+00 8.350000000000000000e+02
2.400000000000000000e+01 6.520000000000000000e+02
7.000000000000000000e+00 4.590000000000000000e+02
2.500000000000000000e+01 4.050000000000000000e+02
2.600000000000000000e+01 2.480000000000000000e+02
6.000000000000000000e+00 2.420000000000000000e+02
2.700000000000000000e+01 1.770000000000000000e+02
5.000000000000000000e+00 1.240000000000000000e+02
2.800000000000000000e+01 1.010000000000000000e+02
2.000000000000000000e+00 7.800000000000000000e+01
4.000000000000000000e+00 6.700000000000000000e+01
3.000000000000000000e+00 5.600000000000000000e+01
2.900000000000000000e+01 4.900000000000000000e+01
3.000000000000000000e+01 2.500000000000000000e+01
3.100000000000000000e+01 2.200000000000000000e+01
3.200000000000000000e+01 1.100000000000000000e+01
3.300000000000000000e+01 3.000000000000000000e+00
3.400000000000000000e+01 2.000000000000000000e+00
3.800000000000000000e+01 1.000000000000000000e+00
3.600000000000000000e+01 1.000000000000000000e+00
4.100000000000000000e+01 1.000000000000000000e+00

1.000000000000000000e+00 2.538888000000000000e+06
1.400000000000000000e+01 4.721000000000000000e+03
1.500000000000000000e+01 4.674000000000000000e+03
1.600000000000000000e+01 4.516000000000000000e+03
1.300000000000000000e+01 4.327000000000000000e+03
1.700000000000000000e+01 4.123000000000000000e+03
1.200000000000000000e+01 3.745000000000000000e+03
1.800000000000000000e+01 3.539000000000000000e+03
1.100000000000000000e+01 2.976000000000000000e+03
1.900000000000000000e+01 2.805000000000000000e+03
1.000000000000000000e+01 2.349000000000000000e+03
2.000000000000000000e+01 2.347000000000000000e+03
2.100000000000000000e+01 1.715000000000000000e+03
9.000000000000000000e+00 1.624000000000000000e+03
2.200000000000000000e+01 1.279000000000000000e+03
8.000000000000000000e+00 1.088000000000000000e+03
2.300000000000000000e+01 9.380000000000000000e+02
7.000000000000000000e+00 6.250000000000000000e+02
2.400000000000000000e+01 6.030000000000000000e+02
2.500000000000000000e+01 3.960000000000000000e+02
6.000000000000000000e+00 3.890000000000000000e+02
2.600000000000000000e+01 2.480000000000000000e+02
2.700000000000000000e+01 2.020000000000000000e+02
5.000000000000000000e+00 2.000000000000000000e+02
4.000000000000000000e+00 1.240000000000000000e+02
3.000000000000000000e+00 1.020000000000000000e+02
2.800000000000000000e+01 1.010000000000000000e+02
2.000000000000000000e+00 1.000000000000000000e+02
2.900000000000000000e+01 5.400000000000000000e+01
3.000000000000000000e+01 3.300000000000000000e+01
3.100000000000000000e+01 2.900000000000000000e+01
3.200000000000000000e+01 1.400000000000000000e+01
3.400000000000000000e+01 5.000000000000000000e+00
3.300000000000000000e+01 4.000000000000000000e+00
3.500000000000000000e+01 2.000000000000000000e+00
3.600000000000000000e+01 2.000000000000000000e+00

1.000000000000000000e+00 2.561453000000000000e+06
1.400000000000000000e+01 4.526000000000000000e+03
1.500000000000000000e+01 4.453000000000000000e+03
1.600000000000000000e+01 4.270000000000000000e+03
1.300000000000000000e+01 4.237000000000000000e+03
1.200000000000000000e+01 4.025000000000000000e+03
1.700000000000000000e+01 3.702000000000000000e+03
1.100000000000000000e+01 3.339000000000000000e+03
1.800000000000000000e+01 3.185000000000000000e+03
1.000000000000000000e+01 2.702000000000000000e+03
1.900000000000000000e+01 2.538000000000000000e+03
2.000000000000000000e+01 2.059000000000000000e+03
9.000000000000000000e+00 1.965000000000000000e+03
2.100000000000000000e+01 1.615000000000000000e+03
8.000000000000000000e+00 1.357000000000000000e+03
2.200000000000000000e+01 1.143000000000000000e+03
7.000000000000000000e+00 9.230000000000000000e+02
2.300000000000000000e+01 8.150000000000000000e+02
2.400000000000000000e+01 5.980000000000000000e+02
6.000000000000000000e+00 5.460000000000000000e+02
2.500000000000000000e+01 4.070000000000000000e+02
5.000000000000000000e+00 3.170000000000000000e+02
2.600000000000000000e+01 2.680000000000000000e+02
2.000000000000000000e+00 2.270000000000000000e+02
4.000000000000000000e+00 1.960000000000000000e+02
3.000000000000000000e+00 1.760000000000000000e+02
2.700000000000000000e+01 1.570000000000000000e+02
2.800000000000000000e+01 1.120000000000000000e+02
2.900000000000000000e+01 7.000000000000000000e+01
3.000000000000000000e+01 5.100000000000000000e+01
3.100000000000000000e+01 2.100000000000000000e+01
3.200000000000000000e+01 1.300000000000000000e+01
3.300000000000000000e+01 5.000000000000000000e+00
3.400000000000000000e+01 3.000000000000000000e+00
3.700000000000000000e+01 1.000000000000000000e+00
3.600000000000000000e+01 1.000000000000000000e+00

1.000000000000000000e+00 2.585105000000000000e+06
1.400000000000000000e+01 4.383000000000000000e+03
1.300000000000000000e+01 4.318000000000000000e+03
1.500000000000000000e+01 4.146000000000000000e+03
1.200000000000000000e+01 3.961000000000000000e+03
1.600000000000000000e+01 3.913000000000000000e+03
1.100000000000000000e+01 3.509000000000000000e+03
1.700000000000000000e+01 3.396000000000000000e+03
1.000000000000000000e+01 3.006000000000000000e+03
1.800000000000000000e+01 2.967000000000000000e+03
1.900000000000000000e+01 2.384000000000000000e+03
9.000000000000000000e+00 2.322000000000000000e+03
2.000000000000000000e+01 1.863000000000000000e+03
8.000000000000000000e+00 1.756000000000000000e+03
2.100000000000000000e+01 1.346000000000000000e+03
7.000000000000000000e+00 1.179000000000000000e+03
2.200000000000000000e+01 1.107000000000000000e+03
6.000000000000000000e+00 7.930000000000000000e+02
2.300000000000000000e+01 7.640000000000000000e+02
2.400000000000000000e+01 5.520000000000000000e+02
5.000000000000000000e+00 4.980000000000000000e+02
2.500000000000000000e+01 3.700000000000000000e+02
2.000000000000000000e+00 3.240000000000000000e+02
4.000000000000000000e+00 3.020000000000000000e+02
3.000000000000000000e+00 2.470000000000000000e+02
2.600000000000000000e+01 2.360000000000000000e+02
2.700000000000000000e+01 1.420000000000000000e+02
2.800000000000000000e+01 1.010000000000000000e+02
2.900000000000000000e+01 6.000000000000000000e+01
3.000000000000000000e+01 3.100000000000000000e+01
3.100000000000000000e+01 2.000000000000000000e+01
3.200000000000000000e+01 1.200000000000000000e+01
3.300000000000000000e+01 6.000000000000000000e+00
3.400000000000000000e+01 4.000000000000000000e+00
3.500000000000000000e+01 4.000000000000000000e+00
3.600000000000000000e+01 1.000000000000000000e+00

1.000000000000000000e+00 2.619286000000000000e+06
1.300000000000000000e+01 4.139000000000000000e+03
1.400000000000000000e+01 4.038000000000000000e+03
1.200000000000000000e+01 3.987000000000000000e+03
1.500000000000000000e+01 3.827000000000000000e+03
1.100000000000000000e+01 3.776000000000000000e+03
1.600000000000000000e+01 3.412000000000000000e+03
1.000000000000000000e+01 3.320000000000000000e+03
1.700000000000000000e+01 3.022000000000000000e+03
9.000000000000000000e+00 2.756000000000000000e+03
1.800000000000000000e+01 2.449000000000000000e+03
8.000000000000000000e+00 2.135000000000000000e+03
1.900000000000000000e+01 2.024000000000000000e+03
2.000000000000000000e+01 1.634000000000000000e+03
7.000000000000000000e+00 1.610000000000000000e+03
2.100000000000000000e+01 1.247000000000000000e+03
6.000000000000000000e+00 1.149000000000000000e+03
2.200000000000000000e+01 9.940000000000000000e+02
5.000000000000000000e+00 7.610000000000000000e+02
2.300000000000000000e+01 6.750000000000000000e+02
2.000000000000000000e+00 5.760000000000000000e+02
4.000000000000000000e+00 5.610000000000000000e+02
2.400000000000000000e+01 4.870000000000000000e+02
3.000000000000000000e+00 4.350000000000000000e+02
2.500000000000000000e+01 3.590000000000000000e+02
2.600000000000000000e+01 2.350000000000000000e+02
2.700000000000000000e+01 1.590000000000000000e+02
2.800000000000000000e+01 8.300000000000000000e+01
2.900000000000000000e+01 5.400000000000000000e+01
3.000000000000000000e+01 3.000000000000000000e+01
3.100000000000000000e+01 1.500000000000000000e+01
3.200000000000000000e+01 1.200000000000000000e+01
3.300000000000000000e+01 8.000000000000000000e+00
3.400000000000000000e+01 2.000000000000000000e+00
3.500000000000000000e+01 1.000000000000000000e+00

1.000000000000000000e+00 2.657631000000000000e+06
1.300000000000000000e+01 3.888000000000000000e+03
1.100000000000000000e+01 3.847000000000000000e+03
1.200000000000000000e+01 3.820000000000000000e+03
1.400000000000000000e+01 3.709000000000000000e+03
1.000000000000000000e+01 3.473000000000000000e+03
1.500000000000000000e+01 3.468000000000000000e+03
9.000000000000000000e+00 3.055000000000000000e+03
1.600000000000000000e+01 3.001000000000000000e+03
8.000000000000000000e+00 2.608000000000000000e+03
1.700000000000000000e+01 2.562000000000000000e+03
1.800000000000000000e+01 2.134000000000000000e+03
7.000000000000000000e+00 2.117000000000000000e+03
1.900000000000000000e+01 1.769000000000000000e+03
6.000000000000000000e+00 1.584000000000000000e+03
2.000000000000000000e+01 1.467000000000000000e+03
5.000000000000000000e+00 1.154000000000000000e+03
2.100000000000000000e+01 1.127000000000000000e+03
2.000000000000000000e+00 9.540000000000000000e+02
4.000000000000000000e+00 8.570000000000000000e+02
2.200000000000000000e+01 8.310000000000000000e+02
3.000000000000000000e+00 7.010000000000000000e+02
2.300000000000000000e+01 5.880000000000000000e+02
2.400000000000000000e+01 4.510000000000000000e+02
2.500000000000000000e+01 2.950000000000000000e+02
2.600000000000000000e+01 1.750000000000000000e+02
2.700000000000000000e+01 1.250000000000000000e+02
2.800000000000000000e+01 7.300000000000000000e+01
2.900000000000000000e+01 5.100000000000000000e+01
3.000000000000000000e+01 1.900000000000000000e+01
3.200000000000000000e+01 6.000000000000000000e+00
3.100000000000000000e+01 6.000000000000000000e+00
3.300000000000000000e+01 2.000000000000000000e+00
3.400000000000000000e+01 1.000000000000000000e+00

1.000000000000000000e+00 2.709518000000000000e+06
1.100000000000000000e+01 3.750000000000000000e+03
1.000000000000000000e+01 3.611000000000000000e+03
1.200000000000000000e+01 3.610000000000000000e+03
1.300000000000000000e+01 3.598000000000000000e+03
9.000000000000000000e+00 3.416000000000000000e+03
1.400000000000000000e+01 3.347000000000000000e+03
8.000000000000000000e+00 3.032000000000000000e+03
1.500000000000000000e+01 2.899000000000000000e+03
1.600000000000000000e+01 2.627000000000000000e+03
7.000000000000000000e+00 2.606000000000000000e+03
1.700000000000000000e+01 2.158000000000000000e+03
6.000000000000000000e+00 2.073000000000000000e+03
1.800000000000000000e+01 1.859000000000000000e+03
5.000000000000000000e+00 1.642000000000000000e+03
1.900000000000000000e+01 1.448000000000000000e+03
2.000000000000000000e+00 1.445000000000000000e+03
4.000000000000000000e+00 1.306000000000000000e+03
3.000000000000000000e+00 1.197000000000000000e+03
2.000000000000000000e+01 1.140000000000000000e+03
2.100000000000000000e+01 8.560000000000000000e+02
2.200000000000000000e+01 6.550000000000000000e+02
2.300000000000000000e+01 4.510000000000000000e+02
2.400000000000000000e+01 2.950000000000000000e+02
2.500000000000000000e+01 2.190000000000000000e+02
2.600000000000000000e+01 1.420000000000000000e+02
2.700000000000000000e+01 9.600000000000000000e+01
2.800000000000000000e+01 5.300000000000000000e+01
2.900000000000000000e+01 2.700000000000000000e+01
3.000000000000000000e+01 1.700000000000000000e+01
3.100000000000000000e+01 4.000000000000000000e+00
3.200000000000000000e+01 1.000000000000000000e+00
3.300000000000000000e+01 1.000000000000000000e+00
3.400000000000000000e+01 1.000000000000000000e+00

1.000000000000000000e+00 2.772631000000000000e+06
1.000000000000000000e+01 3.586000000000000000e+03
9.000000000000000000e+00 3.539000000000000000e+03
1.100000000000000000e+01 3.539000000000000000e+03
8.000000000000000000e+00 3.388000000000000000e+03
1.200000000000000000e+01 3.357000000000000000e+03
1.300000000000000000e+01 3.111000000000000000e+03
7.000000000000000000e+00 3.045000000000000000e+03
6.000000000000000000e+00 2.702000000000000000e+03
1.400000000000000000e+01 2.676000000000000000e+03
1.500000000000000000e+01 2.418000000000000000e+03
5.000000000000000000e+00 2.326000000000000000e+03
2.000000000000000000e+00 2.308000000000000000e+03
1.600000000000000000e+01 2.174000000000000000e+03
4.000000000000000000e+00 1.950000000000000000e+03
3.000000000000000000e+00 1.792000000000000000e+03
1.700000000000000000e+01 1.754000000000000000e+03
1.800000000000000000e+01 1.397000000000000000e+03
1.900000000000000000e+01 1.137000000000000000e+03
2.000000000000000000e+01 8.650000000000000000e+02
2.100000000000000000e+01 6.110000000000000000e+02
2.200000000000000000e+01 4.570000000000000000e+02
2.300000000000000000e+01 3.470000000000000000e+02
2.400000000000000000e+01 2.140000000000000000e+02
2.500000000000000000e+01 1.320000000000000000e+02
2.600000000000000000e+01 7.000000000000000000e+01
2.700000000000000000e+01 5.000000000000000000e+01
2.800000000000000000e+01 1.800000000000000000e+01
2.900000000000000000e+01 1.400000000000000000e+01
3.000000000000000000e+01 5.000000000000000000e+00
3.200000000000000000e+01 1.000000000000000000e+00

1.000000000000000000e+00 2.850090000000000000e+06
2.000000000000000000e+00 3.690000000000000000e+03
9.000000000000000000e+00 3.601000000000000000e+03
8.000000000000000000e+00 3.547000000000000000e+03
7.000000000000000000e+00 3.479000000000000000e+03
1.000000000000000000e+01 3.335000000000000000e+03
6.000000000000000000e+00 3.265000000000000000e+03
1.100000000000000000e+01 3.123000000000000000e+03
5.000000000000000000e+00 3.033000000000000000e+03
1.200000000000000000e+01 2.824000000000000000e+03
4.000000000000000000e+00 2.734000000000000000e+03
3.000000000000000000e+00 2.730000000000000000e+03
1.300000000000000000e+01 2.584000000000000000e+03
1.400000000000000000e+01 2.227000000000000000e+03
1.500000000000000000e+01 1.865000000000000000e+03
1.600000000000000000e+01 1.525000000000000000e+03
1.700000000000000000e+01 1.211000000000000000e+03
1.800000000000000000e+01 9.340000000000000000e+02
1.900000000000000000e+01 7.250000000000000000e+02
2.000000000000000000e+01 5.240000000000000000e+02
2.100000000000000000e+01 3.620000000000000000e+02
2.200000000000000000e+01 2.740000000000000000e+02
2.300000000000000000e+01 1.660000000000000000e+02
2.400000000000000000e+01 1.090000000000000000e+02
2.500000000000000000e+01 6.500000000000000000e+01
2.600000000000000000e+01 2.700000000000000000e+01
2.700000000000000000e+01 1.200000000000000000e+01
2.900000000000000000e+01 6.000000000000000000e+00
2.800000000000000000e+01 5.000000000000000000e+00
3.100000000000000000e+01 2.000000000000000000e+00
3.000000000000000000e+01 1.000000000000000000e+00

1.000000000000000000e+00 2.945301000000000000e+06
2.000000000000000000e+00 5.783000000000000000e+03
3.000000000000000000e+00 4.087000000000000000e+03
6.000000000000000000e+00 3.814000000000000000e+03
4.000000000000000000e+00 3.770000000000000000e+03
5.000000000000000000e+00 3.754000000000000000e+03
7.000000000000000000e+00 3.739000000000000000e+03
8.000000000000000000e+00 3.318000000000000000e+03
9.000000000000000000e+00 3.170000000000000000e+03
1.000000000000000000e+01 2.714000000000000000e+03
1.100000000000000000e+01 2.395000000000000000e+03
1.200000000000000000e+01 2.002000000000000000e+03
1.300000000000000000e+01 1.712000000000000000e+03
1.400000000000000000e+01 1.418000000000000000e+03
1.500000000000000000e+01 1.152000000000000000e+03
1.600000000000000000e+01 8.640000000000000000e+02
1.700000000000000000e+01 6.440000000000000000e+02
1.800000000000000000e+01 5.210000000000000000e+02
1.900000000000000000e+01 3.910000000000000000e+02
2.000000000000000000e+01 2.550000000000000000e+02
2.100000000000000000e+01 1.790000000000000000e+02
2.200000000000000000e+01 8.900000000000000000e+01
2.300000000000000000e+01 7.100000000000000000e+01
2.400000000000000000e+01 5.400000000000000000e+01
2.500000000000000000e+01 1.400000000000000000e+01
2.600000000000000000e+01 7.000000000000000000e+00
2.700000000000000000e+01 4.000000000000000000e+00
2.900000000000000000e+01 1.000000000000000000e+00

1.000000000000000000e+00 3.045378000000000000e+06
2.000000000000000000e+00 8.204000000000000000e+03
3.000000000000000000e+00 5.527000000000000000e+03
4.000000000000000000e+00 4.657000000000000000e+03
5.000000000000000000e+00 4.353000000000000000e+03
6.000000000000000000e+00 3.746000000000000000e+03
7.000000000000000000e+00 3.322000000000000000e+03
8.000000000000000000e+00 2.772000000000000000e+03
9.000000000000000000e+00 2.209000000000000000e+03
1.000000000000000000e+01 1.800000000000000000e+03
1.100000000000000000e+01 1.456000000000000000e+03
1.200000000000000000e+01 1.083000000000000000e+03
1.300000000000000000e+01 8.320000000000000000e+02
1.400000000000000000e+01 6.410000000000000000e+02
1.500000000000000000e+01 4.540000000000000000e+02
1.600000000000000000e+01 3.660000000000000000e+02
1.700000000000000000e+01 2.510000000000000000e+02
1.800000000000000000e+01 1.800000000000000000e+02
1.900000000000000000e+01 1.380000000000000000e+02
2.000000000000000000e+01 7.700000000000000000e+01
2.100000000000000000e+01 4.600000000000000000e+01
2.200000000000000000e+01 2.900000000000000000e+01
2.300000000000000000e+01 1.500000000000000000e+01
2.400000000000000000e+01 1.000000000000000000e+01
2.500000000000000000e+01 4.000000000000000000e+00
2.700000000000000000e+01 1.000000000000000000e+00

1.000000000000000000e+00 3.121443000000000000e+06
2.000000000000000000e+00 1.017700000000000000e+04
3.000000000000000000e+00 6.409000000000000000e+03
4.000000000000000000e+00 5.107000000000000000e+03
5.000000000000000000e+00 4.187000000000000000e+03
6.000000000000000000e+00 3.249000000000000000e+03
7.000000000000000000e+00 2.505000000000000000e+03
8.000000000000000000e+00 1.825000000000000000e+03
9.000000000000000000e+00 1.263000000000000000e+03
1.000000000000000000e+01 9.150000000000000000e+02
1.100000000000000000e+01 6.570000000000000000e+02
1.200000000000000000e+01 3.890000000000000000e+02
1.300000000000000000e+01 3.000000000000000000e+02
1.400000000000000000e+01 2.270000000000000000e+02
1.500000000000000000e+01 1.450000000000000000e+02
1.600000000000000000e+01 9.800000000000000000e+01
1.700000000000000000e+01 5.600000000000000000e+01
1.800000000000000000e+01 4.500000000000000000e+01
1.900000000000000000e+01 2.200000000000000000e+01
2.000000000000000000e+01 1.300000000000000000e+01
2.100000000000000000e+01 5.000000000000000000e+00
2.200000000000000000e+01 5.000000000000000000e+00
2.300000000000000000e+01 2.000000000000000000e+00
2.500000000000000000e+01 2.000000000000000000e+00

1.000000000000000000e+00 3.164823000000000000e+06
2.000000000000000000e+00 1.139200000000000000e+04
3.000000000000000000e+00 7.092000000000000000e+03
4.000000000000000000e+00 4.945000000000000000e+03
5.000000000000000000e+00 3.768000000000000000e+03
6.000000000000000000e+00 2.589000000000000000e+03
7.000000000000000000e+00 1.647000000000000000e+03
8.000000000000000000e+00 1.043000000000000000e+03
9.000000000000000000e+00 6.440000000000000000e+02
1.000000000000000000e+01 3.710000000000000000e+02
1.100000000000000000e+01 2.530000000000000000e+02
1.200000000000000000e+01 1.580000000000000000e+02
1.300000000000000000e+01 8.600000000000000000e+01
1.400000000000000000e+01 5.000000000000000000e+01
1.500000000000000000e+01 2.200000000000000000e+01
1.600000000000000000e+01 2.000000000000000000e+01
1.800000000000000000e+01 9.000000000000000000e+00
1.700000000000000000e+01 9.000000000000000000e+00
1.900000000000000000e+01 3.000000000000000000e+00
2.200000000000000000e+01 2.000000000000000000e+00
2.100000000000000000e+01 1.000000000000000000e+00

1.000000000000000000e+00 3.189616000000000000e+06
2.000000000000000000e+00 1.194400000000000000e+04
3.000000000000000000e+00 7.131000000000000000e+03
4.000000000000000000e+00 4.686000000000000000e+03
5.000000000000000000e+00 3.136000000000000000e+03
6.000000000000000000e+00 1.879000000000000000e+03
7.000000000000000000e+00 1.091000000000000000e+03
8.000000000000000000e+00 5.920000000000000000e+02
9.000000000000000000e+00 3.300000000000000000e+02
1.000000000000000000e+01 1.940000000000000000e+02
1.100000000000000000e+01 8.900000000000000000e+01
1.200000000000000000e+01 4.900000000000000000e+01
1.300000000000000000e+01 2.300000000000000000e+01
1.400000000000000000e+01 7.000000000000000000e+00
1.500000000000000000e+01 6.000000000000000000e+00
1.600000000000000000e+01 2.000000000000000000e+00
1.800000000000000000e+01 2.000000000000000000e+00

1.000000000000000000e+00 3.208738000000000000e+06
2.000000000000000000e+00 1.226100000000000000e+04
3.000000000000000000e+00 6.655000000000000000e+03
4.000000000000000000e+00 4.219000000000000000e+03
5.000000000000000000e+00 2.385000000000000000e+03
6.000000000000000000e+00 1.373000000000000000e+03
7.000000000000000000e+00 6.820000000000000000e+02
8.000000000000000000e+00 3.160000000000000000e+02
9.000000000000000000e+00 1.270000000000000000e+02
1.000000000000000000e+01 7.100000000000000000e+01
1.100000000000000000e+01 2.800000000000000000e+01
1.300000000000000000e+01 8.000000000000000000e+00
1.200000000000000000e+01 8.000000000000000000e+00
1.400000000000000000e+01 3.000000000000000000e+00
1.500000000000000000e+01 1.000000000000000000e+00
1.600000000000000000e+01 1.000000000000000000e+00

1.000000000000000000e+00 3.218435000000000000e+06
2.000000000000000000e+00 1.197000000000000000e+04
3.000000000000000000e+00 6.458000000000000000e+03
4.000000000000000000e+00 3.812000000000000000e+03
5.000000000000000000e+00 2.149000000000000000e+03
6.000000000000000000e+00 1.056000000000000000e+03
7.000000000000000000e+00 4.620000000000000000e+02
8.000000000000000000e+00 1.850000000000000000e+02
9.000000000000000000e+00 7.500000000000000000e+01
1.000000000000000000e+01 3.400000000000000000e+01
1.100000000000000000e+01 1.300000000000000000e+01
1.200000000000000000e+01 2.000000000000000000e+00
1.300000000000000000e+01 2.000000000000000000e+00

1.000000000000000000e+00 3.225234000000000000e+06
2.000000000000000000e+00 1.207900000000000000e+04
3.000000000000000000e+00 6.148000000000000000e+03
4.000000000000000000e+00 3.509000000000000000e+03
5.000000000000000000e+00 1.852000000000000000e+03
6.000000000000000000e+00 8.370000000000000000e+02
7.000000000000000000e+00 3.400000000000000000e+02
8.000000000000000000e+00 1.160000000000000000e+02
9.000000000000000000e+00 3.600000000000000000e+01
1.000000000000000000e+01 1.200000000000000000e+01
1.100000000000000000e+01 4.000000000000000000e+00
1.200000000000000000e+01 3.000000000000000000e+00
1.400000000000000000e+01 1.000000000000000000e+00

1.000000000000000000e+00 3.230614000000000000e+06
2.000000000000000000e+00 1.179400000000000000e+04
3.000000000000000000e+00 5.920000000000000000e+03
4.000000000000000000e+00 3.157000000000000000e+03
5.000000000000000000e+00 1.641000000000000000e+03
6.000000000000000000e+00 7.140000000000000000e+02
7.000000000000000000e+00 2.460000000000000000e+02
8.000000000000000000e+00 9.000000000000000000e+01
9.000000000000000000e+00 3.200000000000000000e+01
1.000000000000000000e+01 1.000000000000000000e+01
1.100000000000000000e+01 6.000000000000000000e+00
1.300000000000000000e+01 1.000000000000000000e+00
1.200000000000000000e+01 1.000000000000000000e+00

1.000000000000000000e+00 3.236307000000000000e+06
2.000000000000000000e+00 1.149100000000000000e+04
3.000000000000000000e+00 5.694000000000000000e+03
4.000000000000000000e+00 2.859000000000000000e+03
5.000000000000000000e+00 1.359000000000000000e+03
6.000000000000000000e+00 5.350000000000000000e+02
7.000000000000000000e+00 2.130000000000000000e+02
8.000000000000000000e+00 6.000000000000000000e+01
9.000000000000000000e+00 1.400000000000000000e+01
1.000000000000000000e+01 8.000000000000000000e+00
1.100000000000000000e+01 1.000000000000000000e+00

1.000000000000000000e+00 3.238782000000000000e+06
2.000000000000000000e+00 1.135000000000000000e+04
3.000000000000000000e+00 5.387000000000000000e+03
4.000000000000000000e+00 2.825000000000000000e+03
5.000000000000000000e+00 1.295000000000000000e+03
6.000000000000000000e+00 5.080000000000000000e+02
7.000000000000000000e+00 1.650000000000000000e+02
8.000000000000000000e+00 3.100000000000000000e+01
9.000000000000000000e+00 1.100000000000000000e+01
1.100000000000000000e+01 2.000000000000000000e+00
1.000000000000000000e+01 1.000000000000000000e+00

1.000000000000000000e+00 3.240341000000000000e+06
2.000000000000000000e+00 1.119000000000000000e+04
3.000000000000000000e+00 5.443000000000000000e+03
4.000000000000000000e+00 2.673000000000000000e+03
5.000000000000000000e+00 1.243000000000000000e+03
6.000000000000000000e+00 4.540000000000000000e+02
7.000000000000000000e+00 1.310000000000000000e+02
8.000000000000000000e+00 3.400000000000000000e+01
9.000000000000000000e+00 1.100000000000000000e+01
1.000000000000000000e+01 2.000000000000000000e+00
1.100000000000000000e+01 1.000000000000000000e+00

1.000000000000000000e+00 3.241082000000000000e+06
2.000000000000000000e+00 1.120000000000000000e+04
3.000000000000000000e+00 5.429000000000000000e+03
4.000000000000000000e+00 2.700000000000000000e+03
5.000000000000000000e+00 1.131000000000000000e+03
6.000000000000000000e+00 4.120000000000000000e+02
7.000000000000000000e+00 1.270000000000000000e+02
8.000000000000000000e+00 3.800000000000000000e+01
9.000000000000000000e+00 1.000000000000000000e+01
1.100000000000000000e+01 1.000000000000000000e+00
1.000000000000000000e+01 1.000000000000000000e+00

1.000000000000000000e+00 3.241872000000000000e+06
2.000000000000000000e+00 1.120700000000000000e+04
3.000000000000000000e+00 5.309000000000000000e+03
4.000000000000000000e+00 2.651000000000000000e+03
5.000000000000000000e+00 1.092000000000000000e+03
6.000000000000000000e+00 4.080000000000000000e+02
7.000000000000000000e+00 1.260000000000000000e+02
8.000000000000000000e+00 4.100000000000000000e+01
9.000000000000000000e+00 5.000000000000000000e+00
1.000000000000000000e+01 2.000000000000000000e+00

1.000000000000000000e+00 3.242961000000000000e+06
2.000000000000000000e+00 1.124200000000000000e+04
3.000000000000000000e+00 5.161000000000000000e+03
4.000000000000000000e+00 2.554000000000000000e+03
5.000000000000000000e+00 1.112000000000000000e+03
6.000000000000000000e+00 3.880000000000000000e+02
7.000000000000000000e+00 1.050000000000000000e+02
8.000000000000000000e+00 2.100000000000000000e+01
9.000000000000000000e+00 5.000000000000000000e+00
1.000000000000000000e+01 2.000000000000000000e+00

