1.000000000000000000e+00 3.054082000000000000e+06
2.000000000000000000e+00 5.924700000000000000e+04
3.000000000000000000e+00 1.924900000000000000e+04
4.000000000000000000e+00 7.632000000000000000e+03
5.000000000000000000e+00 3.256000000000000000e+03
6.000000000000000000e+00 1.587000000000000000e+03
7.000000000000000000e+00 8.030000000000000000e+02
8.000000000000000000e+00 3.930000000000000000e+02
9.000000000000000000e+00 2.120000000000000000e+02
1.000000000000000000e+01 1.060000000000000000e+02
1.100000000000000000e+01 6.000000000000000000e+01
1.200000000000000000e+01 4.000000000000000000e+01
1.300000000000000000e+01 1.400000000000000000e+01
1.400000000000000000e+01 1.200000000000000000e+01
1.500000000000000000e+01 6.000000000000000000e+00
1.800000000000000000e+01 1.000000000000000000e+00
1.600000000000000000e+01 1.000000000000000000e+00

1.000000000000000000e+00 3.080890000000000000e+06
2.000000000000000000e+00 5.434400000000000000e+04
3.000000000000000000e+00 1.725900000000000000e+04
4.000000000000000000e+00 6.599000000000000000e+03
5.000000000000000000e+00 2.763000000000000000e+03
6.000000000000000000e+00 1.354000000000000000e+03
7.000000000000000000e+00 6.420000000000000000e+02
8.000000000000000000e+00 3.090000000000000000e+02
9.000000000000000000e+00 1.840000000000000000e+02
1.000000000000000000e+01 6.100000000000000000e+01
1.100000000000000000e+01 5.900000000000000000e+01
1.200000000000000000e+01 1.700000000000000000e+01
1.300000000000000000e+01 8.000000000000000000e+00
1.500000000000000000e+01 3.000000000000000000e+00
1.400000000000000000e+01 3.000000000000000000e+00
1.800000000000000000e+01 1.000000000000000000e+00
1.600000000000000000e+01 1.000000000000000000e+00

1.000000000000000000e+00 3.119354000000000000e+06
2.000000000000000000e+00 4.911900000000000000e+04
3.000000000000000000e+00 1.480100000000000000e+04
4.000000000000000000e+00 4.894000000000000000e+03
5.000000000000000000e+00 1.780000000000000000e+03
6.000000000000000000e+00 7.660000000000000000e+02
7.000000000000000000e+00 3.360000000000000000e+02
8.000000000000000000e+00 1.600000000000000000e+02
9.000000000000000000e+00 7.600000000000000000e+01
1.000000000000000000e+01 3.500000000000000000e+01
1.100000000000000000e+01 1.100000000000000000e+01
1.200000000000000000e+01 6.000000000000000000e+00
1.400000000000000000e+01 3.000000000000000000e+00
1.600000000000000000e+01 2.000000000000000000e+00

1.000000000000000000e+00 3.140924000000000000e+06
2.000000000000000000e+00 4.419000000000000000e+04
3.000000000000000000e+00 1.317600000000000000e+04
4.000000000000000000e+00 4.246000000000000000e+03
5.000000000000000000e+00 1.503000000000000000e+03
6.000000000000000000e+00 5.690000000000000000e+02
7.000000000000000000e+00 2.330000000000000000e+02
8.000000000000000000e+00 1.080000000000000000e+02
9.000000000000000000e+00 4.900000000000000000e+01
1.000000000000000000e+01 1.700000000000000000e+01
1.100000000000000000e+01 8.000000000000000000e+00
1.200000000000000000e+01 4.000000000000000000e+00
1.300000000000000000e+01 1.000000000000000000e+00

1.000000000000000000e+00 3.174619000000000000e+06
2.000000000000000000e+00 3.819700000000000000e+04
3.000000000000000000e+00 9.395000000000000000e+03
4.000000000000000000e+00 3.007000000000000000e+03
5.000000000000000000e+00 9.700000000000000000e+02
6.000000000000000000e+00 3.660000000000000000e+02
7.000000000000000000e+00 1.330000000000000000e+02
8.000000000000000000e+00 5.400000000000000000e+01
9.000000000000000000e+00 2.600000000000000000e+01
1.100000000000000000e+01 6.000000000000000000e+00
1.000000000000000000e+01 4.000000000000000000e+00
1.300000000000000000e+01 1.000000000000000000e+00
1.200000000000000000e+01 1.000000000000000000e+00

1.000000000000000000e+00 3.203772000000000000e+06
2.000000000000000000e+00 3.121100000000000000e+04
3.000000000000000000e+00 7.041000000000000000e+03
4.000000000000000000e+00 1.922000000000000000e+03
5.000000000000000000e+00 6.040000000000000000e+02
6.000000000000000000e+00 2.020000000000000000e+02
7.000000000000000000e+00 6.000000000000000000e+01
8.000000000000000000e+00 2.300000000000000000e+01
9.000000000000000000e+00 1.200000000000000000e+01
1.000000000000000000e+01 4.000000000000000000e+00
1.100000000000000000e+01 1.000000000000000000e+00

1.000000000000000000e+00 3.213270000000000000e+06
2.000000000000000000e+00 2.884100000000000000e+04
3.000000000000000000e+00 6.298000000000000000e+03
4.000000000000000000e+00 1.580000000000000000e+03
5.000000000000000000e+00 4.610000000000000000e+02
6.000000000000000000e+00 1.530000000000000000e+02
7.000000000000000000e+00 5.200000000000000000e+01
8.000000000000000000e+00 1.900000000000000000e+01
9.000000000000000000e+00 7.000000000000000000e+00
1.100000000000000000e+01 2.000000000000000000e+00
1.000000000000000000e+01 1.000000000000000000e+00

1.000000000000000000e+00 3.221467000000000000e+06
2.000000000000000000e+00 2.666900000000000000e+04
3.000000000000000000e+00 5.535000000000000000e+03
4.000000000000000000e+00 1.388000000000000000e+03
5.000000000000000000e+00 3.880000000000000000e+02
6.000000000000000000e+00 1.130000000000000000e+02
7.000000000000000000e+00 3.400000000000000000e+01
9.000000000000000000e+00 1.200000000000000000e+01
8.000000000000000000e+00 8.000000000000000000e+00
1.000000000000000000e+01 1.000000000000000000e+00

1.000000000000000000e+00 3.230636000000000000e+06
2.000000000000000000e+00 2.420600000000000000e+04
3.000000000000000000e+00 4.703000000000000000e+03
4.000000000000000000e+00 1.100000000000000000e+03
5.000000000000000000e+00 3.030000000000000000e+02
6.000000000000000000e+00 9.900000000000000000e+01
7.000000000000000000e+00 2.700000000000000000e+01
8.000000000000000000e+00 9.000000000000000000e+00
9.000000000000000000e+00 7.000000000000000000e+00
1.000000000000000000e+01 1.000000000000000000e+00

1.000000000000000000e+00 3.235149000000000000e+06
2.000000000000000000e+00 2.260300000000000000e+04
3.000000000000000000e+00 4.388000000000000000e+03
4.000000000000000000e+00 1.060000000000000000e+03
5.000000000000000000e+00 2.910000000000000000e+02
6.000000000000000000e+00 6.400000000000000000e+01
7.000000000000000000e+00 3.700000000000000000e+01
8.000000000000000000e+00 1.200000000000000000e+01
9.000000000000000000e+00 3.000000000000000000e+00
1.000000000000000000e+01 2.000000000000000000e+00

1.000000000000000000e+00 3.242498000000000000e+06
2.000000000000000000e+00 2.117100000000000000e+04
3.000000000000000000e+00 3.602000000000000000e+03
4.000000000000000000e+00 7.880000000000000000e+02
5.000000000000000000e+00 1.560000000000000000e+02
6.000000000000000000e+00 4.300000000000000000e+01
7.000000000000000000e+00 2.000000000000000000e+01
8.000000000000000000e+00 3.000000000000000000e+00

1.000000000000000000e+00 3.246016000000000000e+06
2.000000000000000000e+00 2.001400000000000000e+04
3.000000000000000000e+00 3.361000000000000000e+03
4.000000000000000000e+00 6.830000000000000000e+02
5.000000000000000000e+00 1.480000000000000000e+02
6.000000000000000000e+00 4.400000000000000000e+01
7.000000000000000000e+00 1.500000000000000000e+01
8.000000000000000000e+00 4.000000000000000000e+00

1.000000000000000000e+00 3.249029000000000000e+06
2.000000000000000000e+00 1.897300000000000000e+04
3.000000000000000000e+00 3.170000000000000000e+03
4.000000000000000000e+00 5.790000000000000000e+02
5.000000000000000000e+00 1.470000000000000000e+02
6.000000000000000000e+00 5.200000000000000000e+01
7.000000000000000000e+00 1.800000000000000000e+01
9.000000000000000000e+00 2.000000000000000000e+00
8.000000000000000000e+00 1.000000000000000000e+00

1.000000000000000000e+00 3.249584000000000000e+06
2.000000000000000000e+00 1.896700000000000000e+04
3.000000000000000000e+00 3.024000000000000000e+03
4.000000000000000000e+00 5.960000000000000000e+02
5.000000000000000000e+00 1.410000000000000000e+02
6.000000000000000000e+00 3.700000000000000000e+01
7.000000000000000000e+00 8.000000000000000000e+00
8.000000000000000000e+00 3.000000000000000000e+00
1.000000000000000000e+01 1.000000000000000000e+00
9.000000000000000000e+00 1.000000000000000000e+00

1.000000000000000000e+00 3.250296000000000000e+06
2.000000000000000000e+00 1.846100000000000000e+04
3.000000000000000000e+00 3.096000000000000000e+03
4.000000000000000000e+00 6.160000000000000000e+02
5.000000000000000000e+00 1.370000000000000000e+02
6.000000000000000000e+00 3.800000000000000000e+01
7.000000000000000000e+00 1.300000000000000000e+01
9.000000000000000000e+00 2.000000000000000000e+00
8.000000000000000000e+00 1.000000000000000000e+00

1.000000000000000000e+00 3.254226000000000000e+06
2.000000000000000000e+00 1.745500000000000000e+04
3.000000000000000000e+00 2.617000000000000000e+03
4.000000000000000000e+00 5.820000000000000000e+02
5.000000000000000000e+00 1.040000000000000000e+02
6.000000000000000000e+00 2.400000000000000000e+01
7.000000000000000000e+00 3.000000000000000000e+00

1.000000000000000000e+00 3.259695000000000000e+06
2.000000000000000000e+00 1.555100000000000000e+04
3.000000000000000000e+00 2.285000000000000000e+03
4.000000000000000000e+00 4.330000000000000000e+02
5.000000000000000000e+00 8.200000000000000000e+01
6.000000000000000000e+00 2.600000000000000000e+01
7.000000000000000000e+00 6.000000000000000000e+00
8.000000000000000000e+00 1.000000000000000000e+00

1.000000000000000000e+00 3.259751000000000000e+06
2.000000000000000000e+00 1.545100000000000000e+04
3.000000000000000000e+00 2.351000000000000000e+03
4.000000000000000000e+00 4.150000000000000000e+02
5.000000000000000000e+00 1.030000000000000000e+02
6.000000000000000000e+00 1.400000000000000000e+01
7.000000000000000000e+00 5.000000000000000000e+00

1.000000000000000000e+00 3.261430000000000000e+06
2.000000000000000000e+00 1.484600000000000000e+04
3.000000000000000000e+00 2.175000000000000000e+03
4.000000000000000000e+00 4.340000000000000000e+02
5.000000000000000000e+00 8.800000000000000000e+01
6.000000000000000000e+00 2.000000000000000000e+01
7.000000000000000000e+00 7.000000000000000000e+00
8.000000000000000000e+00 1.000000000000000000e+00

1.000000000000000000e+00 3.264035000000000000e+06
2.000000000000000000e+00 1.400700000000000000e+04
3.000000000000000000e+00 1.995000000000000000e+03
4.000000000000000000e+00 3.660000000000000000e+02
5.000000000000000000e+00 6.700000000000000000e+01
6.000000000000000000e+00 1.400000000000000000e+01
7.000000000000000000e+00 7.000000000000000000e+00
8.000000000000000000e+00 3.000000000000000000e+00
1.000000000000000000e+01 1.000000000000000000e+00

1.000000000000000000e+00 3.265554000000000000e+06
2.000000000000000000e+00 1.330400000000000000e+04
3.000000000000000000e+00 1.956000000000000000e+03
4.000000000000000000e+00 3.750000000000000000e+02
5.000000000000000000e+00 6.400000000000000000e+01
6.000000000000000000e+00 1.800000000000000000e+01
7.000000000000000000e+00 6.000000000000000000e+00

1.000000000000000000e+00 3.269560000000000000e+06
2.000000000000000000e+00 1.204300000000000000e+04
3.000000000000000000e+00 1.655000000000000000e+03
4.000000000000000000e+00 2.820000000000000000e+02
5.000000000000000000e+00 3.700000000000000000e+01
6.000000000000000000e+00 9.000000000000000000e+00
7.000000000000000000e+00 2.000000000000000000e+00
8.000000000000000000e+00 1.000000000000000000e+00

1.000000000000000000e+00 3.269670000000000000e+06
2.000000000000000000e+00 1.207000000000000000e+04
3.000000000000000000e+00 1.589000000000000000e+03
4.000000000000000000e+00 2.810000000000000000e+02
5.000000000000000000e+00 5.000000000000000000e+01
6.000000000000000000e+00 7.000000000000000000e+00
7.000000000000000000e+00 1.000000000000000000e+00

1.000000000000000000e+00 3.269354000000000000e+06
2.000000000000000000e+00 1.218600000000000000e+04
3.000000000000000000e+00 1.586000000000000000e+03
4.000000000000000000e+00 2.850000000000000000e+02
5.000000000000000000e+00 5.500000000000000000e+01
6.000000000000000000e+00 1.200000000000000000e+01
7.000000000000000000e+00 3.000000000000000000e+00
8.000000000000000000e+00 1.000000000000000000e+00

1.000000000000000000e+00 3.270453000000000000e+06
2.000000000000000000e+00 1.179200000000000000e+04
3.000000000000000000e+00 1.562000000000000000e+03
4.000000000000000000e+00 2.360000000000000000e+02
5.000000000000000000e+00 5.300000000000000000e+01
6.000000000000000000e+00 9.000000000000000000e+00
7.000000000000000000e+00 2.000000000000000000e+00

1.000000000000000000e+00 3.270445000000000000e+06
2.000000000000000000e+00 1.173300000000000000e+04
3.000000000000000000e+00 1.557000000000000000e+03
4.000000000000000000e+00 2.760000000000000000e+02
5.000000000000000000e+00 5.200000000000000000e+01
6.000000000000000000e+00 5.000000000000000000e+00
9.000000000000000000e+00 1.000000000000000000e+00
8.000000000000000000e+00 1.000000000000000000e+00
7.000000000000000000e+00 1.000000000000000000e+00

1.000000000000000000e+00 3.273248000000000000e+06
2.000000000000000000e+00 1.066000000000000000e+04
3.000000000000000000e+00 1.415000000000000000e+03
4.000000000000000000e+00 2.230000000000000000e+02
5.000000000000000000e+00 4.500000000000000000e+01
6.000000000000000000e+00 7.000000000000000000e+00
7.000000000000000000e+00 4.000000000000000000e+00

1.000000000000000000e+00 2.983954000000000000e+06
2.000000000000000000e+00 6.793000000000000000e+04
3.000000000000000000e+00 2.390600000000000000e+04
4.000000000000000000e+00 1.007300000000000000e+04
5.000000000000000000e+00 4.942000000000000000e+03
6.000000000000000000e+00 2.582000000000000000e+03
7.000000000000000000e+00 1.455000000000000000e+03
8.000000000000000000e+00 8.260000000000000000e+02
9.000000000000000000e+00 4.640000000000000000e+02
1.000000000000000000e+01 2.470000000000000000e+02
1.100000000000000000e+01 1.650000000000000000e+02
1.200000000000000000e+01 9.400000000000000000e+01
1.300000000000000000e+01 5.000000000000000000e+01
1.400000000000000000e+01 2.400000000000000000e+01
1.500000000000000000e+01 1.900000000000000000e+01
1.600000000000000000e+01 1.100000000000000000e+01
1.700000000000000000e+01 4.000000000000000000e+00
2.000000000000000000e+01 2.000000000000000000e+00
1.800000000000000000e+01 1.000000000000000000e+00
1.900000000000000000e+01 1.000000000000000000e+00

1.000000000000000000e+00 3.011496000000000000e+06
2.000000000000000000e+00 6.610000000000000000e+04
3.000000000000000000e+00 2.248800000000000000e+04
4.000000000000000000e+00 9.011000000000000000e+03
5.000000000000000000e+00 4.133000000000000000e+03
6.000000000000000000e+00 2.090000000000000000e+03
7.000000000000000000e+00 1.041000000000000000e+03
8.000000000000000000e+00 5.740000000000000000e+02
9.000000000000000000e+00 3.400000000000000000e+02
1.000000000000000000e+01 1.910000000000000000e+02
1.100000000000000000e+01 9.500000000000000000e+01
1.200000000000000000e+01 5.800000000000000000e+01
1.300000000000000000e+01 3.100000000000000000e+01
1.500000000000000000e+01 1.400000000000000000e+01
1.400000000000000000e+01 1.300000000000000000e+01
1.700000000000000000e+01 4.000000000000000000e+00
1.600000000000000000e+01 4.000000000000000000e+00
1.800000000000000000e+01 2.000000000000000000e+00
1.900000000000000000e+01 2.000000000000000000e+00

1.000000000000000000e+00 3.046622000000000000e+06
2.000000000000000000e+00 6.006700000000000000e+04
3.000000000000000000e+00 1.948600000000000000e+04
4.000000000000000000e+00 7.575000000000000000e+03
5.000000000000000000e+00 3.558000000000000000e+03
6.000000000000000000e+00 1.789000000000000000e+03
7.000000000000000000e+00 8.650000000000000000e+02
8.000000000000000000e+00 4.980000000000000000e+02
9.000000000000000000e+00 2.830000000000000000e+02
1.000000000000000000e+01 1.430000000000000000e+02
1.100000000000000000e+01 8.100000000000000000e+01
1.200000000000000000e+01 4.200000000000000000e+01
1.300000000000000000e+01 2.100000000000000000e+01
1.400000000000000000e+01 1.100000000000000000e+01
1.500000000000000000e+01 6.000000000000000000e+00
1.800000000000000000e+01 1.000000000000000000e+00
1.600000000000000000e+01 1.000000000000000000e+00

1.000000000000000000e+00 3.068886000000000000e+06
2.000000000000000000e+00 5.512300000000000000e+04
3.000000000000000000e+00 1.803900000000000000e+04
4.000000000000000000e+00 6.708000000000000000e+03
5.000000000000000000e+00 3.281000000000000000e+03
6.000000000000000000e+00 1.515000000000000000e+03
7.000000000000000000e+00 8.160000000000000000e+02
8.000000000000000000e+00 4.440000000000000000e+02
9.000000000000000000e+00 2.400000000000000000e+02
1.000000000000000000e+01 1.170000000000000000e+02
1.100000000000000000e+01 7.400000000000000000e+01
1.200000000000000000e+01 3.900000000000000000e+01
1.300000000000000000e+01 2.000000000000000000e+01
1.400000000000000000e+01 6.000000000000000000e+00
1.600000000000000000e+01 6.000000000000000000e+00
1.500000000000000000e+01 6.000000000000000000e+00
1.800000000000000000e+01 1.000000000000000000e+00

1.000000000000000000e+00 3.100833000000000000e+06
2.000000000000000000e+00 5.069900000000000000e+04
3.000000000000000000e+00 1.608100000000000000e+04
4.000000000000000000e+00 5.883000000000000000e+03
5.000000000000000000e+00 2.398000000000000000e+03
6.000000000000000000e+00 1.065000000000000000e+03
7.000000000000000000e+00 4.930000000000000000e+02
8.000000000000000000e+00 2.520000000000000000e+02
9.000000000000000000e+00 1.260000000000000000e+02
1.000000000000000000e+01 4.800000000000000000e+01
1.100000000000000000e+01 2.300000000000000000e+01
1.200000000000000000e+01 1.300000000000000000e+01
1.300000000000000000e+01 7.000000000000000000e+00
1.900000000000000000e+01 1.000000000000000000e+00
1.400000000000000000e+01 1.000000000000000000e+00

1.000000000000000000e+00 3.115406000000000000e+06
2.000000000000000000e+00 4.926300000000000000e+04
3.000000000000000000e+00 1.496400000000000000e+04
4.000000000000000000e+00 4.957000000000000000e+03
5.000000000000000000e+00 2.078000000000000000e+03
6.000000000000000000e+00 8.520000000000000000e+02
7.000000000000000000e+00 3.780000000000000000e+02
8.000000000000000000e+00 2.000000000000000000e+02
9.000000000000000000e+00 8.100000000000000000e+01
1.000000000000000000e+01 4.200000000000000000e+01
1.100000000000000000e+01 2.300000000000000000e+01
1.200000000000000000e+01 7.000000000000000000e+00
1.300000000000000000e+01 4.000000000000000000e+00
1.700000000000000000e+01 1.000000000000000000e+00
1.600000000000000000e+01 1.000000000000000000e+00
1.500000000000000000e+01 1.000000000000000000e+00
1.400000000000000000e+01 1.000000000000000000e+00

1.000000000000000000e+00 3.125164000000000000e+06
2.000000000000000000e+00 4.927200000000000000e+04
3.000000000000000000e+00 1.397600000000000000e+04
4.000000000000000000e+00 4.472000000000000000e+03
5.000000000000000000e+00 1.786000000000000000e+03
6.000000000000000000e+00 6.000000000000000000e+02
7.000000000000000000e+00 2.690000000000000000e+02
8.000000000000000000e+00 1.410000000000000000e+02
9.000000000000000000e+00 5.800000000000000000e+01
1.000000000000000000e+01 1.800000000000000000e+01
1.100000000000000000e+01 1.200000000000000000e+01
1.200000000000000000e+01 4.000000000000000000e+00
1.300000000000000000e+01 3.000000000000000000e+00
1.400000000000000000e+01 1.000000000000000000e+00

1.000000000000000000e+00 3.138557000000000000e+06
2.000000000000000000e+00 4.686200000000000000e+04
3.000000000000000000e+00 1.255400000000000000e+04
4.000000000000000000e+00 4.068000000000000000e+03
5.000000000000000000e+00 1.390000000000000000e+03
6.000000000000000000e+00 5.650000000000000000e+02
7.000000000000000000e+00 2.340000000000000000e+02
8.000000000000000000e+00 1.250000000000000000e+02
9.000000000000000000e+00 4.500000000000000000e+01
1.000000000000000000e+01 2.200000000000000000e+01
1.100000000000000000e+01 1.300000000000000000e+01
1.300000000000000000e+01 1.000000000000000000e+00
1.400000000000000000e+01 1.000000000000000000e+00
1.200000000000000000e+01 1.000000000000000000e+00

1.000000000000000000e+00 3.161173000000000000e+06
2.000000000000000000e+00 4.226300000000000000e+04
3.000000000000000000e+00 1.077000000000000000e+04
4.000000000000000000e+00 3.190000000000000000e+03
5.000000000000000000e+00 1.052000000000000000e+03
6.000000000000000000e+00 3.400000000000000000e+02
7.000000000000000000e+00 1.590000000000000000e+02
8.000000000000000000e+00 5.100000000000000000e+01
9.000000000000000000e+00 3.300000000000000000e+01
1.000000000000000000e+01 1.000000000000000000e+01
1.300000000000000000e+01 1.000000000000000000e+00

1.000000000000000000e+00 3.193282000000000000e+06
2.000000000000000000e+00 3.516100000000000000e+04
3.000000000000000000e+00 7.774000000000000000e+03
4.000000000000000000e+00 2.037000000000000000e+03
5.000000000000000000e+00 5.890000000000000000e+02
6.000000000000000000e+00 1.910000000000000000e+02
7.000000000000000000e+00 7.000000000000000000e+01
8.000000000000000000e+00 1.900000000000000000e+01
9.000000000000000000e+00 1.300000000000000000e+01
1.000000000000000000e+01 3.000000000000000000e+00
1.100000000000000000e+01 3.000000000000000000e+00
1.300000000000000000e+01 1.000000000000000000e+00

1.000000000000000000e+00 3.200376000000000000e+06
2.000000000000000000e+00 3.340200000000000000e+04
3.000000000000000000e+00 7.243000000000000000e+03
4.000000000000000000e+00 1.733000000000000000e+03
5.000000000000000000e+00 4.900000000000000000e+02
6.000000000000000000e+00 1.650000000000000000e+02
7.000000000000000000e+00 5.800000000000000000e+01
8.000000000000000000e+00 2.200000000000000000e+01
9.000000000000000000e+00 1.300000000000000000e+01
1.000000000000000000e+01 2.000000000000000000e+00

1.000000000000000000e+00 3.204548000000000000e+06
2.000000000000000000e+00 3.227500000000000000e+04
3.000000000000000000e+00 6.613000000000000000e+03
4.000000000000000000e+00 1.766000000000000000e+03
5.000000000000000000e+00 4.610000000000000000e+02
6.000000000000000000e+00 1.930000000000000000e+02
7.000000000000000000e+00 4.600000000000000000e+01
8.000000000000000000e+00 2.000000000000000000e+01
9.000000000000000000e+00 6.000000000000000000e+00

1.000000000000000000e+00 3.215281000000000000e+06
2.000000000000000000e+00 2.932700000000000000e+04
3.000000000000000000e+00 5.755000000000000000e+03
4.000000000000000000e+00 1.380000000000000000e+03
5.000000000000000000e+00 4.000000000000000000e+02
6.000000000000000000e+00 1.300000000000000000e+02
7.000000000000000000e+00 4.100000000000000000e+01
8.000000000000000000e+00 1.600000000000000000e+01
9.000000000000000000e+00 7.000000000000000000e+00
1.000000000000000000e+01 1.000000000000000000e+00
1.200000000000000000e+01 1.000000000000000000e+00

1.000000000000000000e+00 3.222993000000000000e+06
2.000000000000000000e+00 2.701700000000000000e+04
3.000000000000000000e+00 5.064000000000000000e+03
4.000000000000000000e+00 1.241000000000000000e+03
5.000000000000000000e+00 3.410000000000000000e+02
6.000000000000000000e+00 1.100000000000000000e+02
7.000000000000000000e+00 3.900000000000000000e+01
8.000000000000000000e+00 1.200000000000000000e+01
9.000000000000000000e+00 7.000000000000000000e+00
1.000000000000000000e+01 2.000000000000000000e+00

1.000000000000000000e+00 3.229906000000000000e+06
2.000000000000000000e+00 2.501400000000000000e+04
3.000000000000000000e+00 4.478000000000000000e+03
4.000000000000000000e+00 1.012000000000000000e+03
5.000000000000000000e+00 3.200000000000000000e+02
6.000000000000000000e+00 9.900000000000000000e+01
7.000000000000000000e+00 4.000000000000000000e+01
8.000000000000000000e+00 8.000000000000000000e+00
9.000000000000000000e+00 4.000000000000000000e+00
1.000000000000000000e+01 1.000000000000000000e+00

1.000000000000000000e+00 3.238441000000000000e+06
2.000000000000000000e+00 2.247300000000000000e+04
3.000000000000000000e+00 3.746000000000000000e+03
4.000000000000000000e+00 9.300000000000000000e+02
5.000000000000000000e+00 2.160000000000000000e+02
6.000000000000000000e+00 6.500000000000000000e+01
7.000000000000000000e+00 1.700000000000000000e+01
8.000000000000000000e+00 7.000000000000000000e+00
1.000000000000000000e+01 1.000000000000000000e+00

1.000000000000000000e+00 3.241296000000000000e+06
2.000000000000000000e+00 2.160700000000000000e+04
3.000000000000000000e+00 3.521000000000000000e+03
4.000000000000000000e+00 8.440000000000000000e+02
5.000000000000000000e+00 2.070000000000000000e+02
6.000000000000000000e+00 5.400000000000000000e+01
7.000000000000000000e+00 1.800000000000000000e+01
8.000000000000000000e+00 7.000000000000000000e+00
1.000000000000000000e+01 1.000000000000000000e+00

1.000000000000000000e+00 3.243489000000000000e+06
2.000000000000000000e+00 2.090200000000000000e+04
3.000000000000000000e+00 3.380000000000000000e+03
4.000000000000000000e+00 7.820000000000000000e+02
5.000000000000000000e+00 1.940000000000000000e+02
6.000000000000000000e+00 6.700000000000000000e+01
7.000000000000000000e+00 6.000000000000000000e+00
8.000000000000000000e+00 2.000000000000000000e+00
9.000000000000000000e+00 1.000000000000000000e+00

1.000000000000000000e+00 3.244632000000000000e+06
2.000000000000000000e+00 2.050400000000000000e+04
3.000000000000000000e+00 3.323000000000000000e+03
4.000000000000000000e+00 7.520000000000000000e+02
5.000000000000000000e+00 1.820000000000000000e+02
6.000000000000000000e+00 5.400000000000000000e+01
7.000000000000000000e+00 9.000000000000000000e+00
8.000000000000000000e+00 6.000000000000000000e+00
9.000000000000000000e+00 2.000000000000000000e+00
1.000000000000000000e+01 2.000000000000000000e+00

1.000000000000000000e+00 3.248120000000000000e+06
2.000000000000000000e+00 1.933100000000000000e+04
3.000000000000000000e+00 3.071000000000000000e+03
4.000000000000000000e+00 6.870000000000000000e+02
5.000000000000000000e+00 1.630000000000000000e+02
6.000000000000000000e+00 5.100000000000000000e+01
7.000000000000000000e+00 1.100000000000000000e+01
8.000000000000000000e+00 5.000000000000000000e+00
9.000000000000000000e+00 1.000000000000000000e+00
1.000000000000000000e+01 1.000000000000000000e+00

1.000000000000000000e+00 3.249370000000000000e+06
2.000000000000000000e+00 1.914500000000000000e+04
3.000000000000000000e+00 2.867000000000000000e+03
4.000000000000000000e+00 6.420000000000000000e+02
5.000000000000000000e+00 1.510000000000000000e+02
6.000000000000000000e+00 5.200000000000000000e+01
7.000000000000000000e+00 9.000000000000000000e+00
8.000000000000000000e+00 4.000000000000000000e+00
9.000000000000000000e+00 1.000000000000000000e+00

1.000000000000000000e+00 3.251537000000000000e+06
2.000000000000000000e+00 1.833900000000000000e+04
3.000000000000000000e+00 2.745000000000000000e+03
4.000000000000000000e+00 6.220000000000000000e+02
5.000000000000000000e+00 1.340000000000000000e+02
6.000000000000000000e+00 4.100000000000000000e+01
7.000000000000000000e+00 1.700000000000000000e+01
9.000000000000000000e+00 1.000000000000000000e+00
8.000000000000000000e+00 1.000000000000000000e+00
1.000000000000000000e+01 1.000000000000000000e+00

1.000000000000000000e+00 3.251199000000000000e+06
2.000000000000000000e+00 1.828800000000000000e+04
3.000000000000000000e+00 2.829000000000000000e+03
4.000000000000000000e+00 6.380000000000000000e+02
5.000000000000000000e+00 1.580000000000000000e+02
6.000000000000000000e+00 4.600000000000000000e+01
7.000000000000000000e+00 1.200000000000000000e+01
9.000000000000000000e+00 2.000000000000000000e+00
8.000000000000000000e+00 1.000000000000000000e+00
1.000000000000000000e+01 1.000000000000000000e+00

1.000000000000000000e+00 3.254173000000000000e+06
2.000000000000000000e+00 1.720400000000000000e+04
3.000000000000000000e+00 2.667000000000000000e+03
4.000000000000000000e+00 5.750000000000000000e+02
5.000000000000000000e+00 1.550000000000000000e+02
6.000000000000000000e+00 4.000000000000000000e+01
7.000000000000000000e+00 1.000000000000000000e+01
8.000000000000000000e+00 3.000000000000000000e+00
9.000000000000000000e+00 1.000000000000000000e+00

1.000000000000000000e+00 3.259386000000000000e+06
2.000000000000000000e+00 1.545500000000000000e+04
3.000000000000000000e+00 2.293000000000000000e+03
4.000000000000000000e+00 4.980000000000000000e+02
5.000000000000000000e+00 1.260000000000000000e+02
6.000000000000000000e+00 2.300000000000000000e+01
7.000000000000000000e+00 7.000000000000000000e+00
8.000000000000000000e+00 2.000000000000000000e+00

1.000000000000000000e+00 3.262547000000000000e+06
2.000000000000000000e+00 1.425800000000000000e+04
3.000000000000000000e+00 2.133000000000000000e+03
4.000000000000000000e+00 4.110000000000000000e+02
5.000000000000000000e+00 1.250000000000000000e+02
6.000000000000000000e+00 3.300000000000000000e+01
7.000000000000000000e+00 9.000000000000000000e+00
8.000000000000000000e+00 1.000000000000000000e+00

1.000000000000000000e+00 3.262967000000000000e+06
2.000000000000000000e+00 1.401500000000000000e+04
3.000000000000000000e+00 2.180000000000000000e+03
4.000000000000000000e+00 4.400000000000000000e+02
5.000000000000000000e+00 1.010000000000000000e+02
6.000000000000000000e+00 2.700000000000000000e+01
7.000000000000000000e+00 4.000000000000000000e+00
8.000000000000000000e+00 1.000000000000000000e+00

