1.000000000000000000e+00 2.555221000000000000e+06
1.500000000000000000e+01 4.579000000000000000e+03
1.600000000000000000e+01 4.579000000000000000e+03
1.400000000000000000e+01 4.491000000000000000e+03
1.700000000000000000e+01 4.103000000000000000e+03
1.300000000000000000e+01 4.005000000000000000e+03
1.800000000000000000e+01 3.544000000000000000e+03
2.000000000000000000e+00 3.514000000000000000e+03
1.200000000000000000e+01 3.452000000000000000e+03
1.900000000000000000e+01 2.994000000000000000e+03
1.100000000000000000e+01 2.844000000000000000e+03
1.000000000000000000e+01 2.253000000000000000e+03
2.000000000000000000e+01 2.182000000000000000e+03
9.000000000000000000e+00 1.682000000000000000e+03
2.100000000000000000e+01 1.636000000000000000e+03
3.000000000000000000e+00 1.335000000000000000e+03
8.000000000000000000e+00 1.247000000000000000e+03
2.200000000000000000e+01 1.139000000000000000e+03
7.000000000000000000e+00 9.900000000000000000e+02
4.000000000000000000e+00 8.720000000000000000e+02
6.000000000000000000e+00 8.420000000000000000e+02
5.000000000000000000e+00 7.720000000000000000e+02
2.300000000000000000e+01 7.180000000000000000e+02
2.400000000000000000e+01 4.610000000000000000e+02
2.500000000000000000e+01 2.610000000000000000e+02
2.600000000000000000e+01 1.630000000000000000e+02
2.700000000000000000e+01 9.500000000000000000e+01
2.800000000000000000e+01 4.800000000000000000e+01
2.900000000000000000e+01 2.200000000000000000e+01
3.000000000000000000e+01 1.200000000000000000e+01
3.100000000000000000e+01 9.000000000000000000e+00
3.200000000000000000e+01 3.000000000000000000e+00
3.500000000000000000e+01 2.000000000000000000e+00

1.000000000000000000e+00 2.573206000000000000e+06
1.500000000000000000e+01 4.533000000000000000e+03
1.400000000000000000e+01 4.384000000000000000e+03
1.600000000000000000e+01 4.349000000000000000e+03
1.300000000000000000e+01 4.065000000000000000e+03
2.000000000000000000e+00 3.918000000000000000e+03
1.700000000000000000e+01 3.865000000000000000e+03
1.200000000000000000e+01 3.610000000000000000e+03
1.800000000000000000e+01 3.333000000000000000e+03
1.100000000000000000e+01 3.014000000000000000e+03
1.900000000000000000e+01 2.621000000000000000e+03
1.000000000000000000e+01 2.423000000000000000e+03
2.000000000000000000e+01 2.017000000000000000e+03
9.000000000000000000e+00 1.915000000000000000e+03
3.000000000000000000e+00 1.561000000000000000e+03
2.100000000000000000e+01 1.412000000000000000e+03
8.000000000000000000e+00 1.407000000000000000e+03
7.000000000000000000e+00 1.148000000000000000e+03
2.200000000000000000e+01 1.077000000000000000e+03
4.000000000000000000e+00 1.067000000000000000e+03
6.000000000000000000e+00 1.003000000000000000e+03
5.000000000000000000e+00 9.600000000000000000e+02
2.300000000000000000e+01 6.840000000000000000e+02
2.400000000000000000e+01 4.190000000000000000e+02
2.500000000000000000e+01 2.670000000000000000e+02
2.600000000000000000e+01 1.600000000000000000e+02
2.700000000000000000e+01 8.600000000000000000e+01
2.800000000000000000e+01 3.000000000000000000e+01
2.900000000000000000e+01 2.200000000000000000e+01
3.000000000000000000e+01 1.200000000000000000e+01
3.100000000000000000e+01 3.000000000000000000e+00
3.200000000000000000e+01 2.000000000000000000e+00
3.400000000000000000e+01 1.000000000000000000e+00

1.000000000000000000e+00 2.599465000000000000e+06
2.000000000000000000e+00 4.636000000000000000e+03
1.400000000000000000e+01 4.386000000000000000e+03
1.500000000000000000e+01 4.371000000000000000e+03
1.600000000000000000e+01 4.136000000000000000e+03
1.300000000000000000e+01 4.121000000000000000e+03
1.200000000000000000e+01 3.806000000000000000e+03
1.700000000000000000e+01 3.567000000000000000e+03
1.100000000000000000e+01 3.301000000000000000e+03
1.800000000000000000e+01 2.937000000000000000e+03
1.000000000000000000e+01 2.642000000000000000e+03
1.900000000000000000e+01 2.280000000000000000e+03
9.000000000000000000e+00 2.226000000000000000e+03
3.000000000000000000e+00 1.883000000000000000e+03
8.000000000000000000e+00 1.734000000000000000e+03
2.000000000000000000e+01 1.715000000000000000e+03
7.000000000000000000e+00 1.393000000000000000e+03
4.000000000000000000e+00 1.288000000000000000e+03
2.100000000000000000e+01 1.212000000000000000e+03
5.000000000000000000e+00 1.165000000000000000e+03
6.000000000000000000e+00 1.149000000000000000e+03
2.200000000000000000e+01 8.660000000000000000e+02
2.300000000000000000e+01 5.960000000000000000e+02
2.400000000000000000e+01 3.250000000000000000e+02
2.500000000000000000e+01 2.110000000000000000e+02
2.600000000000000000e+01 1.110000000000000000e+02
2.700000000000000000e+01 6.600000000000000000e+01
2.800000000000000000e+01 3.700000000000000000e+01
3.000000000000000000e+01 1.000000000000000000e+01
2.900000000000000000e+01 1.000000000000000000e+01
3.100000000000000000e+01 3.000000000000000000e+00
3.300000000000000000e+01 2.000000000000000000e+00
3.200000000000000000e+01 2.000000000000000000e+00
3.600000000000000000e+01 1.000000000000000000e+00

1.000000000000000000e+00 2.627688000000000000e+06
2.000000000000000000e+00 5.480000000000000000e+03
1.400000000000000000e+01 4.202000000000000000e+03
1.500000000000000000e+01 4.181000000000000000e+03
1.300000000000000000e+01 4.180000000000000000e+03
1.200000000000000000e+01 3.958000000000000000e+03
1.600000000000000000e+01 3.714000000000000000e+03
1.100000000000000000e+01 3.357000000000000000e+03
1.700000000000000000e+01 3.303000000000000000e+03
1.000000000000000000e+01 2.868000000000000000e+03
1.800000000000000000e+01 2.648000000000000000e+03
9.000000000000000000e+00 2.422000000000000000e+03
3.000000000000000000e+00 2.399000000000000000e+03
1.900000000000000000e+01 1.990000000000000000e+03
8.000000000000000000e+00 1.940000000000000000e+03
7.000000000000000000e+00 1.669000000000000000e+03
4.000000000000000000e+00 1.555000000000000000e+03
2.000000000000000000e+01 1.501000000000000000e+03
5.000000000000000000e+00 1.440000000000000000e+03
6.000000000000000000e+00 1.410000000000000000e+03
2.100000000000000000e+01 1.072000000000000000e+03
2.200000000000000000e+01 6.950000000000000000e+02
2.300000000000000000e+01 4.180000000000000000e+02
2.400000000000000000e+01 2.950000000000000000e+02
2.500000000000000000e+01 1.560000000000000000e+02
2.600000000000000000e+01 9.200000000000000000e+01
2.700000000000000000e+01 4.100000000000000000e+01
2.800000000000000000e+01 2.300000000000000000e+01
2.900000000000000000e+01 1.600000000000000000e+01
3.000000000000000000e+01 3.000000000000000000e+00
3.100000000000000000e+01 2.000000000000000000e+00
3.200000000000000000e+01 2.000000000000000000e+00

1.000000000000000000e+00 2.657295000000000000e+06
2.000000000000000000e+00 6.208000000000000000e+03
1.300000000000000000e+01 4.166000000000000000e+03
1.400000000000000000e+01 4.159000000000000000e+03
1.200000000000000000e+01 3.928000000000000000e+03
1.500000000000000000e+01 3.922000000000000000e+03
1.100000000000000000e+01 3.527000000000000000e+03
1.600000000000000000e+01 3.511000000000000000e+03
1.000000000000000000e+01 3.098000000000000000e+03
3.000000000000000000e+00 2.754000000000000000e+03
1.700000000000000000e+01 2.747000000000000000e+03
9.000000000000000000e+00 2.682000000000000000e+03
8.000000000000000000e+00 2.250000000000000000e+03
1.800000000000000000e+01 2.238000000000000000e+03
7.000000000000000000e+00 1.957000000000000000e+03
4.000000000000000000e+00 1.943000000000000000e+03
1.900000000000000000e+01 1.791000000000000000e+03
6.000000000000000000e+00 1.785000000000000000e+03
5.000000000000000000e+00 1.779000000000000000e+03
2.000000000000000000e+01 1.225000000000000000e+03
2.100000000000000000e+01 8.290000000000000000e+02
2.200000000000000000e+01 5.540000000000000000e+02
2.300000000000000000e+01 3.870000000000000000e+02
2.400000000000000000e+01 2.050000000000000000e+02
2.500000000000000000e+01 9.700000000000000000e+01
2.600000000000000000e+01 5.400000000000000000e+01
2.700000000000000000e+01 3.600000000000000000e+01
2.800000000000000000e+01 1.100000000000000000e+01
2.900000000000000000e+01 1.000000000000000000e+01
3.000000000000000000e+01 5.000000000000000000e+00
3.100000000000000000e+01 1.000000000000000000e+00

1.000000000000000000e+00 2.689056000000000000e+06
2.000000000000000000e+00 7.047000000000000000e+03
1.300000000000000000e+01 4.124000000000000000e+03
1.200000000000000000e+01 3.993000000000000000e+03
1.400000000000000000e+01 3.942000000000000000e+03
1.100000000000000000e+01 3.887000000000000000e+03
1.500000000000000000e+01 3.606000000000000000e+03
1.000000000000000000e+01 3.334000000000000000e+03
3.000000000000000000e+00 3.257000000000000000e+03
1.600000000000000000e+01 3.011000000000000000e+03
9.000000000000000000e+00 2.984000000000000000e+03
8.000000000000000000e+00 2.566000000000000000e+03
1.700000000000000000e+01 2.538000000000000000e+03
4.000000000000000000e+00 2.208000000000000000e+03
7.000000000000000000e+00 2.187000000000000000e+03
6.000000000000000000e+00 2.060000000000000000e+03
5.000000000000000000e+00 1.967000000000000000e+03
1.800000000000000000e+01 1.946000000000000000e+03
1.900000000000000000e+01 1.350000000000000000e+03
2.000000000000000000e+01 1.009000000000000000e+03
2.100000000000000000e+01 6.180000000000000000e+02
2.200000000000000000e+01 3.990000000000000000e+02
2.300000000000000000e+01 2.520000000000000000e+02
2.400000000000000000e+01 1.310000000000000000e+02
2.500000000000000000e+01 6.700000000000000000e+01
2.600000000000000000e+01 3.700000000000000000e+01
2.700000000000000000e+01 2.100000000000000000e+01
2.800000000000000000e+01 9.000000000000000000e+00
3.200000000000000000e+01 1.000000000000000000e+00
3.300000000000000000e+01 1.000000000000000000e+00
2.900000000000000000e+01 1.000000000000000000e+00
3.000000000000000000e+01 1.000000000000000000e+00

1.000000000000000000e+00 2.719827000000000000e+06
2.000000000000000000e+00 8.078000000000000000e+03
1.200000000000000000e+01 3.964000000000000000e+03
1.300000000000000000e+01 3.936000000000000000e+03
1.100000000000000000e+01 3.857000000000000000e+03
3.000000000000000000e+00 3.846000000000000000e+03
1.400000000000000000e+01 3.676000000000000000e+03
1.000000000000000000e+01 3.581000000000000000e+03
9.000000000000000000e+00 3.271000000000000000e+03
1.500000000000000000e+01 3.213000000000000000e+03
8.000000000000000000e+00 2.816000000000000000e+03
4.000000000000000000e+00 2.722000000000000000e+03
1.600000000000000000e+01 2.682000000000000000e+03
7.000000000000000000e+00 2.491000000000000000e+03
6.000000000000000000e+00 2.470000000000000000e+03
5.000000000000000000e+00 2.328000000000000000e+03
1.700000000000000000e+01 2.079000000000000000e+03
1.800000000000000000e+01 1.603000000000000000e+03
1.900000000000000000e+01 1.097000000000000000e+03
2.000000000000000000e+01 7.690000000000000000e+02
2.100000000000000000e+01 4.880000000000000000e+02
2.200000000000000000e+01 2.960000000000000000e+02
2.300000000000000000e+01 1.850000000000000000e+02
2.400000000000000000e+01 9.700000000000000000e+01
2.500000000000000000e+01 4.200000000000000000e+01
2.600000000000000000e+01 2.500000000000000000e+01
2.700000000000000000e+01 1.300000000000000000e+01
2.800000000000000000e+01 8.000000000000000000e+00
2.900000000000000000e+01 5.000000000000000000e+00

1.000000000000000000e+00 2.757999000000000000e+06
2.000000000000000000e+00 9.338000000000000000e+03
3.000000000000000000e+00 4.608000000000000000e+03
1.200000000000000000e+01 4.024000000000000000e+03
1.100000000000000000e+01 3.916000000000000000e+03
1.000000000000000000e+01 3.773000000000000000e+03
1.300000000000000000e+01 3.670000000000000000e+03
9.000000000000000000e+00 3.429000000000000000e+03
1.400000000000000000e+01 3.330000000000000000e+03
4.000000000000000000e+00 3.179000000000000000e+03
8.000000000000000000e+00 3.137000000000000000e+03
7.000000000000000000e+00 2.933000000000000000e+03
1.500000000000000000e+01 2.811000000000000000e+03
6.000000000000000000e+00 2.714000000000000000e+03
5.000000000000000000e+00 2.702000000000000000e+03
1.600000000000000000e+01 2.183000000000000000e+03
1.700000000000000000e+01 1.775000000000000000e+03
1.800000000000000000e+01 1.213000000000000000e+03
1.900000000000000000e+01 8.130000000000000000e+02
2.000000000000000000e+01 4.690000000000000000e+02
2.100000000000000000e+01 2.670000000000000000e+02
2.200000000000000000e+01 1.650000000000000000e+02
2.300000000000000000e+01 8.300000000000000000e+01
2.400000000000000000e+01 4.300000000000000000e+01
2.500000000000000000e+01 2.500000000000000000e+01
2.600000000000000000e+01 6.000000000000000000e+00
2.700000000000000000e+01 5.000000000000000000e+00
2.800000000000000000e+01 2.000000000000000000e+00

1.000000000000000000e+00 2.799239000000000000e+06
2.000000000000000000e+00 1.109700000000000000e+04
3.000000000000000000e+00 5.329000000000000000e+03
1.000000000000000000e+01 3.898000000000000000e+03
4.000000000000000000e+00 3.772000000000000000e+03
1.200000000000000000e+01 3.746000000000000000e+03
1.100000000000000000e+01 3.741000000000000000e+03
9.000000000000000000e+00 3.679000000000000000e+03
8.000000000000000000e+00 3.420000000000000000e+03
1.300000000000000000e+01 3.341000000000000000e+03
5.000000000000000000e+00 3.197000000000000000e+03
7.000000000000000000e+00 3.175000000000000000e+03
6.000000000000000000e+00 3.120000000000000000e+03
1.400000000000000000e+01 2.829000000000000000e+03
1.500000000000000000e+01 2.284000000000000000e+03
1.600000000000000000e+01 1.724000000000000000e+03
1.700000000000000000e+01 1.224000000000000000e+03
1.800000000000000000e+01 8.180000000000000000e+02
1.900000000000000000e+01 5.630000000000000000e+02
2.000000000000000000e+01 3.110000000000000000e+02
2.100000000000000000e+01 1.750000000000000000e+02
2.200000000000000000e+01 1.000000000000000000e+02
2.300000000000000000e+01 4.400000000000000000e+01
2.400000000000000000e+01 1.700000000000000000e+01
2.500000000000000000e+01 1.100000000000000000e+01
2.600000000000000000e+01 3.000000000000000000e+00
2.800000000000000000e+01 1.000000000000000000e+00

1.000000000000000000e+00 2.846610000000000000e+06
2.000000000000000000e+00 1.281900000000000000e+04
3.000000000000000000e+00 6.358000000000000000e+03
4.000000000000000000e+00 4.424000000000000000e+03
5.000000000000000000e+00 3.862000000000000000e+03
9.000000000000000000e+00 3.841000000000000000e+03
1.000000000000000000e+01 3.669000000000000000e+03
8.000000000000000000e+00 3.633000000000000000e+03
6.000000000000000000e+00 3.578000000000000000e+03
1.100000000000000000e+01 3.571000000000000000e+03
7.000000000000000000e+00 3.486000000000000000e+03
1.200000000000000000e+01 3.320000000000000000e+03
1.300000000000000000e+01 2.742000000000000000e+03
1.400000000000000000e+01 2.207000000000000000e+03
1.500000000000000000e+01 1.666000000000000000e+03
1.600000000000000000e+01 1.247000000000000000e+03
1.700000000000000000e+01 8.230000000000000000e+02
1.800000000000000000e+01 5.100000000000000000e+02
1.900000000000000000e+01 2.780000000000000000e+02
2.000000000000000000e+01 1.700000000000000000e+02
2.100000000000000000e+01 7.300000000000000000e+01
2.200000000000000000e+01 4.200000000000000000e+01
2.300000000000000000e+01 1.600000000000000000e+01
2.400000000000000000e+01 6.000000000000000000e+00
2.500000000000000000e+01 2.000000000000000000e+00

1.000000000000000000e+00 2.905463000000000000e+06
2.000000000000000000e+00 1.432400000000000000e+04
3.000000000000000000e+00 7.315000000000000000e+03
4.000000000000000000e+00 5.115000000000000000e+03
5.000000000000000000e+00 4.235000000000000000e+03
6.000000000000000000e+00 3.759000000000000000e+03
8.000000000000000000e+00 3.670000000000000000e+03
7.000000000000000000e+00 3.625000000000000000e+03
9.000000000000000000e+00 3.591000000000000000e+03
1.000000000000000000e+01 3.396000000000000000e+03
1.100000000000000000e+01 2.957000000000000000e+03
1.200000000000000000e+01 2.557000000000000000e+03
1.300000000000000000e+01 2.072000000000000000e+03
1.400000000000000000e+01 1.581000000000000000e+03
1.500000000000000000e+01 1.123000000000000000e+03
1.600000000000000000e+01 7.250000000000000000e+02
1.700000000000000000e+01 4.510000000000000000e+02
1.800000000000000000e+01 2.580000000000000000e+02
1.900000000000000000e+01 1.730000000000000000e+02
2.000000000000000000e+01 6.400000000000000000e+01
2.100000000000000000e+01 2.600000000000000000e+01
2.200000000000000000e+01 1.200000000000000000e+01
2.300000000000000000e+01 1.000000000000000000e+01
2.400000000000000000e+01 3.000000000000000000e+00
2.500000000000000000e+01 1.000000000000000000e+00

1.000000000000000000e+00 2.955260000000000000e+06
2.000000000000000000e+00 1.568600000000000000e+04
3.000000000000000000e+00 8.192000000000000000e+03
4.000000000000000000e+00 5.627000000000000000e+03
5.000000000000000000e+00 4.659000000000000000e+03
6.000000000000000000e+00 3.951000000000000000e+03
7.000000000000000000e+00 3.639000000000000000e+03
8.000000000000000000e+00 3.489000000000000000e+03
9.000000000000000000e+00 3.116000000000000000e+03
1.000000000000000000e+01 2.819000000000000000e+03
1.100000000000000000e+01 2.411000000000000000e+03
1.200000000000000000e+01 2.008000000000000000e+03
1.300000000000000000e+01 1.459000000000000000e+03
1.400000000000000000e+01 1.029000000000000000e+03
1.500000000000000000e+01 6.880000000000000000e+02
1.600000000000000000e+01 4.200000000000000000e+02
1.700000000000000000e+01 2.350000000000000000e+02
1.800000000000000000e+01 1.290000000000000000e+02
1.900000000000000000e+01 7.200000000000000000e+01
2.000000000000000000e+01 2.900000000000000000e+01
2.100000000000000000e+01 9.000000000000000000e+00
2.300000000000000000e+01 4.000000000000000000e+00
2.200000000000000000e+01 4.000000000000000000e+00

1.000000000000000000e+00 3.000849000000000000e+06
2.000000000000000000e+00 1.719100000000000000e+04
3.000000000000000000e+00 8.797000000000000000e+03
4.000000000000000000e+00 5.920000000000000000e+03
5.000000000000000000e+00 4.718000000000000000e+03
6.000000000000000000e+00 3.935000000000000000e+03
7.000000000000000000e+00 3.453000000000000000e+03
8.000000000000000000e+00 3.137000000000000000e+03
9.000000000000000000e+00 2.715000000000000000e+03
1.000000000000000000e+01 2.363000000000000000e+03
1.100000000000000000e+01 1.754000000000000000e+03
1.200000000000000000e+01 1.353000000000000000e+03
1.300000000000000000e+01 9.770000000000000000e+02
1.400000000000000000e+01 6.500000000000000000e+02
1.500000000000000000e+01 3.840000000000000000e+02
1.600000000000000000e+01 2.220000000000000000e+02
1.700000000000000000e+01 1.140000000000000000e+02
1.800000000000000000e+01 4.800000000000000000e+01
1.900000000000000000e+01 2.100000000000000000e+01
2.000000000000000000e+01 1.400000000000000000e+01
2.100000000000000000e+01 2.000000000000000000e+00

1.000000000000000000e+00 3.050585000000000000e+06
2.000000000000000000e+00 1.865700000000000000e+04
3.000000000000000000e+00 9.173000000000000000e+03
4.000000000000000000e+00 5.950000000000000000e+03
5.000000000000000000e+00 4.398000000000000000e+03
6.000000000000000000e+00 3.709000000000000000e+03
7.000000000000000000e+00 3.017000000000000000e+03
8.000000000000000000e+00 2.493000000000000000e+03
9.000000000000000000e+00 2.113000000000000000e+03
1.000000000000000000e+01 1.567000000000000000e+03
1.100000000000000000e+01 1.208000000000000000e+03
1.200000000000000000e+01 8.610000000000000000e+02
1.300000000000000000e+01 5.180000000000000000e+02
1.400000000000000000e+01 3.220000000000000000e+02
1.500000000000000000e+01 2.080000000000000000e+02
1.600000000000000000e+01 8.100000000000000000e+01
1.700000000000000000e+01 5.000000000000000000e+01
1.800000000000000000e+01 2.500000000000000000e+01
1.900000000000000000e+01 1.000000000000000000e+01
2.000000000000000000e+01 1.000000000000000000e+00

1.000000000000000000e+00 3.092122000000000000e+06
2.000000000000000000e+00 1.944900000000000000e+04
3.000000000000000000e+00 9.250000000000000000e+03
4.000000000000000000e+00 5.741000000000000000e+03
5.000000000000000000e+00 4.184000000000000000e+03
6.000000000000000000e+00 3.187000000000000000e+03
7.000000000000000000e+00 2.479000000000000000e+03
8.000000000000000000e+00 1.930000000000000000e+03
9.000000000000000000e+00 1.509000000000000000e+03
1.000000000000000000e+01 1.044000000000000000e+03
1.100000000000000000e+01 7.600000000000000000e+02
1.200000000000000000e+01 4.560000000000000000e+02
1.300000000000000000e+01 2.630000000000000000e+02
1.400000000000000000e+01 1.370000000000000000e+02
1.500000000000000000e+01 7.300000000000000000e+01
1.600000000000000000e+01 3.800000000000000000e+01
1.700000000000000000e+01 1.700000000000000000e+01
1.800000000000000000e+01 6.000000000000000000e+00
1.900000000000000000e+01 4.000000000000000000e+00
2.200000000000000000e+01 1.000000000000000000e+00
2.300000000000000000e+01 1.000000000000000000e+00
2.000000000000000000e+01 1.000000000000000000e+00

1.000000000000000000e+00 3.122763000000000000e+06
2.000000000000000000e+00 1.960500000000000000e+04
3.000000000000000000e+00 9.176000000000000000e+03
4.000000000000000000e+00 5.377000000000000000e+03
5.000000000000000000e+00 3.634000000000000000e+03
6.000000000000000000e+00 2.631000000000000000e+03
7.000000000000000000e+00 1.996000000000000000e+03
8.000000000000000000e+00 1.493000000000000000e+03
9.000000000000000000e+00 1.029000000000000000e+03
1.000000000000000000e+01 7.790000000000000000e+02
1.100000000000000000e+01 4.480000000000000000e+02
1.200000000000000000e+01 2.850000000000000000e+02
1.300000000000000000e+01 1.600000000000000000e+02
1.400000000000000000e+01 7.000000000000000000e+01
1.500000000000000000e+01 2.300000000000000000e+01
1.600000000000000000e+01 1.100000000000000000e+01
1.700000000000000000e+01 5.000000000000000000e+00
1.800000000000000000e+01 3.000000000000000000e+00

1.000000000000000000e+00 3.150455000000000000e+06
2.000000000000000000e+00 1.938300000000000000e+04
3.000000000000000000e+00 8.775000000000000000e+03
4.000000000000000000e+00 4.846000000000000000e+03
5.000000000000000000e+00 3.164000000000000000e+03
6.000000000000000000e+00 2.181000000000000000e+03
7.000000000000000000e+00 1.520000000000000000e+03
8.000000000000000000e+00 1.072000000000000000e+03
9.000000000000000000e+00 7.410000000000000000e+02
1.000000000000000000e+01 4.200000000000000000e+02
1.100000000000000000e+01 2.350000000000000000e+02
1.200000000000000000e+01 1.520000000000000000e+02
1.300000000000000000e+01 6.500000000000000000e+01
1.400000000000000000e+01 3.300000000000000000e+01
1.500000000000000000e+01 2.100000000000000000e+01
1.600000000000000000e+01 3.000000000000000000e+00

1.000000000000000000e+00 3.167974000000000000e+06
2.000000000000000000e+00 1.919100000000000000e+04
3.000000000000000000e+00 8.409000000000000000e+03
4.000000000000000000e+00 4.562000000000000000e+03
5.000000000000000000e+00 2.772000000000000000e+03
6.000000000000000000e+00 1.841000000000000000e+03
7.000000000000000000e+00 1.222000000000000000e+03
8.000000000000000000e+00 7.670000000000000000e+02
9.000000000000000000e+00 4.760000000000000000e+02
1.000000000000000000e+01 2.840000000000000000e+02
1.100000000000000000e+01 1.550000000000000000e+02
1.200000000000000000e+01 8.600000000000000000e+01
1.300000000000000000e+01 3.000000000000000000e+01
1.400000000000000000e+01 1.000000000000000000e+01
1.500000000000000000e+01 1.000000000000000000e+01
1.600000000000000000e+01 2.000000000000000000e+00

1.000000000000000000e+00 3.177602000000000000e+06
2.000000000000000000e+00 1.901600000000000000e+04
3.000000000000000000e+00 7.926000000000000000e+03
4.000000000000000000e+00 4.399000000000000000e+03
5.000000000000000000e+00 2.516000000000000000e+03
6.000000000000000000e+00 1.580000000000000000e+03
7.000000000000000000e+00 1.052000000000000000e+03
8.000000000000000000e+00 6.050000000000000000e+02
9.000000000000000000e+00 4.080000000000000000e+02
1.000000000000000000e+01 2.310000000000000000e+02
1.100000000000000000e+01 1.270000000000000000e+02
1.200000000000000000e+01 5.800000000000000000e+01
1.300000000000000000e+01 2.800000000000000000e+01
1.400000000000000000e+01 1.500000000000000000e+01
1.600000000000000000e+01 2.000000000000000000e+00
1.500000000000000000e+01 2.000000000000000000e+00
1.700000000000000000e+01 1.000000000000000000e+00

1.000000000000000000e+00 3.185416000000000000e+06
2.000000000000000000e+00 1.858400000000000000e+04
3.000000000000000000e+00 7.874000000000000000e+03
4.000000000000000000e+00 4.196000000000000000e+03
5.000000000000000000e+00 2.398000000000000000e+03
6.000000000000000000e+00 1.434000000000000000e+03
7.000000000000000000e+00 8.850000000000000000e+02
8.000000000000000000e+00 5.470000000000000000e+02
9.000000000000000000e+00 3.000000000000000000e+02
1.000000000000000000e+01 1.690000000000000000e+02
1.100000000000000000e+01 6.800000000000000000e+01
1.200000000000000000e+01 3.200000000000000000e+01
1.300000000000000000e+01 1.500000000000000000e+01
1.400000000000000000e+01 7.000000000000000000e+00
1.500000000000000000e+01 2.000000000000000000e+00

1.000000000000000000e+00 3.191680000000000000e+06
2.000000000000000000e+00 1.856800000000000000e+04
3.000000000000000000e+00 7.592000000000000000e+03
4.000000000000000000e+00 3.881000000000000000e+03
5.000000000000000000e+00 2.228000000000000000e+03
6.000000000000000000e+00 1.358000000000000000e+03
7.000000000000000000e+00 7.730000000000000000e+02
8.000000000000000000e+00 4.870000000000000000e+02
9.000000000000000000e+00 2.400000000000000000e+02
1.000000000000000000e+01 1.100000000000000000e+02
1.100000000000000000e+01 4.800000000000000000e+01
1.200000000000000000e+01 2.600000000000000000e+01
1.300000000000000000e+01 9.000000000000000000e+00
1.400000000000000000e+01 3.000000000000000000e+00
1.500000000000000000e+01 2.000000000000000000e+00

1.000000000000000000e+00 3.196000000000000000e+06
2.000000000000000000e+00 1.835600000000000000e+04
3.000000000000000000e+00 7.294000000000000000e+03
4.000000000000000000e+00 3.710000000000000000e+03
5.000000000000000000e+00 2.168000000000000000e+03
6.000000000000000000e+00 1.311000000000000000e+03
7.000000000000000000e+00 6.900000000000000000e+02
8.000000000000000000e+00 4.230000000000000000e+02
9.000000000000000000e+00 2.040000000000000000e+02
1.000000000000000000e+01 1.010000000000000000e+02
1.100000000000000000e+01 3.900000000000000000e+01
1.200000000000000000e+01 2.200000000000000000e+01
1.300000000000000000e+01 5.000000000000000000e+00
1.400000000000000000e+01 3.000000000000000000e+00

1.000000000000000000e+00 3.199652000000000000e+06
2.000000000000000000e+00 1.820900000000000000e+04
3.000000000000000000e+00 7.322000000000000000e+03
4.000000000000000000e+00 3.649000000000000000e+03
5.000000000000000000e+00 1.995000000000000000e+03
6.000000000000000000e+00 1.127000000000000000e+03
7.000000000000000000e+00 6.390000000000000000e+02
8.000000000000000000e+00 3.860000000000000000e+02
9.000000000000000000e+00 1.750000000000000000e+02
1.000000000000000000e+01 8.900000000000000000e+01
1.100000000000000000e+01 3.800000000000000000e+01
1.200000000000000000e+01 1.200000000000000000e+01
1.400000000000000000e+01 2.000000000000000000e+00
1.500000000000000000e+01 1.000000000000000000e+00

1.000000000000000000e+00 3.208334000000000000e+06
2.000000000000000000e+00 1.753200000000000000e+04
3.000000000000000000e+00 6.865000000000000000e+03
4.000000000000000000e+00 3.291000000000000000e+03
5.000000000000000000e+00 1.763000000000000000e+03
6.000000000000000000e+00 9.740000000000000000e+02
7.000000000000000000e+00 5.170000000000000000e+02
8.000000000000000000e+00 2.800000000000000000e+02
9.000000000000000000e+00 1.480000000000000000e+02
1.000000000000000000e+01 6.400000000000000000e+01
1.100000000000000000e+01 2.100000000000000000e+01
1.200000000000000000e+01 8.000000000000000000e+00
1.300000000000000000e+01 2.000000000000000000e+00

1.000000000000000000e+00 3.213321000000000000e+06
2.000000000000000000e+00 1.726700000000000000e+04
3.000000000000000000e+00 6.479000000000000000e+03
4.000000000000000000e+00 3.099000000000000000e+03
5.000000000000000000e+00 1.682000000000000000e+03
6.000000000000000000e+00 8.560000000000000000e+02
7.000000000000000000e+00 4.800000000000000000e+02
8.000000000000000000e+00 2.090000000000000000e+02
9.000000000000000000e+00 1.070000000000000000e+02
1.000000000000000000e+01 4.800000000000000000e+01
1.100000000000000000e+01 1.300000000000000000e+01
1.200000000000000000e+01 9.000000000000000000e+00
1.300000000000000000e+01 2.000000000000000000e+00
1.400000000000000000e+01 1.000000000000000000e+00

1.000000000000000000e+00 3.221777000000000000e+06
2.000000000000000000e+00 1.667800000000000000e+04
3.000000000000000000e+00 5.942000000000000000e+03
4.000000000000000000e+00 2.748000000000000000e+03
5.000000000000000000e+00 1.396000000000000000e+03
6.000000000000000000e+00 6.720000000000000000e+02
7.000000000000000000e+00 3.320000000000000000e+02
8.000000000000000000e+00 1.660000000000000000e+02
9.000000000000000000e+00 8.100000000000000000e+01
1.000000000000000000e+01 3.900000000000000000e+01
1.100000000000000000e+01 1.400000000000000000e+01
1.200000000000000000e+01 7.000000000000000000e+00
1.300000000000000000e+01 1.000000000000000000e+00
1.500000000000000000e+01 1.000000000000000000e+00

1.000000000000000000e+00 3.230210000000000000e+06
2.000000000000000000e+00 1.577300000000000000e+04
3.000000000000000000e+00 5.487000000000000000e+03
4.000000000000000000e+00 2.388000000000000000e+03
5.000000000000000000e+00 1.162000000000000000e+03
6.000000000000000000e+00 5.330000000000000000e+02
7.000000000000000000e+00 2.330000000000000000e+02
8.000000000000000000e+00 1.200000000000000000e+02
9.000000000000000000e+00 4.200000000000000000e+01
1.000000000000000000e+01 1.700000000000000000e+01
1.100000000000000000e+01 3.000000000000000000e+00
1.200000000000000000e+01 2.000000000000000000e+00
1.300000000000000000e+01 1.000000000000000000e+00
1.400000000000000000e+01 1.000000000000000000e+00

1.000000000000000000e+00 2.547678000000000000e+06
1.500000000000000000e+01 4.774000000000000000e+03
1.600000000000000000e+01 4.627000000000000000e+03
1.400000000000000000e+01 4.552000000000000000e+03
1.700000000000000000e+01 4.206000000000000000e+03
1.300000000000000000e+01 4.067000000000000000e+03
1.800000000000000000e+01 3.715000000000000000e+03
2.000000000000000000e+00 3.394000000000000000e+03
1.200000000000000000e+01 3.304000000000000000e+03
1.900000000000000000e+01 2.969000000000000000e+03
1.100000000000000000e+01 2.764000000000000000e+03
2.000000000000000000e+01 2.225000000000000000e+03
1.000000000000000000e+01 2.070000000000000000e+03
2.100000000000000000e+01 1.644000000000000000e+03
9.000000000000000000e+00 1.618000000000000000e+03
3.000000000000000000e+00 1.268000000000000000e+03
2.200000000000000000e+01 1.188000000000000000e+03
8.000000000000000000e+00 1.177000000000000000e+03
7.000000000000000000e+00 9.300000000000000000e+02
4.000000000000000000e+00 8.330000000000000000e+02
2.300000000000000000e+01 8.150000000000000000e+02
6.000000000000000000e+00 7.400000000000000000e+02
5.000000000000000000e+00 7.160000000000000000e+02
2.400000000000000000e+01 4.830000000000000000e+02
2.500000000000000000e+01 2.700000000000000000e+02
2.600000000000000000e+01 1.660000000000000000e+02
2.700000000000000000e+01 9.900000000000000000e+01
2.800000000000000000e+01 5.400000000000000000e+01
2.900000000000000000e+01 2.800000000000000000e+01
3.000000000000000000e+01 1.100000000000000000e+01
3.100000000000000000e+01 4.000000000000000000e+00
3.400000000000000000e+01 2.000000000000000000e+00
3.200000000000000000e+01 1.000000000000000000e+00

1.000000000000000000e+00 2.567574000000000000e+06
1.400000000000000000e+01 4.538000000000000000e+03
1.500000000000000000e+01 4.502000000000000000e+03
1.600000000000000000e+01 4.422000000000000000e+03
1.300000000000000000e+01 4.142000000000000000e+03
1.700000000000000000e+01 3.944000000000000000e+03
2.000000000000000000e+00 3.811000000000000000e+03
1.200000000000000000e+01 3.630000000000000000e+03
1.800000000000000000e+01 3.470000000000000000e+03
1.100000000000000000e+01 2.919000000000000000e+03
1.900000000000000000e+01 2.727000000000000000e+03
1.000000000000000000e+01 2.315000000000000000e+03
2.000000000000000000e+01 2.043000000000000000e+03
9.000000000000000000e+00 1.775000000000000000e+03
2.100000000000000000e+01 1.516000000000000000e+03
3.000000000000000000e+00 1.502000000000000000e+03
8.000000000000000000e+00 1.464000000000000000e+03
7.000000000000000000e+00 1.117000000000000000e+03
2.200000000000000000e+01 1.081000000000000000e+03
4.000000000000000000e+00 9.550000000000000000e+02
6.000000000000000000e+00 9.350000000000000000e+02
5.000000000000000000e+00 8.440000000000000000e+02
2.300000000000000000e+01 6.620000000000000000e+02
2.400000000000000000e+01 3.780000000000000000e+02
2.500000000000000000e+01 2.390000000000000000e+02
2.600000000000000000e+01 1.370000000000000000e+02
2.700000000000000000e+01 9.400000000000000000e+01
2.800000000000000000e+01 4.600000000000000000e+01
2.900000000000000000e+01 2.000000000000000000e+01
3.100000000000000000e+01 7.000000000000000000e+00
3.000000000000000000e+01 7.000000000000000000e+00
3.300000000000000000e+01 4.000000000000000000e+00
3.200000000000000000e+01 2.000000000000000000e+00

1.000000000000000000e+00 2.588383000000000000e+06
1.500000000000000000e+01 4.460000000000000000e+03
1.400000000000000000e+01 4.387000000000000000e+03
2.000000000000000000e+00 4.271000000000000000e+03
1.600000000000000000e+01 4.270000000000000000e+03
1.300000000000000000e+01 4.160000000000000000e+03
1.700000000000000000e+01 3.703000000000000000e+03
1.200000000000000000e+01 3.694000000000000000e+03
1.100000000000000000e+01 3.170000000000000000e+03
1.800000000000000000e+01 3.102000000000000000e+03
1.000000000000000000e+01 2.617000000000000000e+03
1.900000000000000000e+01 2.464000000000000000e+03
9.000000000000000000e+00 2.002000000000000000e+03
3.000000000000000000e+00 1.844000000000000000e+03
2.000000000000000000e+01 1.788000000000000000e+03
8.000000000000000000e+00 1.557000000000000000e+03
2.100000000000000000e+01 1.329000000000000000e+03
7.000000000000000000e+00 1.270000000000000000e+03
4.000000000000000000e+00 1.216000000000000000e+03
6.000000000000000000e+00 1.119000000000000000e+03
5.000000000000000000e+00 1.087000000000000000e+03
2.200000000000000000e+01 8.950000000000000000e+02
2.300000000000000000e+01 6.220000000000000000e+02
2.400000000000000000e+01 3.770000000000000000e+02
2.500000000000000000e+01 2.270000000000000000e+02
2.600000000000000000e+01 1.190000000000000000e+02
2.700000000000000000e+01 7.900000000000000000e+01
2.800000000000000000e+01 2.700000000000000000e+01
2.900000000000000000e+01 1.900000000000000000e+01
3.100000000000000000e+01 8.000000000000000000e+00
3.000000000000000000e+01 7.000000000000000000e+00
3.200000000000000000e+01 2.000000000000000000e+00
3.300000000000000000e+01 1.000000000000000000e+00

1.000000000000000000e+00 2.613347000000000000e+06
2.000000000000000000e+00 4.908000000000000000e+03
1.500000000000000000e+01 4.292000000000000000e+03
1.400000000000000000e+01 4.196000000000000000e+03
1.300000000000000000e+01 4.138000000000000000e+03
1.600000000000000000e+01 3.896000000000000000e+03
1.200000000000000000e+01 3.810000000000000000e+03
1.700000000000000000e+01 3.483000000000000000e+03
1.100000000000000000e+01 3.295000000000000000e+03
1.800000000000000000e+01 2.859000000000000000e+03
1.000000000000000000e+01 2.760000000000000000e+03
9.000000000000000000e+00 2.311000000000000000e+03
1.900000000000000000e+01 2.203000000000000000e+03
3.000000000000000000e+00 2.145000000000000000e+03
8.000000000000000000e+00 1.889000000000000000e+03
2.000000000000000000e+01 1.603000000000000000e+03
7.000000000000000000e+00 1.509000000000000000e+03
4.000000000000000000e+00 1.406000000000000000e+03
6.000000000000000000e+00 1.347000000000000000e+03
5.000000000000000000e+00 1.314000000000000000e+03
2.100000000000000000e+01 1.128000000000000000e+03
2.200000000000000000e+01 7.800000000000000000e+02
2.300000000000000000e+01 5.150000000000000000e+02
2.400000000000000000e+01 3.170000000000000000e+02
2.500000000000000000e+01 1.800000000000000000e+02
2.600000000000000000e+01 1.040000000000000000e+02
2.700000000000000000e+01 6.100000000000000000e+01
2.800000000000000000e+01 1.900000000000000000e+01
2.900000000000000000e+01 1.200000000000000000e+01
3.000000000000000000e+01 6.000000000000000000e+00
3.100000000000000000e+01 1.000000000000000000e+00

1.000000000000000000e+00 2.636912000000000000e+06
2.000000000000000000e+00 5.625000000000000000e+03
1.400000000000000000e+01 4.152000000000000000e+03
1.300000000000000000e+01 4.101000000000000000e+03
1.500000000000000000e+01 3.960000000000000000e+03
1.200000000000000000e+01 3.903000000000000000e+03
1.600000000000000000e+01 3.700000000000000000e+03
1.100000000000000000e+01 3.562000000000000000e+03
1.700000000000000000e+01 3.196000000000000000e+03
1.000000000000000000e+01 2.991000000000000000e+03
9.000000000000000000e+00 2.587000000000000000e+03
1.800000000000000000e+01 2.541000000000000000e+03
3.000000000000000000e+00 2.497000000000000000e+03
8.000000000000000000e+00 2.103000000000000000e+03
1.900000000000000000e+01 1.977000000000000000e+03
7.000000000000000000e+00 1.754000000000000000e+03
4.000000000000000000e+00 1.695000000000000000e+03
5.000000000000000000e+00 1.566000000000000000e+03
6.000000000000000000e+00 1.499000000000000000e+03
2.000000000000000000e+01 1.391000000000000000e+03
2.100000000000000000e+01 9.720000000000000000e+02
2.200000000000000000e+01 6.380000000000000000e+02
2.300000000000000000e+01 4.030000000000000000e+02
2.400000000000000000e+01 2.610000000000000000e+02
2.500000000000000000e+01 1.140000000000000000e+02
2.600000000000000000e+01 8.700000000000000000e+01
2.700000000000000000e+01 3.500000000000000000e+01
2.800000000000000000e+01 1.900000000000000000e+01
2.900000000000000000e+01 4.000000000000000000e+00
3.000000000000000000e+01 4.000000000000000000e+00
3.100000000000000000e+01 2.000000000000000000e+00
3.500000000000000000e+01 1.000000000000000000e+00
3.300000000000000000e+01 1.000000000000000000e+00

1.000000000000000000e+00 2.661839000000000000e+06
2.000000000000000000e+00 6.324000000000000000e+03
1.300000000000000000e+01 4.196000000000000000e+03
1.200000000000000000e+01 4.015000000000000000e+03
1.400000000000000000e+01 4.009000000000000000e+03
1.500000000000000000e+01 3.836000000000000000e+03
1.100000000000000000e+01 3.578000000000000000e+03
1.600000000000000000e+01 3.334000000000000000e+03
1.000000000000000000e+01 3.281000000000000000e+03
1.700000000000000000e+01 2.895000000000000000e+03
3.000000000000000000e+00 2.826000000000000000e+03
9.000000000000000000e+00 2.818000000000000000e+03
8.000000000000000000e+00 2.310000000000000000e+03
1.800000000000000000e+01 2.234000000000000000e+03
7.000000000000000000e+00 1.926000000000000000e+03
4.000000000000000000e+00 1.868000000000000000e+03
5.000000000000000000e+00 1.752000000000000000e+03
6.000000000000000000e+00 1.749000000000000000e+03
1.900000000000000000e+01 1.625000000000000000e+03
2.000000000000000000e+01 1.200000000000000000e+03
2.100000000000000000e+01 8.170000000000000000e+02
2.200000000000000000e+01 5.170000000000000000e+02
2.300000000000000000e+01 3.350000000000000000e+02
2.400000000000000000e+01 2.120000000000000000e+02
2.500000000000000000e+01 1.130000000000000000e+02
2.600000000000000000e+01 5.500000000000000000e+01
2.700000000000000000e+01 2.300000000000000000e+01
2.800000000000000000e+01 1.000000000000000000e+01
2.900000000000000000e+01 7.000000000000000000e+00
3.000000000000000000e+01 2.000000000000000000e+00
3.400000000000000000e+01 1.000000000000000000e+00

1.000000000000000000e+00 2.691672000000000000e+06
2.000000000000000000e+00 7.152000000000000000e+03
1.300000000000000000e+01 4.145000000000000000e+03
1.200000000000000000e+01 4.057000000000000000e+03
1.400000000000000000e+01 3.872000000000000000e+03
1.100000000000000000e+01 3.687000000000000000e+03
1.500000000000000000e+01 3.498000000000000000e+03
3.000000000000000000e+00 3.344000000000000000e+03
1.000000000000000000e+01 3.313000000000000000e+03
1.600000000000000000e+01 3.101000000000000000e+03
9.000000000000000000e+00 3.001000000000000000e+03
8.000000000000000000e+00 2.618000000000000000e+03
1.700000000000000000e+01 2.500000000000000000e+03
4.000000000000000000e+00 2.311000000000000000e+03
7.000000000000000000e+00 2.203000000000000000e+03
6.000000000000000000e+00 2.000000000000000000e+03
5.000000000000000000e+00 1.997000000000000000e+03
1.800000000000000000e+01 1.920000000000000000e+03
1.900000000000000000e+01 1.393000000000000000e+03
2.000000000000000000e+01 9.530000000000000000e+02
2.100000000000000000e+01 6.500000000000000000e+02
2.200000000000000000e+01 3.830000000000000000e+02
2.300000000000000000e+01 2.310000000000000000e+02
2.400000000000000000e+01 1.300000000000000000e+02
2.500000000000000000e+01 6.700000000000000000e+01
2.600000000000000000e+01 4.100000000000000000e+01
2.700000000000000000e+01 1.700000000000000000e+01
2.800000000000000000e+01 1.100000000000000000e+01
2.900000000000000000e+01 5.000000000000000000e+00
3.000000000000000000e+01 3.000000000000000000e+00

1.000000000000000000e+00 2.723778000000000000e+06
2.000000000000000000e+00 8.232000000000000000e+03
1.200000000000000000e+01 3.961000000000000000e+03
1.100000000000000000e+01 3.932000000000000000e+03
3.000000000000000000e+00 3.805000000000000000e+03
1.300000000000000000e+01 3.794000000000000000e+03
1.400000000000000000e+01 3.784000000000000000e+03
1.000000000000000000e+01 3.610000000000000000e+03
9.000000000000000000e+00 3.222000000000000000e+03
1.500000000000000000e+01 3.164000000000000000e+03
8.000000000000000000e+00 2.827000000000000000e+03
4.000000000000000000e+00 2.735000000000000000e+03
1.600000000000000000e+01 2.592000000000000000e+03
7.000000000000000000e+00 2.515000000000000000e+03
5.000000000000000000e+00 2.352000000000000000e+03
6.000000000000000000e+00 2.263000000000000000e+03
1.700000000000000000e+01 2.151000000000000000e+03
1.800000000000000000e+01 1.594000000000000000e+03
1.900000000000000000e+01 1.136000000000000000e+03
2.000000000000000000e+01 7.330000000000000000e+02
2.100000000000000000e+01 4.340000000000000000e+02
2.200000000000000000e+01 2.450000000000000000e+02
2.300000000000000000e+01 1.780000000000000000e+02
2.400000000000000000e+01 1.020000000000000000e+02
2.500000000000000000e+01 5.100000000000000000e+01
2.600000000000000000e+01 2.100000000000000000e+01
2.700000000000000000e+01 5.000000000000000000e+00
2.800000000000000000e+01 5.000000000000000000e+00
2.900000000000000000e+01 3.000000000000000000e+00

1.000000000000000000e+00 2.766838000000000000e+06
2.000000000000000000e+00 9.747000000000000000e+03
3.000000000000000000e+00 4.688000000000000000e+03
1.100000000000000000e+01 3.790000000000000000e+03
1.200000000000000000e+01 3.789000000000000000e+03
1.000000000000000000e+01 3.734000000000000000e+03
1.300000000000000000e+01 3.616000000000000000e+03
9.000000000000000000e+00 3.383000000000000000e+03
1.400000000000000000e+01 3.261000000000000000e+03
4.000000000000000000e+00 3.232000000000000000e+03
8.000000000000000000e+00 3.199000000000000000e+03
7.000000000000000000e+00 2.921000000000000000e+03
5.000000000000000000e+00 2.839000000000000000e+03
1.500000000000000000e+01 2.739000000000000000e+03
6.000000000000000000e+00 2.723000000000000000e+03
1.600000000000000000e+01 2.213000000000000000e+03
1.700000000000000000e+01 1.573000000000000000e+03
1.800000000000000000e+01 1.154000000000000000e+03
1.900000000000000000e+01 7.340000000000000000e+02
2.000000000000000000e+01 5.030000000000000000e+02
2.100000000000000000e+01 3.100000000000000000e+02
2.200000000000000000e+01 1.610000000000000000e+02
2.300000000000000000e+01 1.090000000000000000e+02
2.400000000000000000e+01 4.300000000000000000e+01
2.500000000000000000e+01 2.500000000000000000e+01
2.600000000000000000e+01 5.000000000000000000e+00
2.700000000000000000e+01 2.000000000000000000e+00
2.800000000000000000e+01 2.000000000000000000e+00
2.900000000000000000e+01 1.000000000000000000e+00

1.000000000000000000e+00 2.812250000000000000e+06
2.000000000000000000e+00 1.129100000000000000e+04
3.000000000000000000e+00 5.437000000000000000e+03
4.000000000000000000e+00 3.716000000000000000e+03
1.100000000000000000e+01 3.703000000000000000e+03
9.000000000000000000e+00 3.636000000000000000e+03
1.000000000000000000e+01 3.595000000000000000e+03
1.200000000000000000e+01 3.464000000000000000e+03
8.000000000000000000e+00 3.377000000000000000e+03
5.000000000000000000e+00 3.291000000000000000e+03
6.000000000000000000e+00 3.146000000000000000e+03
1.300000000000000000e+01 3.122000000000000000e+03
7.000000000000000000e+00 3.098000000000000000e+03
1.400000000000000000e+01 2.707000000000000000e+03
1.500000000000000000e+01 2.230000000000000000e+03
1.600000000000000000e+01 1.726000000000000000e+03
1.700000000000000000e+01 1.200000000000000000e+03
1.800000000000000000e+01 8.610000000000000000e+02
1.900000000000000000e+01 5.030000000000000000e+02
2.000000000000000000e+01 3.160000000000000000e+02
2.100000000000000000e+01 1.600000000000000000e+02
2.200000000000000000e+01 9.900000000000000000e+01
2.300000000000000000e+01 4.700000000000000000e+01
2.400000000000000000e+01 2.300000000000000000e+01
2.500000000000000000e+01 1.300000000000000000e+01
2.600000000000000000e+01 3.000000000000000000e+00
2.900000000000000000e+01 2.000000000000000000e+00
2.800000000000000000e+01 1.000000000000000000e+00

1.000000000000000000e+00 2.862911000000000000e+06
2.000000000000000000e+00 1.303100000000000000e+04
3.000000000000000000e+00 6.525000000000000000e+03
4.000000000000000000e+00 4.480000000000000000e+03
5.000000000000000000e+00 3.768000000000000000e+03
9.000000000000000000e+00 3.460000000000000000e+03
7.000000000000000000e+00 3.444000000000000000e+03
8.000000000000000000e+00 3.389000000000000000e+03
6.000000000000000000e+00 3.388000000000000000e+03
1.000000000000000000e+01 3.276000000000000000e+03
1.100000000000000000e+01 3.250000000000000000e+03
1.200000000000000000e+01 2.945000000000000000e+03
1.300000000000000000e+01 2.573000000000000000e+03
1.400000000000000000e+01 2.180000000000000000e+03
1.500000000000000000e+01 1.704000000000000000e+03
1.600000000000000000e+01 1.206000000000000000e+03
1.700000000000000000e+01 8.530000000000000000e+02
1.800000000000000000e+01 5.390000000000000000e+02
1.900000000000000000e+01 3.590000000000000000e+02
2.000000000000000000e+01 1.950000000000000000e+02
2.100000000000000000e+01 1.030000000000000000e+02
2.200000000000000000e+01 6.400000000000000000e+01
2.300000000000000000e+01 1.900000000000000000e+01
2.400000000000000000e+01 9.000000000000000000e+00
2.500000000000000000e+01 5.000000000000000000e+00
2.600000000000000000e+01 1.000000000000000000e+00
3.000000000000000000e+01 1.000000000000000000e+00

1.000000000000000000e+00 2.928271000000000000e+06
2.000000000000000000e+00 1.540100000000000000e+04
3.000000000000000000e+00 7.688000000000000000e+03
4.000000000000000000e+00 5.192000000000000000e+03
5.000000000000000000e+00 4.091000000000000000e+03
6.000000000000000000e+00 3.577000000000000000e+03
7.000000000000000000e+00 3.403000000000000000e+03
8.000000000000000000e+00 3.158000000000000000e+03
9.000000000000000000e+00 3.115000000000000000e+03
1.000000000000000000e+01 2.898000000000000000e+03
1.100000000000000000e+01 2.593000000000000000e+03
1.200000000000000000e+01 2.239000000000000000e+03
1.300000000000000000e+01 1.808000000000000000e+03
1.400000000000000000e+01 1.424000000000000000e+03
1.500000000000000000e+01 1.097000000000000000e+03
1.600000000000000000e+01 7.650000000000000000e+02
1.700000000000000000e+01 4.940000000000000000e+02
1.800000000000000000e+01 2.990000000000000000e+02
1.900000000000000000e+01 1.820000000000000000e+02
2.000000000000000000e+01 1.020000000000000000e+02
2.100000000000000000e+01 4.700000000000000000e+01
2.200000000000000000e+01 2.400000000000000000e+01
2.300000000000000000e+01 1.900000000000000000e+01
2.400000000000000000e+01 7.000000000000000000e+00
2.500000000000000000e+01 3.000000000000000000e+00
2.600000000000000000e+01 2.000000000000000000e+00
2.700000000000000000e+01 1.000000000000000000e+00

1.000000000000000000e+00 2.997706000000000000e+06
2.000000000000000000e+00 1.775000000000000000e+04
3.000000000000000000e+00 8.614000000000000000e+03
4.000000000000000000e+00 5.451000000000000000e+03
5.000000000000000000e+00 4.212000000000000000e+03
6.000000000000000000e+00 3.548000000000000000e+03
7.000000000000000000e+00 3.151000000000000000e+03
8.000000000000000000e+00 2.698000000000000000e+03
9.000000000000000000e+00 2.384000000000000000e+03
1.000000000000000000e+01 2.177000000000000000e+03
1.100000000000000000e+01 1.836000000000000000e+03
1.200000000000000000e+01 1.530000000000000000e+03
1.300000000000000000e+01 1.152000000000000000e+03
1.400000000000000000e+01 8.450000000000000000e+02
1.500000000000000000e+01 5.750000000000000000e+02
1.600000000000000000e+01 3.430000000000000000e+02
1.700000000000000000e+01 2.620000000000000000e+02
1.800000000000000000e+01 1.520000000000000000e+02
1.900000000000000000e+01 8.300000000000000000e+01
2.000000000000000000e+01 4.100000000000000000e+01
2.100000000000000000e+01 2.000000000000000000e+01
2.200000000000000000e+01 1.200000000000000000e+01
2.300000000000000000e+01 6.000000000000000000e+00
2.400000000000000000e+01 1.000000000000000000e+00
2.500000000000000000e+01 1.000000000000000000e+00

1.000000000000000000e+00 3.060713000000000000e+06
2.000000000000000000e+00 1.876400000000000000e+04
3.000000000000000000e+00 8.939000000000000000e+03
4.000000000000000000e+00 5.551000000000000000e+03
5.000000000000000000e+00 3.894000000000000000e+03
6.000000000000000000e+00 3.134000000000000000e+03
7.000000000000000000e+00 2.547000000000000000e+03
8.000000000000000000e+00 2.149000000000000000e+03
9.000000000000000000e+00 1.782000000000000000e+03
1.000000000000000000e+01 1.479000000000000000e+03
1.100000000000000000e+01 1.167000000000000000e+03
1.200000000000000000e+01 8.600000000000000000e+02
1.300000000000000000e+01 6.510000000000000000e+02
1.400000000000000000e+01 4.390000000000000000e+02
1.500000000000000000e+01 2.940000000000000000e+02
1.600000000000000000e+01 1.630000000000000000e+02
1.700000000000000000e+01 8.800000000000000000e+01
1.800000000000000000e+01 5.900000000000000000e+01
1.900000000000000000e+01 2.900000000000000000e+01
2.000000000000000000e+01 2.100000000000000000e+01
2.100000000000000000e+01 8.000000000000000000e+00
2.200000000000000000e+01 4.000000000000000000e+00
2.300000000000000000e+01 2.000000000000000000e+00

1.000000000000000000e+00 3.097943000000000000e+06
2.000000000000000000e+00 1.912000000000000000e+04
3.000000000000000000e+00 9.002000000000000000e+03
4.000000000000000000e+00 5.349000000000000000e+03
5.000000000000000000e+00 3.680000000000000000e+03
6.000000000000000000e+00 2.809000000000000000e+03
7.000000000000000000e+00 2.135000000000000000e+03
8.000000000000000000e+00 1.645000000000000000e+03
9.000000000000000000e+00 1.338000000000000000e+03
1.000000000000000000e+01 1.068000000000000000e+03
1.100000000000000000e+01 7.430000000000000000e+02
1.200000000000000000e+01 5.510000000000000000e+02
1.300000000000000000e+01 3.900000000000000000e+02
1.400000000000000000e+01 2.510000000000000000e+02
1.500000000000000000e+01 1.600000000000000000e+02
1.600000000000000000e+01 1.170000000000000000e+02
1.700000000000000000e+01 5.100000000000000000e+01
1.800000000000000000e+01 2.200000000000000000e+01
1.900000000000000000e+01 1.200000000000000000e+01
2.000000000000000000e+01 8.000000000000000000e+00
2.100000000000000000e+01 2.000000000000000000e+00

1.000000000000000000e+00 3.125211000000000000e+06
2.000000000000000000e+00 1.939700000000000000e+04
3.000000000000000000e+00 8.668000000000000000e+03
4.000000000000000000e+00 4.938000000000000000e+03
5.000000000000000000e+00 3.348000000000000000e+03
6.000000000000000000e+00 2.440000000000000000e+03
7.000000000000000000e+00 1.815000000000000000e+03
8.000000000000000000e+00 1.362000000000000000e+03
9.000000000000000000e+00 1.056000000000000000e+03
1.000000000000000000e+01 7.600000000000000000e+02
1.100000000000000000e+01 5.000000000000000000e+02
1.200000000000000000e+01 3.670000000000000000e+02
1.300000000000000000e+01 2.330000000000000000e+02
1.400000000000000000e+01 1.640000000000000000e+02
1.500000000000000000e+01 9.300000000000000000e+01
1.600000000000000000e+01 5.000000000000000000e+01
1.700000000000000000e+01 2.100000000000000000e+01
1.800000000000000000e+01 1.100000000000000000e+01
1.900000000000000000e+01 7.000000000000000000e+00
2.000000000000000000e+01 1.000000000000000000e+00
2.200000000000000000e+01 1.000000000000000000e+00

1.000000000000000000e+00 3.150099000000000000e+06
2.000000000000000000e+00 1.934500000000000000e+04
3.000000000000000000e+00 8.230000000000000000e+03
4.000000000000000000e+00 4.667000000000000000e+03
5.000000000000000000e+00 2.945000000000000000e+03
6.000000000000000000e+00 2.101000000000000000e+03
7.000000000000000000e+00 1.427000000000000000e+03
8.000000000000000000e+00 1.008000000000000000e+03
9.000000000000000000e+00 6.930000000000000000e+02
1.000000000000000000e+01 5.270000000000000000e+02
1.100000000000000000e+01 3.770000000000000000e+02
1.200000000000000000e+01 2.330000000000000000e+02
1.300000000000000000e+01 1.220000000000000000e+02
1.400000000000000000e+01 8.100000000000000000e+01
1.500000000000000000e+01 4.000000000000000000e+01
1.600000000000000000e+01 2.700000000000000000e+01
1.700000000000000000e+01 8.000000000000000000e+00
1.800000000000000000e+01 3.000000000000000000e+00
1.900000000000000000e+01 3.000000000000000000e+00
2.000000000000000000e+01 1.000000000000000000e+00

1.000000000000000000e+00 3.167316000000000000e+06
2.000000000000000000e+00 1.887700000000000000e+04
3.000000000000000000e+00 8.049000000000000000e+03
4.000000000000000000e+00 4.316000000000000000e+03
5.000000000000000000e+00 2.698000000000000000e+03
6.000000000000000000e+00 1.683000000000000000e+03
7.000000000000000000e+00 1.176000000000000000e+03
8.000000000000000000e+00 8.590000000000000000e+02
9.000000000000000000e+00 5.550000000000000000e+02
1.000000000000000000e+01 3.410000000000000000e+02
1.100000000000000000e+01 2.310000000000000000e+02
1.200000000000000000e+01 1.390000000000000000e+02
1.300000000000000000e+01 7.400000000000000000e+01
1.400000000000000000e+01 4.300000000000000000e+01
1.500000000000000000e+01 2.400000000000000000e+01
1.600000000000000000e+01 8.000000000000000000e+00
1.700000000000000000e+01 5.000000000000000000e+00
1.800000000000000000e+01 3.000000000000000000e+00
2.200000000000000000e+01 1.000000000000000000e+00

1.000000000000000000e+00 3.182307000000000000e+06
2.000000000000000000e+00 1.839500000000000000e+04
3.000000000000000000e+00 7.609000000000000000e+03
4.000000000000000000e+00 3.959000000000000000e+03
5.000000000000000000e+00 2.352000000000000000e+03
6.000000000000000000e+00 1.475000000000000000e+03
7.000000000000000000e+00 9.530000000000000000e+02
8.000000000000000000e+00 6.490000000000000000e+02
9.000000000000000000e+00 3.800000000000000000e+02
1.000000000000000000e+01 2.440000000000000000e+02
1.100000000000000000e+01 1.520000000000000000e+02
1.200000000000000000e+01 7.800000000000000000e+01
1.300000000000000000e+01 4.700000000000000000e+01
1.400000000000000000e+01 2.200000000000000000e+01
1.500000000000000000e+01 1.200000000000000000e+01
1.600000000000000000e+01 7.000000000000000000e+00
1.700000000000000000e+01 3.000000000000000000e+00
1.900000000000000000e+01 1.000000000000000000e+00
1.800000000000000000e+01 1.000000000000000000e+00

1.000000000000000000e+00 3.203032000000000000e+06
2.000000000000000000e+00 1.771500000000000000e+04
3.000000000000000000e+00 6.715000000000000000e+03
4.000000000000000000e+00 3.285000000000000000e+03
5.000000000000000000e+00 1.859000000000000000e+03
6.000000000000000000e+00 9.960000000000000000e+02
7.000000000000000000e+00 6.330000000000000000e+02
8.000000000000000000e+00 3.900000000000000000e+02
9.000000000000000000e+00 2.140000000000000000e+02
1.000000000000000000e+01 1.550000000000000000e+02
1.100000000000000000e+01 7.800000000000000000e+01
1.200000000000000000e+01 3.400000000000000000e+01
1.300000000000000000e+01 2.600000000000000000e+01
1.400000000000000000e+01 1.400000000000000000e+01
1.500000000000000000e+01 7.000000000000000000e+00
1.700000000000000000e+01 2.000000000000000000e+00
1.600000000000000000e+01 1.000000000000000000e+00

1.000000000000000000e+00 3.212382000000000000e+06
2.000000000000000000e+00 1.710200000000000000e+04
3.000000000000000000e+00 6.219000000000000000e+03
4.000000000000000000e+00 3.060000000000000000e+03
5.000000000000000000e+00 1.561000000000000000e+03
6.000000000000000000e+00 9.230000000000000000e+02
7.000000000000000000e+00 5.110000000000000000e+02
8.000000000000000000e+00 2.950000000000000000e+02
9.000000000000000000e+00 1.590000000000000000e+02
1.000000000000000000e+01 7.900000000000000000e+01
1.100000000000000000e+01 4.700000000000000000e+01
1.200000000000000000e+01 2.200000000000000000e+01
1.300000000000000000e+01 8.000000000000000000e+00
1.400000000000000000e+01 6.000000000000000000e+00
1.500000000000000000e+01 2.000000000000000000e+00
1.700000000000000000e+01 1.000000000000000000e+00

1.000000000000000000e+00 3.223123000000000000e+06
2.000000000000000000e+00 1.612900000000000000e+04
3.000000000000000000e+00 5.702000000000000000e+03
4.000000000000000000e+00 2.669000000000000000e+03
5.000000000000000000e+00 1.350000000000000000e+03
6.000000000000000000e+00 6.950000000000000000e+02
7.000000000000000000e+00 3.650000000000000000e+02
8.000000000000000000e+00 1.880000000000000000e+02
9.000000000000000000e+00 1.000000000000000000e+02
1.000000000000000000e+01 4.900000000000000000e+01
1.100000000000000000e+01 2.400000000000000000e+01
1.200000000000000000e+01 8.000000000000000000e+00
1.400000000000000000e+01 4.000000000000000000e+00
1.300000000000000000e+01 4.000000000000000000e+00

1.000000000000000000e+00 3.228549000000000000e+06
2.000000000000000000e+00 1.574100000000000000e+04
3.000000000000000000e+00 5.358000000000000000e+03
4.000000000000000000e+00 2.394000000000000000e+03
5.000000000000000000e+00 1.203000000000000000e+03
6.000000000000000000e+00 5.800000000000000000e+02
7.000000000000000000e+00 3.180000000000000000e+02
8.000000000000000000e+00 1.530000000000000000e+02
9.000000000000000000e+00 7.900000000000000000e+01
1.000000000000000000e+01 3.700000000000000000e+01
1.100000000000000000e+01 1.700000000000000000e+01
1.300000000000000000e+01 3.000000000000000000e+00
1.400000000000000000e+01 2.000000000000000000e+00
1.200000000000000000e+01 2.000000000000000000e+00
1.500000000000000000e+01 1.000000000000000000e+00

1.000000000000000000e+00 3.235368000000000000e+06
2.000000000000000000e+00 1.503600000000000000e+04
3.000000000000000000e+00 5.052000000000000000e+03
4.000000000000000000e+00 2.073000000000000000e+03
5.000000000000000000e+00 9.460000000000000000e+02
6.000000000000000000e+00 5.130000000000000000e+02
7.000000000000000000e+00 2.090000000000000000e+02
8.000000000000000000e+00 1.190000000000000000e+02
9.000000000000000000e+00 4.100000000000000000e+01
1.000000000000000000e+01 2.600000000000000000e+01
1.100000000000000000e+01 1.200000000000000000e+01
1.300000000000000000e+01 4.000000000000000000e+00
1.200000000000000000e+01 4.000000000000000000e+00
1.400000000000000000e+01 2.000000000000000000e+00

1.000000000000000000e+00 3.239806000000000000e+06
2.000000000000000000e+00 1.437400000000000000e+04
3.000000000000000000e+00 4.682000000000000000e+03
4.000000000000000000e+00 2.019000000000000000e+03
5.000000000000000000e+00 8.500000000000000000e+02
6.000000000000000000e+00 4.160000000000000000e+02
7.000000000000000000e+00 1.670000000000000000e+02
8.000000000000000000e+00 1.050000000000000000e+02
9.000000000000000000e+00 3.700000000000000000e+01
1.000000000000000000e+01 1.900000000000000000e+01
1.200000000000000000e+01 2.000000000000000000e+00
1.100000000000000000e+01 2.000000000000000000e+00

1.000000000000000000e+00 3.243020000000000000e+06
2.000000000000000000e+00 1.388900000000000000e+04
3.000000000000000000e+00 4.538000000000000000e+03
4.000000000000000000e+00 1.817000000000000000e+03
5.000000000000000000e+00 7.680000000000000000e+02
6.000000000000000000e+00 3.510000000000000000e+02
7.000000000000000000e+00 1.670000000000000000e+02
8.000000000000000000e+00 8.000000000000000000e+01
9.000000000000000000e+00 3.300000000000000000e+01
1.000000000000000000e+01 1.300000000000000000e+01
1.100000000000000000e+01 8.000000000000000000e+00
1.200000000000000000e+01 2.000000000000000000e+00
1.300000000000000000e+01 2.000000000000000000e+00

1.000000000000000000e+00 3.246594000000000000e+06
2.000000000000000000e+00 1.352300000000000000e+04
3.000000000000000000e+00 4.134000000000000000e+03
4.000000000000000000e+00 1.707000000000000000e+03
5.000000000000000000e+00 6.640000000000000000e+02
6.000000000000000000e+00 3.210000000000000000e+02
7.000000000000000000e+00 1.520000000000000000e+02
8.000000000000000000e+00 5.300000000000000000e+01
9.000000000000000000e+00 2.900000000000000000e+01
1.000000000000000000e+01 9.000000000000000000e+00
1.100000000000000000e+01 3.000000000000000000e+00
1.200000000000000000e+01 1.000000000000000000e+00

