1.000000000000000000e+00 2.484606000000000000e+06
1.600000000000000000e+01 5.439000000000000000e+03
1.500000000000000000e+01 5.394000000000000000e+03
1.700000000000000000e+01 5.369000000000000000e+03
1.400000000000000000e+01 4.769000000000000000e+03
1.800000000000000000e+01 4.636000000000000000e+03
1.900000000000000000e+01 3.842000000000000000e+03
1.300000000000000000e+01 3.820000000000000000e+03
2.000000000000000000e+01 3.122000000000000000e+03
1.200000000000000000e+01 2.881000000000000000e+03
2.100000000000000000e+01 2.262000000000000000e+03
1.100000000000000000e+01 2.004000000000000000e+03
2.200000000000000000e+01 1.506000000000000000e+03
1.000000000000000000e+01 1.181000000000000000e+03
2.300000000000000000e+01 1.006000000000000000e+03
9.000000000000000000e+00 6.560000000000000000e+02
2.400000000000000000e+01 5.960000000000000000e+02
2.500000000000000000e+01 4.020000000000000000e+02
8.000000000000000000e+00 3.200000000000000000e+02
2.600000000000000000e+01 2.550000000000000000e+02
7.000000000000000000e+00 1.320000000000000000e+02
2.700000000000000000e+01 1.190000000000000000e+02
2.800000000000000000e+01 8.000000000000000000e+01
6.000000000000000000e+00 5.600000000000000000e+01
2.900000000000000000e+01 4.000000000000000000e+01
3.000000000000000000e+01 2.100000000000000000e+01
5.000000000000000000e+00 1.700000000000000000e+01
2.000000000000000000e+00 1.100000000000000000e+01
3.100000000000000000e+01 7.000000000000000000e+00
3.000000000000000000e+00 6.000000000000000000e+00
4.000000000000000000e+00 5.000000000000000000e+00
3.200000000000000000e+01 5.000000000000000000e+00
3.400000000000000000e+01 4.000000000000000000e+00
3.300000000000000000e+01 1.000000000000000000e+00
3.500000000000000000e+01 1.000000000000000000e+00

1.000000000000000000e+00 2.488885000000000000e+06
1.600000000000000000e+01 5.279000000000000000e+03
1.500000000000000000e+01 5.232000000000000000e+03
1.700000000000000000e+01 5.018000000000000000e+03
1.400000000000000000e+01 4.771000000000000000e+03
1.800000000000000000e+01 4.437000000000000000e+03
1.300000000000000000e+01 4.006000000000000000e+03
1.900000000000000000e+01 3.793000000000000000e+03
1.200000000000000000e+01 3.099000000000000000e+03
2.000000000000000000e+01 2.925000000000000000e+03
2.100000000000000000e+01 2.281000000000000000e+03
1.100000000000000000e+01 2.164000000000000000e+03
2.200000000000000000e+01 1.612000000000000000e+03
1.000000000000000000e+01 1.307000000000000000e+03
2.300000000000000000e+01 1.021000000000000000e+03
9.000000000000000000e+00 7.450000000000000000e+02
2.400000000000000000e+01 6.690000000000000000e+02
2.500000000000000000e+01 4.100000000000000000e+02
8.000000000000000000e+00 3.400000000000000000e+02
2.600000000000000000e+01 2.420000000000000000e+02
7.000000000000000000e+00 1.830000000000000000e+02
2.700000000000000000e+01 1.390000000000000000e+02
2.800000000000000000e+01 8.700000000000000000e+01
6.000000000000000000e+00 6.000000000000000000e+01
2.900000000000000000e+01 3.700000000000000000e+01
5.000000000000000000e+00 3.200000000000000000e+01
3.000000000000000000e+01 1.700000000000000000e+01
3.100000000000000000e+01 1.500000000000000000e+01
4.000000000000000000e+00 8.000000000000000000e+00
3.200000000000000000e+01 8.000000000000000000e+00
2.000000000000000000e+00 6.000000000000000000e+00
3.000000000000000000e+00 5.000000000000000000e+00
3.300000000000000000e+01 3.000000000000000000e+00
3.400000000000000000e+01 3.000000000000000000e+00
3.800000000000000000e+01 1.000000000000000000e+00
3.500000000000000000e+01 1.000000000000000000e+00

1.000000000000000000e+00 2.495879000000000000e+06
1.600000000000000000e+01 5.333000000000000000e+03
1.500000000000000000e+01 5.075000000000000000e+03
1.700000000000000000e+01 4.989000000000000000e+03
1.400000000000000000e+01 4.811000000000000000e+03
1.800000000000000000e+01 4.323000000000000000e+03
1.300000000000000000e+01 3.968000000000000000e+03
1.900000000000000000e+01 3.663000000000000000e+03
1.200000000000000000e+01 3.070000000000000000e+03
2.000000000000000000e+01 2.759000000000000000e+03
1.100000000000000000e+01 2.259000000000000000e+03
2.100000000000000000e+01 2.114000000000000000e+03
1.000000000000000000e+01 1.535000000000000000e+03
2.200000000000000000e+01 1.496000000000000000e+03
2.300000000000000000e+01 1.008000000000000000e+03
9.000000000000000000e+00 9.200000000000000000e+02
2.400000000000000000e+01 6.600000000000000000e+02
8.000000000000000000e+00 4.820000000000000000e+02
2.500000000000000000e+01 4.270000000000000000e+02
2.600000000000000000e+01 2.560000000000000000e+02
7.000000000000000000e+00 2.260000000000000000e+02
2.700000000000000000e+01 1.680000000000000000e+02
6.000000000000000000e+00 1.120000000000000000e+02
2.800000000000000000e+01 8.900000000000000000e+01
2.900000000000000000e+01 6.200000000000000000e+01
5.000000000000000000e+00 4.200000000000000000e+01
3.000000000000000000e+01 3.100000000000000000e+01
3.100000000000000000e+01 2.100000000000000000e+01
4.000000000000000000e+00 1.900000000000000000e+01
2.000000000000000000e+00 1.600000000000000000e+01
3.000000000000000000e+00 1.500000000000000000e+01
3.200000000000000000e+01 5.000000000000000000e+00
3.300000000000000000e+01 4.000000000000000000e+00
3.500000000000000000e+01 4.000000000000000000e+00
3.400000000000000000e+01 1.000000000000000000e+00

1.000000000000000000e+00 2.507050000000000000e+06
1.500000000000000000e+01 5.124000000000000000e+03
1.600000000000000000e+01 4.965000000000000000e+03
1.400000000000000000e+01 4.712000000000000000e+03
1.700000000000000000e+01 4.563000000000000000e+03
1.300000000000000000e+01 4.111000000000000000e+03
1.800000000000000000e+01 3.970000000000000000e+03
1.900000000000000000e+01 3.380000000000000000e+03
1.200000000000000000e+01 3.353000000000000000e+03
2.000000000000000000e+01 2.691000000000000000e+03
1.100000000000000000e+01 2.596000000000000000e+03
2.100000000000000000e+01 1.990000000000000000e+03
1.000000000000000000e+01 1.822000000000000000e+03
2.200000000000000000e+01 1.463000000000000000e+03
9.000000000000000000e+00 1.093000000000000000e+03
2.300000000000000000e+01 1.030000000000000000e+03
2.400000000000000000e+01 7.070000000000000000e+02
8.000000000000000000e+00 6.050000000000000000e+02
2.500000000000000000e+01 4.080000000000000000e+02
7.000000000000000000e+00 3.410000000000000000e+02
2.600000000000000000e+01 3.010000000000000000e+02
2.700000000000000000e+01 1.670000000000000000e+02
6.000000000000000000e+00 1.580000000000000000e+02
2.800000000000000000e+01 1.180000000000000000e+02
5.000000000000000000e+00 8.700000000000000000e+01
2.900000000000000000e+01 6.000000000000000000e+01
4.000000000000000000e+00 3.900000000000000000e+01
3.000000000000000000e+01 3.200000000000000000e+01
2.000000000000000000e+00 1.500000000000000000e+01
3.000000000000000000e+00 1.500000000000000000e+01
3.200000000000000000e+01 1.400000000000000000e+01
3.100000000000000000e+01 1.400000000000000000e+01
3.300000000000000000e+01 5.000000000000000000e+00
3.800000000000000000e+01 2.000000000000000000e+00
3.400000000000000000e+01 2.000000000000000000e+00
3.600000000000000000e+01 1.000000000000000000e+00
3.700000000000000000e+01 1.000000000000000000e+00
4.100000000000000000e+01 1.000000000000000000e+00

1.000000000000000000e+00 2.520877000000000000e+06
1.500000000000000000e+01 4.843000000000000000e+03
1.600000000000000000e+01 4.745000000000000000e+03
1.400000000000000000e+01 4.698000000000000000e+03
1.700000000000000000e+01 4.253000000000000000e+03
1.300000000000000000e+01 4.174000000000000000e+03
1.800000000000000000e+01 3.784000000000000000e+03
1.200000000000000000e+01 3.601000000000000000e+03
1.900000000000000000e+01 3.095000000000000000e+03
1.100000000000000000e+01 2.897000000000000000e+03
2.000000000000000000e+01 2.446000000000000000e+03
1.000000000000000000e+01 2.154000000000000000e+03
2.100000000000000000e+01 1.895000000000000000e+03
2.200000000000000000e+01 1.344000000000000000e+03
9.000000000000000000e+00 1.302000000000000000e+03
2.300000000000000000e+01 9.810000000000000000e+02
8.000000000000000000e+00 8.460000000000000000e+02
2.400000000000000000e+01 6.450000000000000000e+02
7.000000000000000000e+00 4.880000000000000000e+02
2.500000000000000000e+01 4.620000000000000000e+02
2.600000000000000000e+01 2.860000000000000000e+02
6.000000000000000000e+00 2.630000000000000000e+02
2.700000000000000000e+01 1.900000000000000000e+02
2.800000000000000000e+01 1.230000000000000000e+02
5.000000000000000000e+00 1.200000000000000000e+02
2.900000000000000000e+01 8.100000000000000000e+01
4.000000000000000000e+00 5.700000000000000000e+01
3.000000000000000000e+01 5.100000000000000000e+01
3.100000000000000000e+01 3.200000000000000000e+01
2.000000000000000000e+00 3.100000000000000000e+01
3.000000000000000000e+00 2.900000000000000000e+01
3.300000000000000000e+01 1.500000000000000000e+01
3.200000000000000000e+01 1.300000000000000000e+01
3.500000000000000000e+01 6.000000000000000000e+00
3.400000000000000000e+01 5.000000000000000000e+00
3.600000000000000000e+01 4.000000000000000000e+00
3.800000000000000000e+01 1.000000000000000000e+00

1.000000000000000000e+00 2.537645000000000000e+06
1.400000000000000000e+01 4.564000000000000000e+03
1.500000000000000000e+01 4.514000000000000000e+03
1.600000000000000000e+01 4.416000000000000000e+03
1.300000000000000000e+01 4.221000000000000000e+03
1.700000000000000000e+01 3.949000000000000000e+03
1.200000000000000000e+01 3.689000000000000000e+03
1.800000000000000000e+01 3.519000000000000000e+03
1.100000000000000000e+01 3.099000000000000000e+03
1.900000000000000000e+01 2.831000000000000000e+03
1.000000000000000000e+01 2.427000000000000000e+03
2.000000000000000000e+01 2.247000000000000000e+03
9.000000000000000000e+00 1.758000000000000000e+03
2.100000000000000000e+01 1.746000000000000000e+03
2.200000000000000000e+01 1.312000000000000000e+03
8.000000000000000000e+00 1.148000000000000000e+03
2.300000000000000000e+01 9.900000000000000000e+02
7.000000000000000000e+00 7.230000000000000000e+02
2.400000000000000000e+01 6.580000000000000000e+02
2.500000000000000000e+01 4.670000000000000000e+02
6.000000000000000000e+00 3.950000000000000000e+02
2.600000000000000000e+01 2.990000000000000000e+02
5.000000000000000000e+00 2.240000000000000000e+02
2.700000000000000000e+01 1.950000000000000000e+02
2.800000000000000000e+01 1.250000000000000000e+02
4.000000000000000000e+00 1.040000000000000000e+02
2.900000000000000000e+01 8.700000000000000000e+01
3.000000000000000000e+01 5.800000000000000000e+01
3.000000000000000000e+00 5.200000000000000000e+01
2.000000000000000000e+00 4.800000000000000000e+01
3.100000000000000000e+01 3.300000000000000000e+01
3.200000000000000000e+01 1.600000000000000000e+01
3.300000000000000000e+01 1.500000000000000000e+01
3.400000000000000000e+01 7.000000000000000000e+00
3.500000000000000000e+01 4.000000000000000000e+00
3.600000000000000000e+01 3.000000000000000000e+00
4.000000000000000000e+01 1.000000000000000000e+00
3.900000000000000000e+01 1.000000000000000000e+00

1.000000000000000000e+00 2.560767000000000000e+06
1.400000000000000000e+01 4.433000000000000000e+03
1.500000000000000000e+01 4.311000000000000000e+03
1.300000000000000000e+01 4.226000000000000000e+03
1.600000000000000000e+01 4.056000000000000000e+03
1.200000000000000000e+01 3.895000000000000000e+03
1.700000000000000000e+01 3.608000000000000000e+03
1.100000000000000000e+01 3.408000000000000000e+03
1.800000000000000000e+01 3.085000000000000000e+03
1.000000000000000000e+01 2.791000000000000000e+03
1.900000000000000000e+01 2.546000000000000000e+03
9.000000000000000000e+00 2.145000000000000000e+03
2.000000000000000000e+01 2.128000000000000000e+03
2.100000000000000000e+01 1.595000000000000000e+03
8.000000000000000000e+00 1.509000000000000000e+03
2.200000000000000000e+01 1.142000000000000000e+03
7.000000000000000000e+00 9.580000000000000000e+02
2.300000000000000000e+01 8.520000000000000000e+02
2.400000000000000000e+01 6.380000000000000000e+02
6.000000000000000000e+00 5.420000000000000000e+02
2.500000000000000000e+01 4.480000000000000000e+02
5.000000000000000000e+00 3.600000000000000000e+02
2.600000000000000000e+01 3.030000000000000000e+02
2.700000000000000000e+01 1.920000000000000000e+02
4.000000000000000000e+00 1.870000000000000000e+02
2.800000000000000000e+01 1.250000000000000000e+02
3.000000000000000000e+00 1.180000000000000000e+02
2.900000000000000000e+01 1.100000000000000000e+02
2.000000000000000000e+00 8.500000000000000000e+01
3.000000000000000000e+01 4.700000000000000000e+01
3.100000000000000000e+01 2.300000000000000000e+01
3.200000000000000000e+01 2.200000000000000000e+01
3.300000000000000000e+01 1.200000000000000000e+01
3.400000000000000000e+01 8.000000000000000000e+00
3.500000000000000000e+01 7.000000000000000000e+00
3.600000000000000000e+01 3.000000000000000000e+00

1.000000000000000000e+00 2.585928000000000000e+06
1.400000000000000000e+01 4.323000000000000000e+03
1.300000000000000000e+01 4.262000000000000000e+03
1.500000000000000000e+01 4.127000000000000000e+03
1.200000000000000000e+01 3.925000000000000000e+03
1.600000000000000000e+01 3.662000000000000000e+03
1.100000000000000000e+01 3.550000000000000000e+03
1.700000000000000000e+01 3.252000000000000000e+03
1.000000000000000000e+01 2.976000000000000000e+03
1.800000000000000000e+01 2.775000000000000000e+03
1.900000000000000000e+01 2.455000000000000000e+03
9.000000000000000000e+00 2.333000000000000000e+03
8.000000000000000000e+00 1.888000000000000000e+03
2.000000000000000000e+01 1.879000000000000000e+03
2.100000000000000000e+01 1.481000000000000000e+03
7.000000000000000000e+00 1.348000000000000000e+03
2.200000000000000000e+01 1.058000000000000000e+03
6.000000000000000000e+00 8.830000000000000000e+02
2.300000000000000000e+01 7.700000000000000000e+02
2.400000000000000000e+01 5.520000000000000000e+02
5.000000000000000000e+00 5.450000000000000000e+02
2.500000000000000000e+01 4.020000000000000000e+02
4.000000000000000000e+00 3.070000000000000000e+02
2.600000000000000000e+01 2.800000000000000000e+02
3.000000000000000000e+00 2.010000000000000000e+02
2.000000000000000000e+00 1.680000000000000000e+02
2.700000000000000000e+01 1.660000000000000000e+02
2.800000000000000000e+01 1.180000000000000000e+02
2.900000000000000000e+01 7.400000000000000000e+01
3.000000000000000000e+01 5.000000000000000000e+01
3.100000000000000000e+01 3.000000000000000000e+01
3.200000000000000000e+01 1.900000000000000000e+01
3.300000000000000000e+01 1.200000000000000000e+01
3.400000000000000000e+01 9.000000000000000000e+00
3.500000000000000000e+01 4.000000000000000000e+00
3.600000000000000000e+01 1.000000000000000000e+00
3.800000000000000000e+01 1.000000000000000000e+00

1.000000000000000000e+00 2.622065000000000000e+06
1.300000000000000000e+01 4.079000000000000000e+03
1.200000000000000000e+01 4.033000000000000000e+03
1.400000000000000000e+01 3.986000000000000000e+03
1.500000000000000000e+01 3.755000000000000000e+03
1.100000000000000000e+01 3.721000000000000000e+03
1.600000000000000000e+01 3.335000000000000000e+03
1.000000000000000000e+01 3.307000000000000000e+03
1.700000000000000000e+01 2.877000000000000000e+03
9.000000000000000000e+00 2.867000000000000000e+03
1.800000000000000000e+01 2.410000000000000000e+03
8.000000000000000000e+00 2.253000000000000000e+03
1.900000000000000000e+01 2.010000000000000000e+03
7.000000000000000000e+00 1.794000000000000000e+03
2.000000000000000000e+01 1.570000000000000000e+03
2.100000000000000000e+01 1.272000000000000000e+03
6.000000000000000000e+00 1.247000000000000000e+03
2.200000000000000000e+01 9.900000000000000000e+02
5.000000000000000000e+00 8.520000000000000000e+02
2.300000000000000000e+01 6.590000000000000000e+02
4.000000000000000000e+00 5.360000000000000000e+02
2.400000000000000000e+01 4.550000000000000000e+02
2.500000000000000000e+01 3.800000000000000000e+02
3.000000000000000000e+00 3.670000000000000000e+02
2.000000000000000000e+00 3.290000000000000000e+02
2.600000000000000000e+01 2.540000000000000000e+02
2.700000000000000000e+01 1.620000000000000000e+02
2.800000000000000000e+01 1.240000000000000000e+02
2.900000000000000000e+01 5.800000000000000000e+01
3.000000000000000000e+01 4.600000000000000000e+01
3.100000000000000000e+01 2.500000000000000000e+01
3.200000000000000000e+01 1.200000000000000000e+01
3.300000000000000000e+01 5.000000000000000000e+00
3.500000000000000000e+01 4.000000000000000000e+00
3.400000000000000000e+01 2.000000000000000000e+00

1.000000000000000000e+00 2.668570000000000000e+06
1.200000000000000000e+01 3.925000000000000000e+03
1.100000000000000000e+01 3.848000000000000000e+03
1.300000000000000000e+01 3.645000000000000000e+03
1.000000000000000000e+01 3.561000000000000000e+03
1.400000000000000000e+01 3.557000000000000000e+03
9.000000000000000000e+00 3.253000000000000000e+03
1.500000000000000000e+01 3.208000000000000000e+03
1.600000000000000000e+01 2.972000000000000000e+03
8.000000000000000000e+00 2.781000000000000000e+03
1.700000000000000000e+01 2.529000000000000000e+03
7.000000000000000000e+00 2.305000000000000000e+03
1.800000000000000000e+01 1.982000000000000000e+03
6.000000000000000000e+00 1.757000000000000000e+03
1.900000000000000000e+01 1.674000000000000000e+03
5.000000000000000000e+00 1.326000000000000000e+03
2.000000000000000000e+01 1.308000000000000000e+03
2.100000000000000000e+01 1.008000000000000000e+03
4.000000000000000000e+00 9.410000000000000000e+02
2.200000000000000000e+01 7.580000000000000000e+02
3.000000000000000000e+00 6.680000000000000000e+02
2.300000000000000000e+01 6.130000000000000000e+02
2.000000000000000000e+00 5.680000000000000000e+02
2.400000000000000000e+01 4.320000000000000000e+02
2.500000000000000000e+01 2.780000000000000000e+02
2.600000000000000000e+01 2.150000000000000000e+02
2.700000000000000000e+01 1.370000000000000000e+02
2.800000000000000000e+01 9.900000000000000000e+01
2.900000000000000000e+01 6.100000000000000000e+01
3.000000000000000000e+01 3.400000000000000000e+01
3.100000000000000000e+01 1.800000000000000000e+01
3.200000000000000000e+01 7.000000000000000000e+00
3.300000000000000000e+01 3.000000000000000000e+00
3.400000000000000000e+01 2.000000000000000000e+00
3.500000000000000000e+01 2.000000000000000000e+00
3.600000000000000000e+01 1.000000000000000000e+00

1.000000000000000000e+00 2.727316000000000000e+06
1.200000000000000000e+01 3.587000000000000000e+03
1.000000000000000000e+01 3.578000000000000000e+03
1.100000000000000000e+01 3.575000000000000000e+03
9.000000000000000000e+00 3.420000000000000000e+03
1.300000000000000000e+01 3.355000000000000000e+03
1.400000000000000000e+01 3.130000000000000000e+03
8.000000000000000000e+00 3.104000000000000000e+03
7.000000000000000000e+00 2.882000000000000000e+03
1.500000000000000000e+01 2.673000000000000000e+03
6.000000000000000000e+00 2.422000000000000000e+03
1.600000000000000000e+01 2.399000000000000000e+03
1.700000000000000000e+01 2.024000000000000000e+03
5.000000000000000000e+00 1.993000000000000000e+03
1.800000000000000000e+01 1.780000000000000000e+03
4.000000000000000000e+00 1.467000000000000000e+03
1.900000000000000000e+01 1.321000000000000000e+03
3.000000000000000000e+00 1.192000000000000000e+03
2.000000000000000000e+00 1.154000000000000000e+03
2.000000000000000000e+01 1.053000000000000000e+03
2.100000000000000000e+01 8.020000000000000000e+02
2.200000000000000000e+01 5.950000000000000000e+02
2.300000000000000000e+01 4.540000000000000000e+02
2.400000000000000000e+01 3.310000000000000000e+02
2.500000000000000000e+01 2.220000000000000000e+02
2.600000000000000000e+01 1.560000000000000000e+02
2.700000000000000000e+01 1.030000000000000000e+02
2.800000000000000000e+01 4.800000000000000000e+01
2.900000000000000000e+01 2.800000000000000000e+01
3.000000000000000000e+01 1.900000000000000000e+01
3.100000000000000000e+01 7.000000000000000000e+00
3.300000000000000000e+01 4.000000000000000000e+00
3.200000000000000000e+01 3.000000000000000000e+00
3.400000000000000000e+01 2.000000000000000000e+00
3.500000000000000000e+01 1.000000000000000000e+00

1.000000000000000000e+00 2.812772000000000000e+06
9.000000000000000000e+00 3.400000000000000000e+03
8.000000000000000000e+00 3.365000000000000000e+03
1.100000000000000000e+01 3.242000000000000000e+03
1.000000000000000000e+01 3.237000000000000000e+03
7.000000000000000000e+00 3.170000000000000000e+03
1.200000000000000000e+01 3.074000000000000000e+03
6.000000000000000000e+00 3.069000000000000000e+03
5.000000000000000000e+00 2.789000000000000000e+03
1.300000000000000000e+01 2.697000000000000000e+03
4.000000000000000000e+00 2.578000000000000000e+03
1.400000000000000000e+01 2.503000000000000000e+03
3.000000000000000000e+00 2.236000000000000000e+03
2.000000000000000000e+00 2.204000000000000000e+03
1.500000000000000000e+01 2.076000000000000000e+03
1.600000000000000000e+01 1.755000000000000000e+03
1.700000000000000000e+01 1.540000000000000000e+03
1.800000000000000000e+01 1.205000000000000000e+03
1.900000000000000000e+01 9.700000000000000000e+02
2.000000000000000000e+01 7.880000000000000000e+02
2.100000000000000000e+01 5.330000000000000000e+02
2.200000000000000000e+01 3.810000000000000000e+02
2.300000000000000000e+01 2.800000000000000000e+02
2.400000000000000000e+01 1.960000000000000000e+02
2.500000000000000000e+01 1.020000000000000000e+02
2.600000000000000000e+01 7.100000000000000000e+01
2.700000000000000000e+01 4.200000000000000000e+01
2.800000000000000000e+01 2.300000000000000000e+01
2.900000000000000000e+01 9.000000000000000000e+00
3.000000000000000000e+01 6.000000000000000000e+00
3.100000000000000000e+01 2.000000000000000000e+00
3.200000000000000000e+01 1.000000000000000000e+00

1.000000000000000000e+00 2.925761000000000000e+06
2.000000000000000000e+00 4.096000000000000000e+03
4.000000000000000000e+00 3.728000000000000000e+03
5.000000000000000000e+00 3.717000000000000000e+03
3.000000000000000000e+00 3.685000000000000000e+03
6.000000000000000000e+00 3.614000000000000000e+03
7.000000000000000000e+00 3.434000000000000000e+03
8.000000000000000000e+00 3.158000000000000000e+03
9.000000000000000000e+00 2.889000000000000000e+03
1.000000000000000000e+01 2.625000000000000000e+03
1.100000000000000000e+01 2.491000000000000000e+03
1.200000000000000000e+01 2.188000000000000000e+03
1.300000000000000000e+01 1.866000000000000000e+03
1.400000000000000000e+01 1.625000000000000000e+03
1.500000000000000000e+01 1.351000000000000000e+03
1.600000000000000000e+01 1.087000000000000000e+03
1.700000000000000000e+01 9.230000000000000000e+02
1.800000000000000000e+01 7.070000000000000000e+02
1.900000000000000000e+01 5.020000000000000000e+02
2.000000000000000000e+01 3.780000000000000000e+02
2.100000000000000000e+01 2.600000000000000000e+02
2.200000000000000000e+01 1.570000000000000000e+02
2.300000000000000000e+01 8.900000000000000000e+01
2.400000000000000000e+01 5.400000000000000000e+01
2.500000000000000000e+01 3.400000000000000000e+01
2.600000000000000000e+01 2.500000000000000000e+01
2.700000000000000000e+01 1.100000000000000000e+01
2.800000000000000000e+01 1.000000000000000000e+01
2.900000000000000000e+01 3.000000000000000000e+00

1.000000000000000000e+00 3.045052000000000000e+06
2.000000000000000000e+00 6.635000000000000000e+03
3.000000000000000000e+00 5.552000000000000000e+03
4.000000000000000000e+00 5.045000000000000000e+03
5.000000000000000000e+00 4.368000000000000000e+03
6.000000000000000000e+00 3.588000000000000000e+03
7.000000000000000000e+00 2.839000000000000000e+03
8.000000000000000000e+00 2.321000000000000000e+03
9.000000000000000000e+00 1.991000000000000000e+03
1.000000000000000000e+01 1.623000000000000000e+03
1.100000000000000000e+01 1.482000000000000000e+03
1.200000000000000000e+01 1.166000000000000000e+03
1.300000000000000000e+01 9.770000000000000000e+02
1.400000000000000000e+01 7.890000000000000000e+02
1.500000000000000000e+01 5.960000000000000000e+02
1.600000000000000000e+01 4.780000000000000000e+02
1.700000000000000000e+01 3.460000000000000000e+02
1.800000000000000000e+01 2.350000000000000000e+02
1.900000000000000000e+01 1.620000000000000000e+02
2.000000000000000000e+01 1.050000000000000000e+02
2.100000000000000000e+01 5.700000000000000000e+01
2.200000000000000000e+01 3.600000000000000000e+01
2.300000000000000000e+01 2.300000000000000000e+01
2.400000000000000000e+01 1.100000000000000000e+01
2.500000000000000000e+01 4.000000000000000000e+00
2.600000000000000000e+01 2.000000000000000000e+00
3.100000000000000000e+01 1.000000000000000000e+00

1.000000000000000000e+00 3.145294000000000000e+06
2.000000000000000000e+00 9.041000000000000000e+03
3.000000000000000000e+00 6.739000000000000000e+03
4.000000000000000000e+00 5.295000000000000000e+03
5.000000000000000000e+00 3.808000000000000000e+03
6.000000000000000000e+00 2.635000000000000000e+03
7.000000000000000000e+00 1.780000000000000000e+03
8.000000000000000000e+00 1.231000000000000000e+03
9.000000000000000000e+00 9.520000000000000000e+02
1.000000000000000000e+01 6.420000000000000000e+02
1.100000000000000000e+01 5.140000000000000000e+02
1.200000000000000000e+01 3.610000000000000000e+02
1.300000000000000000e+01 2.690000000000000000e+02
1.400000000000000000e+01 2.040000000000000000e+02
1.500000000000000000e+01 1.450000000000000000e+02
1.600000000000000000e+01 9.500000000000000000e+01
1.700000000000000000e+01 6.900000000000000000e+01
1.800000000000000000e+01 5.000000000000000000e+01
2.000000000000000000e+01 1.600000000000000000e+01
1.900000000000000000e+01 1.600000000000000000e+01
2.100000000000000000e+01 9.000000000000000000e+00
2.200000000000000000e+01 4.000000000000000000e+00
2.300000000000000000e+01 2.000000000000000000e+00
2.700000000000000000e+01 1.000000000000000000e+00

1.000000000000000000e+00 3.189690000000000000e+06
2.000000000000000000e+00 1.033400000000000000e+04
3.000000000000000000e+00 7.286000000000000000e+03
4.000000000000000000e+00 5.137000000000000000e+03
5.000000000000000000e+00 3.066000000000000000e+03
6.000000000000000000e+00 1.711000000000000000e+03
7.000000000000000000e+00 1.010000000000000000e+03
8.000000000000000000e+00 5.700000000000000000e+02
9.000000000000000000e+00 3.530000000000000000e+02
1.000000000000000000e+01 2.050000000000000000e+02
1.100000000000000000e+01 1.220000000000000000e+02
1.200000000000000000e+01 1.040000000000000000e+02
1.300000000000000000e+01 5.500000000000000000e+01
1.400000000000000000e+01 3.800000000000000000e+01
1.500000000000000000e+01 2.100000000000000000e+01
1.600000000000000000e+01 1.600000000000000000e+01
1.700000000000000000e+01 6.000000000000000000e+00
1.800000000000000000e+01 6.000000000000000000e+00
2.100000000000000000e+01 3.000000000000000000e+00
1.900000000000000000e+01 3.000000000000000000e+00
2.200000000000000000e+01 1.000000000000000000e+00
2.300000000000000000e+01 1.000000000000000000e+00

1.000000000000000000e+00 3.210530000000000000e+06
2.000000000000000000e+00 1.089700000000000000e+04
3.000000000000000000e+00 7.096000000000000000e+03
4.000000000000000000e+00 4.504000000000000000e+03
5.000000000000000000e+00 2.495000000000000000e+03
6.000000000000000000e+00 1.196000000000000000e+03
7.000000000000000000e+00 5.310000000000000000e+02
8.000000000000000000e+00 2.420000000000000000e+02
9.000000000000000000e+00 1.390000000000000000e+02
1.000000000000000000e+01 8.000000000000000000e+01
1.100000000000000000e+01 3.600000000000000000e+01
1.200000000000000000e+01 2.700000000000000000e+01
1.300000000000000000e+01 1.100000000000000000e+01
1.400000000000000000e+01 3.000000000000000000e+00
1.500000000000000000e+01 3.000000000000000000e+00
1.600000000000000000e+01 2.000000000000000000e+00
1.800000000000000000e+01 1.000000000000000000e+00
1.700000000000000000e+01 1.000000000000000000e+00

1.000000000000000000e+00 3.220256000000000000e+06
2.000000000000000000e+00 1.091300000000000000e+04
3.000000000000000000e+00 6.979000000000000000e+03
4.000000000000000000e+00 4.207000000000000000e+03
5.000000000000000000e+00 2.061000000000000000e+03
6.000000000000000000e+00 8.680000000000000000e+02
7.000000000000000000e+00 3.620000000000000000e+02
8.000000000000000000e+00 1.510000000000000000e+02
9.000000000000000000e+00 4.900000000000000000e+01
1.000000000000000000e+01 1.900000000000000000e+01
1.100000000000000000e+01 1.300000000000000000e+01
1.200000000000000000e+01 7.000000000000000000e+00
1.300000000000000000e+01 2.000000000000000000e+00
1.400000000000000000e+01 1.000000000000000000e+00

1.000000000000000000e+00 3.226469000000000000e+06
2.000000000000000000e+00 1.108800000000000000e+04
3.000000000000000000e+00 6.876000000000000000e+03
4.000000000000000000e+00 3.807000000000000000e+03
5.000000000000000000e+00 1.767000000000000000e+03
6.000000000000000000e+00 6.730000000000000000e+02
7.000000000000000000e+00 2.480000000000000000e+02
8.000000000000000000e+00 7.300000000000000000e+01
9.000000000000000000e+00 2.000000000000000000e+01
1.000000000000000000e+01 8.000000000000000000e+00
1.200000000000000000e+01 2.000000000000000000e+00
1.100000000000000000e+01 2.000000000000000000e+00

1.000000000000000000e+00 3.228849000000000000e+06
2.000000000000000000e+00 1.123600000000000000e+04
3.000000000000000000e+00 6.741000000000000000e+03
4.000000000000000000e+00 3.713000000000000000e+03
5.000000000000000000e+00 1.624000000000000000e+03
6.000000000000000000e+00 6.100000000000000000e+02
7.000000000000000000e+00 1.690000000000000000e+02
8.000000000000000000e+00 5.800000000000000000e+01
9.000000000000000000e+00 1.000000000000000000e+01
1.000000000000000000e+01 4.000000000000000000e+00
1.100000000000000000e+01 2.000000000000000000e+00
1.300000000000000000e+01 1.000000000000000000e+00
1.200000000000000000e+01 1.000000000000000000e+00

1.000000000000000000e+00 3.231079000000000000e+06
2.000000000000000000e+00 1.130000000000000000e+04
3.000000000000000000e+00 6.559000000000000000e+03
4.000000000000000000e+00 3.508000000000000000e+03
5.000000000000000000e+00 1.537000000000000000e+03
6.000000000000000000e+00 5.780000000000000000e+02
7.000000000000000000e+00 1.460000000000000000e+02
8.000000000000000000e+00 4.400000000000000000e+01
9.000000000000000000e+00 7.000000000000000000e+00
1.200000000000000000e+01 1.000000000000000000e+00
1.000000000000000000e+01 1.000000000000000000e+00

1.000000000000000000e+00 3.232565000000000000e+06
2.000000000000000000e+00 1.120600000000000000e+04
3.000000000000000000e+00 6.577000000000000000e+03
4.000000000000000000e+00 3.399000000000000000e+03
5.000000000000000000e+00 1.468000000000000000e+03
6.000000000000000000e+00 5.310000000000000000e+02
7.000000000000000000e+00 1.200000000000000000e+02
8.000000000000000000e+00 3.200000000000000000e+01
9.000000000000000000e+00 6.000000000000000000e+00
1.000000000000000000e+01 2.000000000000000000e+00

1.000000000000000000e+00 3.232931000000000000e+06
2.000000000000000000e+00 1.110500000000000000e+04
3.000000000000000000e+00 6.551000000000000000e+03
4.000000000000000000e+00 3.519000000000000000e+03
5.000000000000000000e+00 1.409000000000000000e+03
6.000000000000000000e+00 4.680000000000000000e+02
7.000000000000000000e+00 1.400000000000000000e+02
8.000000000000000000e+00 2.900000000000000000e+01
9.000000000000000000e+00 5.000000000000000000e+00
1.000000000000000000e+01 2.000000000000000000e+00

1.000000000000000000e+00 3.234934000000000000e+06
2.000000000000000000e+00 1.114800000000000000e+04
3.000000000000000000e+00 6.410000000000000000e+03
4.000000000000000000e+00 3.317000000000000000e+03
5.000000000000000000e+00 1.316000000000000000e+03
6.000000000000000000e+00 4.360000000000000000e+02
7.000000000000000000e+00 1.120000000000000000e+02
8.000000000000000000e+00 2.500000000000000000e+01
9.000000000000000000e+00 8.000000000000000000e+00
1.000000000000000000e+01 2.000000000000000000e+00

1.000000000000000000e+00 3.234638000000000000e+06
2.000000000000000000e+00 1.108700000000000000e+04
3.000000000000000000e+00 6.456000000000000000e+03
4.000000000000000000e+00 3.292000000000000000e+03
5.000000000000000000e+00 1.359000000000000000e+03
6.000000000000000000e+00 4.480000000000000000e+02
7.000000000000000000e+00 1.190000000000000000e+02
8.000000000000000000e+00 3.300000000000000000e+01
9.000000000000000000e+00 8.000000000000000000e+00

1.000000000000000000e+00 3.236164000000000000e+06
2.000000000000000000e+00 1.101200000000000000e+04
3.000000000000000000e+00 6.364000000000000000e+03
4.000000000000000000e+00 3.249000000000000000e+03
5.000000000000000000e+00 1.264000000000000000e+03
6.000000000000000000e+00 4.050000000000000000e+02
7.000000000000000000e+00 1.060000000000000000e+02
8.000000000000000000e+00 2.000000000000000000e+01
9.000000000000000000e+00 8.000000000000000000e+00

1.000000000000000000e+00 3.236034000000000000e+06
2.000000000000000000e+00 1.108300000000000000e+04
3.000000000000000000e+00 6.361000000000000000e+03
4.000000000000000000e+00 3.263000000000000000e+03
5.000000000000000000e+00 1.263000000000000000e+03
6.000000000000000000e+00 4.200000000000000000e+02
7.000000000000000000e+00 8.800000000000000000e+01
8.000000000000000000e+00 2.000000000000000000e+01
9.000000000000000000e+00 6.000000000000000000e+00

1.000000000000000000e+00 2.482069000000000000e+06
1.600000000000000000e+01 5.607000000000000000e+03
1.500000000000000000e+01 5.412000000000000000e+03
1.700000000000000000e+01 5.329000000000000000e+03
1.800000000000000000e+01 4.792000000000000000e+03
1.400000000000000000e+01 4.537000000000000000e+03
1.900000000000000000e+01 4.032000000000000000e+03
1.300000000000000000e+01 3.820000000000000000e+03
2.000000000000000000e+01 3.110000000000000000e+03
1.200000000000000000e+01 2.910000000000000000e+03
2.100000000000000000e+01 2.236000000000000000e+03
1.100000000000000000e+01 1.858000000000000000e+03
2.200000000000000000e+01 1.531000000000000000e+03
1.000000000000000000e+01 1.135000000000000000e+03
2.300000000000000000e+01 1.028000000000000000e+03
2.400000000000000000e+01 6.830000000000000000e+02
9.000000000000000000e+00 6.340000000000000000e+02
2.500000000000000000e+01 3.690000000000000000e+02
8.000000000000000000e+00 2.730000000000000000e+02
2.600000000000000000e+01 2.020000000000000000e+02
7.000000000000000000e+00 1.200000000000000000e+02
2.700000000000000000e+01 1.170000000000000000e+02
2.900000000000000000e+01 5.400000000000000000e+01
2.800000000000000000e+01 5.400000000000000000e+01
6.000000000000000000e+00 4.900000000000000000e+01
5.000000000000000000e+00 1.800000000000000000e+01
3.000000000000000000e+01 1.600000000000000000e+01
2.000000000000000000e+00 1.200000000000000000e+01
4.000000000000000000e+00 8.000000000000000000e+00
3.200000000000000000e+01 6.000000000000000000e+00
3.100000000000000000e+01 6.000000000000000000e+00
3.000000000000000000e+00 4.000000000000000000e+00
3.400000000000000000e+01 2.000000000000000000e+00

1.000000000000000000e+00 2.487073000000000000e+06
1.600000000000000000e+01 5.643000000000000000e+03
1.500000000000000000e+01 5.232000000000000000e+03
1.700000000000000000e+01 5.141000000000000000e+03
1.800000000000000000e+01 4.786000000000000000e+03
1.400000000000000000e+01 4.696000000000000000e+03
1.900000000000000000e+01 3.870000000000000000e+03
1.300000000000000000e+01 3.863000000000000000e+03
2.000000000000000000e+01 3.042000000000000000e+03
1.200000000000000000e+01 2.934000000000000000e+03
2.100000000000000000e+01 2.237000000000000000e+03
1.100000000000000000e+01 2.027000000000000000e+03
2.200000000000000000e+01 1.584000000000000000e+03
1.000000000000000000e+01 1.214000000000000000e+03
2.300000000000000000e+01 9.210000000000000000e+02
9.000000000000000000e+00 7.190000000000000000e+02
2.400000000000000000e+01 6.280000000000000000e+02
2.500000000000000000e+01 3.760000000000000000e+02
8.000000000000000000e+00 3.430000000000000000e+02
2.600000000000000000e+01 2.120000000000000000e+02
7.000000000000000000e+00 1.430000000000000000e+02
2.700000000000000000e+01 9.600000000000000000e+01
2.800000000000000000e+01 6.400000000000000000e+01
6.000000000000000000e+00 5.500000000000000000e+01
2.900000000000000000e+01 4.500000000000000000e+01
5.000000000000000000e+00 2.800000000000000000e+01
3.000000000000000000e+01 2.200000000000000000e+01
2.000000000000000000e+00 1.300000000000000000e+01
3.100000000000000000e+01 8.000000000000000000e+00
3.000000000000000000e+00 6.000000000000000000e+00
4.000000000000000000e+00 5.000000000000000000e+00
3.200000000000000000e+01 5.000000000000000000e+00
3.400000000000000000e+01 2.000000000000000000e+00
3.300000000000000000e+01 1.000000000000000000e+00
3.600000000000000000e+01 1.000000000000000000e+00

1.000000000000000000e+00 2.490819000000000000e+06
1.600000000000000000e+01 5.248000000000000000e+03
1.500000000000000000e+01 5.233000000000000000e+03
1.700000000000000000e+01 5.003000000000000000e+03
1.400000000000000000e+01 4.812000000000000000e+03
1.800000000000000000e+01 4.474000000000000000e+03
1.300000000000000000e+01 4.002000000000000000e+03
1.900000000000000000e+01 3.773000000000000000e+03
1.200000000000000000e+01 3.039000000000000000e+03
2.000000000000000000e+01 2.823000000000000000e+03
1.100000000000000000e+01 2.163000000000000000e+03
2.100000000000000000e+01 2.147000000000000000e+03
2.200000000000000000e+01 1.514000000000000000e+03
1.000000000000000000e+01 1.349000000000000000e+03
2.300000000000000000e+01 1.030000000000000000e+03
9.000000000000000000e+00 7.780000000000000000e+02
2.400000000000000000e+01 7.060000000000000000e+02
2.500000000000000000e+01 4.370000000000000000e+02
8.000000000000000000e+00 4.190000000000000000e+02
2.600000000000000000e+01 2.680000000000000000e+02
7.000000000000000000e+00 2.010000000000000000e+02
2.700000000000000000e+01 1.460000000000000000e+02
6.000000000000000000e+00 1.060000000000000000e+02
2.800000000000000000e+01 9.800000000000000000e+01
2.900000000000000000e+01 4.500000000000000000e+01
5.000000000000000000e+00 3.200000000000000000e+01
3.000000000000000000e+01 3.000000000000000000e+01
4.000000000000000000e+00 1.900000000000000000e+01
3.100000000000000000e+01 1.800000000000000000e+01
3.000000000000000000e+00 1.600000000000000000e+01
2.000000000000000000e+00 1.300000000000000000e+01
3.200000000000000000e+01 8.000000000000000000e+00
3.300000000000000000e+01 8.000000000000000000e+00
3.400000000000000000e+01 3.000000000000000000e+00
3.500000000000000000e+01 2.000000000000000000e+00
3.700000000000000000e+01 1.000000000000000000e+00
3.600000000000000000e+01 1.000000000000000000e+00

1.000000000000000000e+00 2.502281000000000000e+06
1.500000000000000000e+01 5.104000000000000000e+03
1.600000000000000000e+01 5.004000000000000000e+03
1.400000000000000000e+01 4.785000000000000000e+03
1.700000000000000000e+01 4.767000000000000000e+03
1.300000000000000000e+01 4.198000000000000000e+03
1.800000000000000000e+01 4.035000000000000000e+03
1.900000000000000000e+01 3.545000000000000000e+03
1.200000000000000000e+01 3.279000000000000000e+03
2.000000000000000000e+01 2.841000000000000000e+03
1.100000000000000000e+01 2.357000000000000000e+03
2.100000000000000000e+01 2.040000000000000000e+03
1.000000000000000000e+01 1.614000000000000000e+03
2.200000000000000000e+01 1.475000000000000000e+03
9.000000000000000000e+00 1.015000000000000000e+03
2.300000000000000000e+01 9.960000000000000000e+02
2.400000000000000000e+01 6.450000000000000000e+02
8.000000000000000000e+00 5.610000000000000000e+02
2.500000000000000000e+01 4.560000000000000000e+02
7.000000000000000000e+00 3.140000000000000000e+02
2.600000000000000000e+01 2.760000000000000000e+02
2.700000000000000000e+01 1.470000000000000000e+02
6.000000000000000000e+00 1.370000000000000000e+02
2.800000000000000000e+01 1.040000000000000000e+02
5.000000000000000000e+00 6.200000000000000000e+01
2.900000000000000000e+01 6.200000000000000000e+01
4.000000000000000000e+00 3.400000000000000000e+01
3.000000000000000000e+01 3.300000000000000000e+01
2.000000000000000000e+00 2.300000000000000000e+01
3.000000000000000000e+00 1.700000000000000000e+01
3.100000000000000000e+01 1.700000000000000000e+01
3.200000000000000000e+01 9.000000000000000000e+00
3.300000000000000000e+01 3.000000000000000000e+00
3.400000000000000000e+01 3.000000000000000000e+00
3.800000000000000000e+01 2.000000000000000000e+00
3.500000000000000000e+01 1.000000000000000000e+00
3.600000000000000000e+01 1.000000000000000000e+00

1.000000000000000000e+00 2.512514000000000000e+06
1.500000000000000000e+01 4.972000000000000000e+03
1.600000000000000000e+01 4.801000000000000000e+03
1.400000000000000000e+01 4.668000000000000000e+03
1.700000000000000000e+01 4.457000000000000000e+03
1.300000000000000000e+01 4.078000000000000000e+03
1.800000000000000000e+01 3.864000000000000000e+03
1.200000000000000000e+01 3.585000000000000000e+03
1.900000000000000000e+01 3.242000000000000000e+03
1.100000000000000000e+01 2.654000000000000000e+03
2.000000000000000000e+01 2.546000000000000000e+03
2.100000000000000000e+01 1.998000000000000000e+03
1.000000000000000000e+01 1.872000000000000000e+03
2.200000000000000000e+01 1.453000000000000000e+03
9.000000000000000000e+00 1.231000000000000000e+03
2.300000000000000000e+01 1.014000000000000000e+03
8.000000000000000000e+00 7.260000000000000000e+02
2.400000000000000000e+01 6.790000000000000000e+02
2.500000000000000000e+01 4.640000000000000000e+02
7.000000000000000000e+00 4.070000000000000000e+02
2.600000000000000000e+01 2.910000000000000000e+02
6.000000000000000000e+00 2.180000000000000000e+02
2.700000000000000000e+01 1.900000000000000000e+02
5.000000000000000000e+00 1.270000000000000000e+02
2.800000000000000000e+01 1.170000000000000000e+02
4.000000000000000000e+00 5.800000000000000000e+01
2.900000000000000000e+01 5.700000000000000000e+01
3.000000000000000000e+01 4.600000000000000000e+01
2.000000000000000000e+00 4.100000000000000000e+01
3.100000000000000000e+01 3.100000000000000000e+01
3.000000000000000000e+00 2.600000000000000000e+01
3.200000000000000000e+01 2.000000000000000000e+01
3.300000000000000000e+01 1.800000000000000000e+01
3.400000000000000000e+01 5.000000000000000000e+00
3.600000000000000000e+01 3.000000000000000000e+00
3.500000000000000000e+01 3.000000000000000000e+00
3.800000000000000000e+01 2.000000000000000000e+00
4.200000000000000000e+01 1.000000000000000000e+00
3.700000000000000000e+01 1.000000000000000000e+00

1.000000000000000000e+00 2.528102000000000000e+06
1.500000000000000000e+01 4.586000000000000000e+03
1.400000000000000000e+01 4.528000000000000000e+03
1.600000000000000000e+01 4.482000000000000000e+03
1.300000000000000000e+01 4.186000000000000000e+03
1.700000000000000000e+01 4.019000000000000000e+03
1.200000000000000000e+01 3.702000000000000000e+03
1.800000000000000000e+01 3.581000000000000000e+03
1.900000000000000000e+01 2.993000000000000000e+03
1.100000000000000000e+01 2.943000000000000000e+03
2.000000000000000000e+01 2.350000000000000000e+03
1.000000000000000000e+01 2.086000000000000000e+03
2.100000000000000000e+01 1.795000000000000000e+03
9.000000000000000000e+00 1.578000000000000000e+03
2.200000000000000000e+01 1.347000000000000000e+03
8.000000000000000000e+00 1.057000000000000000e+03
2.300000000000000000e+01 1.035000000000000000e+03
2.400000000000000000e+01 7.250000000000000000e+02
7.000000000000000000e+00 6.420000000000000000e+02
2.500000000000000000e+01 4.680000000000000000e+02
6.000000000000000000e+00 3.770000000000000000e+02
2.600000000000000000e+01 3.280000000000000000e+02
2.700000000000000000e+01 2.430000000000000000e+02
5.000000000000000000e+00 1.980000000000000000e+02
2.800000000000000000e+01 1.570000000000000000e+02
4.000000000000000000e+00 1.290000000000000000e+02
2.900000000000000000e+01 1.170000000000000000e+02
3.000000000000000000e+00 7.400000000000000000e+01
2.000000000000000000e+00 6.100000000000000000e+01
3.000000000000000000e+01 5.900000000000000000e+01
3.100000000000000000e+01 3.500000000000000000e+01
3.200000000000000000e+01 2.300000000000000000e+01
3.400000000000000000e+01 1.200000000000000000e+01
3.300000000000000000e+01 1.200000000000000000e+01
3.600000000000000000e+01 5.000000000000000000e+00
3.700000000000000000e+01 4.000000000000000000e+00
3.500000000000000000e+01 3.000000000000000000e+00
3.800000000000000000e+01 1.000000000000000000e+00
3.900000000000000000e+01 1.000000000000000000e+00

1.000000000000000000e+00 2.553822000000000000e+06
1.400000000000000000e+01 4.253000000000000000e+03
1.500000000000000000e+01 4.227000000000000000e+03
1.300000000000000000e+01 4.000000000000000000e+03
1.600000000000000000e+01 3.972000000000000000e+03
1.200000000000000000e+01 3.722000000000000000e+03
1.700000000000000000e+01 3.585000000000000000e+03
1.100000000000000000e+01 3.211000000000000000e+03
1.800000000000000000e+01 3.135000000000000000e+03
1.000000000000000000e+01 2.616000000000000000e+03
1.900000000000000000e+01 2.609000000000000000e+03
2.000000000000000000e+01 2.210000000000000000e+03
9.000000000000000000e+00 2.042000000000000000e+03
2.100000000000000000e+01 1.735000000000000000e+03
8.000000000000000000e+00 1.478000000000000000e+03
2.200000000000000000e+01 1.283000000000000000e+03
7.000000000000000000e+00 1.002000000000000000e+03
2.300000000000000000e+01 9.370000000000000000e+02
2.400000000000000000e+01 6.900000000000000000e+02
6.000000000000000000e+00 6.680000000000000000e+02
2.500000000000000000e+01 4.770000000000000000e+02
5.000000000000000000e+00 3.780000000000000000e+02
2.600000000000000000e+01 3.230000000000000000e+02
2.700000000000000000e+01 2.440000000000000000e+02
4.000000000000000000e+00 2.270000000000000000e+02
2.800000000000000000e+01 1.820000000000000000e+02
3.000000000000000000e+00 1.540000000000000000e+02
2.000000000000000000e+00 1.420000000000000000e+02
2.900000000000000000e+01 1.310000000000000000e+02
3.000000000000000000e+01 7.700000000000000000e+01
3.100000000000000000e+01 5.900000000000000000e+01
3.200000000000000000e+01 3.600000000000000000e+01
3.300000000000000000e+01 1.800000000000000000e+01
3.400000000000000000e+01 1.400000000000000000e+01
3.500000000000000000e+01 1.000000000000000000e+01
3.600000000000000000e+01 6.000000000000000000e+00
4.000000000000000000e+01 1.000000000000000000e+00
3.700000000000000000e+01 1.000000000000000000e+00
3.800000000000000000e+01 1.000000000000000000e+00

1.000000000000000000e+00 2.595404000000000000e+06
1.400000000000000000e+01 3.852000000000000000e+03
1.500000000000000000e+01 3.765000000000000000e+03
1.300000000000000000e+01 3.713000000000000000e+03
1.200000000000000000e+01 3.592000000000000000e+03
1.600000000000000000e+01 3.395000000000000000e+03
1.100000000000000000e+01 3.327000000000000000e+03
1.700000000000000000e+01 3.032000000000000000e+03
1.000000000000000000e+01 2.964000000000000000e+03
1.800000000000000000e+01 2.654000000000000000e+03
9.000000000000000000e+00 2.489000000000000000e+03
1.900000000000000000e+01 2.251000000000000000e+03
8.000000000000000000e+00 2.008000000000000000e+03
2.000000000000000000e+01 1.785000000000000000e+03
7.000000000000000000e+00 1.520000000000000000e+03
2.100000000000000000e+01 1.471000000000000000e+03
6.000000000000000000e+00 1.152000000000000000e+03
2.200000000000000000e+01 1.090000000000000000e+03
5.000000000000000000e+00 8.640000000000000000e+02
2.300000000000000000e+01 8.600000000000000000e+02
2.400000000000000000e+01 6.370000000000000000e+02
4.000000000000000000e+00 5.800000000000000000e+02
2.500000000000000000e+01 4.750000000000000000e+02
3.000000000000000000e+00 4.330000000000000000e+02
2.000000000000000000e+00 3.870000000000000000e+02
2.600000000000000000e+01 3.850000000000000000e+02
2.700000000000000000e+01 2.650000000000000000e+02
2.800000000000000000e+01 2.070000000000000000e+02
2.900000000000000000e+01 1.490000000000000000e+02
3.000000000000000000e+01 1.200000000000000000e+02
3.100000000000000000e+01 9.000000000000000000e+01
3.200000000000000000e+01 5.000000000000000000e+01
3.300000000000000000e+01 3.600000000000000000e+01
3.400000000000000000e+01 1.500000000000000000e+01
3.500000000000000000e+01 1.400000000000000000e+01
3.600000000000000000e+01 8.000000000000000000e+00
3.700000000000000000e+01 4.000000000000000000e+00
3.800000000000000000e+01 1.000000000000000000e+00

1.000000000000000000e+00 2.655399000000000000e+06
1.200000000000000000e+01 3.359000000000000000e+03
1.300000000000000000e+01 3.320000000000000000e+03
1.100000000000000000e+01 3.258000000000000000e+03
1.400000000000000000e+01 3.181000000000000000e+03
1.500000000000000000e+01 3.045000000000000000e+03
1.000000000000000000e+01 3.013000000000000000e+03
9.000000000000000000e+00 2.757000000000000000e+03
1.600000000000000000e+01 2.752000000000000000e+03
8.000000000000000000e+00 2.554000000000000000e+03
1.700000000000000000e+01 2.417000000000000000e+03
7.000000000000000000e+00 2.164000000000000000e+03
1.800000000000000000e+01 2.080000000000000000e+03
6.000000000000000000e+00 1.780000000000000000e+03
1.900000000000000000e+01 1.752000000000000000e+03
5.000000000000000000e+00 1.509000000000000000e+03
2.000000000000000000e+01 1.501000000000000000e+03
2.100000000000000000e+01 1.209000000000000000e+03
4.000000000000000000e+00 1.147000000000000000e+03
3.000000000000000000e+00 9.640000000000000000e+02
2.200000000000000000e+01 9.410000000000000000e+02
2.000000000000000000e+00 9.310000000000000000e+02
2.300000000000000000e+01 7.980000000000000000e+02
2.400000000000000000e+01 6.340000000000000000e+02
2.500000000000000000e+01 5.260000000000000000e+02
2.600000000000000000e+01 4.050000000000000000e+02
2.700000000000000000e+01 2.870000000000000000e+02
2.800000000000000000e+01 2.220000000000000000e+02
2.900000000000000000e+01 1.620000000000000000e+02
3.000000000000000000e+01 1.130000000000000000e+02
3.100000000000000000e+01 7.200000000000000000e+01
3.200000000000000000e+01 4.600000000000000000e+01
3.300000000000000000e+01 3.400000000000000000e+01
3.400000000000000000e+01 1.400000000000000000e+01
3.500000000000000000e+01 6.000000000000000000e+00
3.600000000000000000e+01 4.000000000000000000e+00
3.800000000000000000e+01 1.000000000000000000e+00
3.900000000000000000e+01 1.000000000000000000e+00

1.000000000000000000e+00 2.749867000000000000e+06
1.100000000000000000e+01 2.901000000000000000e+03
8.000000000000000000e+00 2.876000000000000000e+03
9.000000000000000000e+00 2.849000000000000000e+03
1.000000000000000000e+01 2.847000000000000000e+03
7.000000000000000000e+00 2.806000000000000000e+03
1.200000000000000000e+01 2.802000000000000000e+03
1.300000000000000000e+01 2.642000000000000000e+03
6.000000000000000000e+00 2.577000000000000000e+03
1.400000000000000000e+01 2.461000000000000000e+03
5.000000000000000000e+00 2.377000000000000000e+03
1.500000000000000000e+01 2.177000000000000000e+03
4.000000000000000000e+00 2.090000000000000000e+03
2.000000000000000000e+00 2.054000000000000000e+03
3.000000000000000000e+00 2.030000000000000000e+03
1.600000000000000000e+01 1.986000000000000000e+03
1.700000000000000000e+01 1.713000000000000000e+03
1.800000000000000000e+01 1.484000000000000000e+03
1.900000000000000000e+01 1.360000000000000000e+03
2.000000000000000000e+01 1.111000000000000000e+03
2.100000000000000000e+01 9.290000000000000000e+02
2.200000000000000000e+01 8.010000000000000000e+02
2.300000000000000000e+01 6.820000000000000000e+02
2.400000000000000000e+01 5.110000000000000000e+02
2.500000000000000000e+01 4.220000000000000000e+02
2.600000000000000000e+01 3.600000000000000000e+02
2.700000000000000000e+01 2.380000000000000000e+02
2.800000000000000000e+01 1.660000000000000000e+02
2.900000000000000000e+01 1.300000000000000000e+02
3.000000000000000000e+01 6.900000000000000000e+01
3.100000000000000000e+01 4.600000000000000000e+01
3.200000000000000000e+01 2.300000000000000000e+01
3.300000000000000000e+01 1.200000000000000000e+01
3.400000000000000000e+01 5.000000000000000000e+00
3.500000000000000000e+01 5.000000000000000000e+00

1.000000000000000000e+00 2.868177000000000000e+06
2.000000000000000000e+00 3.816000000000000000e+03
3.000000000000000000e+00 3.411000000000000000e+03
4.000000000000000000e+00 3.348000000000000000e+03
6.000000000000000000e+00 3.118000000000000000e+03
5.000000000000000000e+00 3.065000000000000000e+03
7.000000000000000000e+00 2.912000000000000000e+03
8.000000000000000000e+00 2.730000000000000000e+03
9.000000000000000000e+00 2.522000000000000000e+03
1.000000000000000000e+01 2.302000000000000000e+03
1.100000000000000000e+01 2.190000000000000000e+03
1.200000000000000000e+01 2.019000000000000000e+03
1.300000000000000000e+01 1.883000000000000000e+03
1.400000000000000000e+01 1.673000000000000000e+03
1.500000000000000000e+01 1.513000000000000000e+03
1.600000000000000000e+01 1.351000000000000000e+03
1.700000000000000000e+01 1.150000000000000000e+03
1.800000000000000000e+01 1.004000000000000000e+03
1.900000000000000000e+01 9.670000000000000000e+02
2.000000000000000000e+01 8.080000000000000000e+02
2.100000000000000000e+01 6.390000000000000000e+02
2.200000000000000000e+01 5.400000000000000000e+02
2.300000000000000000e+01 4.510000000000000000e+02
2.400000000000000000e+01 3.640000000000000000e+02
2.500000000000000000e+01 2.780000000000000000e+02
2.600000000000000000e+01 1.750000000000000000e+02
2.700000000000000000e+01 1.510000000000000000e+02
2.800000000000000000e+01 9.600000000000000000e+01
2.900000000000000000e+01 5.000000000000000000e+01
3.000000000000000000e+01 3.300000000000000000e+01
3.100000000000000000e+01 1.400000000000000000e+01
3.200000000000000000e+01 5.000000000000000000e+00
3.300000000000000000e+01 5.000000000000000000e+00
3.400000000000000000e+01 1.000000000000000000e+00

1.000000000000000000e+00 3.012321000000000000e+06
2.000000000000000000e+00 6.403000000000000000e+03
3.000000000000000000e+00 5.095000000000000000e+03
4.000000000000000000e+00 4.472000000000000000e+03
5.000000000000000000e+00 3.723000000000000000e+03
6.000000000000000000e+00 2.951000000000000000e+03
7.000000000000000000e+00 2.665000000000000000e+03
8.000000000000000000e+00 2.127000000000000000e+03
9.000000000000000000e+00 1.759000000000000000e+03
1.000000000000000000e+01 1.535000000000000000e+03
1.100000000000000000e+01 1.321000000000000000e+03
1.200000000000000000e+01 1.199000000000000000e+03
1.300000000000000000e+01 1.038000000000000000e+03
1.400000000000000000e+01 9.130000000000000000e+02
1.500000000000000000e+01 8.210000000000000000e+02
1.600000000000000000e+01 7.440000000000000000e+02
1.700000000000000000e+01 5.770000000000000000e+02
1.800000000000000000e+01 5.400000000000000000e+02
1.900000000000000000e+01 4.470000000000000000e+02
2.000000000000000000e+01 3.540000000000000000e+02
2.100000000000000000e+01 3.070000000000000000e+02
2.200000000000000000e+01 2.540000000000000000e+02
2.300000000000000000e+01 1.430000000000000000e+02
2.400000000000000000e+01 1.230000000000000000e+02
2.500000000000000000e+01 1.010000000000000000e+02
2.600000000000000000e+01 5.000000000000000000e+01
2.700000000000000000e+01 3.400000000000000000e+01
2.800000000000000000e+01 1.400000000000000000e+01
2.900000000000000000e+01 8.000000000000000000e+00
3.000000000000000000e+01 6.000000000000000000e+00
3.100000000000000000e+01 5.000000000000000000e+00
3.300000000000000000e+01 1.000000000000000000e+00

1.000000000000000000e+00 3.128916000000000000e+06
2.000000000000000000e+00 8.847000000000000000e+03
3.000000000000000000e+00 6.546000000000000000e+03
4.000000000000000000e+00 5.211000000000000000e+03
5.000000000000000000e+00 3.643000000000000000e+03
6.000000000000000000e+00 2.604000000000000000e+03
7.000000000000000000e+00 1.758000000000000000e+03
8.000000000000000000e+00 1.235000000000000000e+03
9.000000000000000000e+00 8.700000000000000000e+02
1.000000000000000000e+01 7.090000000000000000e+02
1.100000000000000000e+01 5.600000000000000000e+02
1.200000000000000000e+01 4.590000000000000000e+02
1.300000000000000000e+01 3.660000000000000000e+02
1.400000000000000000e+01 3.160000000000000000e+02
1.500000000000000000e+01 2.640000000000000000e+02
1.600000000000000000e+01 2.090000000000000000e+02
1.800000000000000000e+01 1.600000000000000000e+02
1.700000000000000000e+01 1.540000000000000000e+02
1.900000000000000000e+01 1.100000000000000000e+02
2.000000000000000000e+01 9.200000000000000000e+01
2.100000000000000000e+01 5.600000000000000000e+01
2.300000000000000000e+01 3.800000000000000000e+01
2.200000000000000000e+01 3.700000000000000000e+01
2.400000000000000000e+01 3.000000000000000000e+01
2.500000000000000000e+01 1.900000000000000000e+01
2.600000000000000000e+01 7.000000000000000000e+00
2.700000000000000000e+01 2.000000000000000000e+00
2.900000000000000000e+01 2.000000000000000000e+00
2.800000000000000000e+01 1.000000000000000000e+00

1.000000000000000000e+00 3.180356000000000000e+06
2.000000000000000000e+00 1.009000000000000000e+04
3.000000000000000000e+00 7.126000000000000000e+03
4.000000000000000000e+00 5.207000000000000000e+03
5.000000000000000000e+00 3.329000000000000000e+03
6.000000000000000000e+00 1.907000000000000000e+03
7.000000000000000000e+00 1.123000000000000000e+03
8.000000000000000000e+00 6.870000000000000000e+02
9.000000000000000000e+00 4.410000000000000000e+02
1.000000000000000000e+01 2.670000000000000000e+02
1.100000000000000000e+01 1.910000000000000000e+02
1.200000000000000000e+01 1.110000000000000000e+02
1.300000000000000000e+01 9.600000000000000000e+01
1.400000000000000000e+01 6.600000000000000000e+01
1.500000000000000000e+01 6.500000000000000000e+01
1.600000000000000000e+01 3.900000000000000000e+01
1.700000000000000000e+01 3.200000000000000000e+01
1.800000000000000000e+01 2.200000000000000000e+01
1.900000000000000000e+01 1.600000000000000000e+01
2.000000000000000000e+01 1.300000000000000000e+01
2.100000000000000000e+01 5.000000000000000000e+00
2.200000000000000000e+01 4.000000000000000000e+00
2.300000000000000000e+01 4.000000000000000000e+00
2.600000000000000000e+01 2.000000000000000000e+00
2.400000000000000000e+01 2.000000000000000000e+00
2.700000000000000000e+01 2.000000000000000000e+00
2.800000000000000000e+01 1.000000000000000000e+00

1.000000000000000000e+00 3.200829000000000000e+06
2.000000000000000000e+00 1.071600000000000000e+04
3.000000000000000000e+00 7.349000000000000000e+03
4.000000000000000000e+00 4.875000000000000000e+03
5.000000000000000000e+00 2.816000000000000000e+03
6.000000000000000000e+00 1.518000000000000000e+03
7.000000000000000000e+00 7.710000000000000000e+02
8.000000000000000000e+00 3.840000000000000000e+02
9.000000000000000000e+00 1.830000000000000000e+02
1.000000000000000000e+01 1.050000000000000000e+02
1.100000000000000000e+01 5.800000000000000000e+01
1.200000000000000000e+01 3.200000000000000000e+01
1.300000000000000000e+01 1.700000000000000000e+01
1.500000000000000000e+01 1.300000000000000000e+01
1.400000000000000000e+01 1.100000000000000000e+01
1.600000000000000000e+01 7.000000000000000000e+00
1.700000000000000000e+01 3.000000000000000000e+00
1.800000000000000000e+01 1.000000000000000000e+00
2.000000000000000000e+01 1.000000000000000000e+00
2.400000000000000000e+01 1.000000000000000000e+00
2.100000000000000000e+01 1.000000000000000000e+00

1.000000000000000000e+00 3.209704000000000000e+06
2.000000000000000000e+00 1.068700000000000000e+04
3.000000000000000000e+00 7.264000000000000000e+03
4.000000000000000000e+00 4.691000000000000000e+03
5.000000000000000000e+00 2.531000000000000000e+03
6.000000000000000000e+00 1.279000000000000000e+03
7.000000000000000000e+00 5.750000000000000000e+02
8.000000000000000000e+00 2.540000000000000000e+02
9.000000000000000000e+00 1.110000000000000000e+02
1.000000000000000000e+01 5.100000000000000000e+01
1.100000000000000000e+01 2.000000000000000000e+01
1.200000000000000000e+01 7.000000000000000000e+00
1.300000000000000000e+01 6.000000000000000000e+00
1.400000000000000000e+01 5.000000000000000000e+00
1.900000000000000000e+01 1.000000000000000000e+00

1.000000000000000000e+00 3.216293000000000000e+06
2.000000000000000000e+00 1.096400000000000000e+04
3.000000000000000000e+00 7.205000000000000000e+03
4.000000000000000000e+00 4.475000000000000000e+03
5.000000000000000000e+00 2.290000000000000000e+03
6.000000000000000000e+00 9.890000000000000000e+02
7.000000000000000000e+00 3.970000000000000000e+02
8.000000000000000000e+00 1.320000000000000000e+02
9.000000000000000000e+00 6.500000000000000000e+01
1.000000000000000000e+01 2.100000000000000000e+01
1.100000000000000000e+01 1.100000000000000000e+01
1.200000000000000000e+01 4.000000000000000000e+00
1.400000000000000000e+01 3.000000000000000000e+00
1.300000000000000000e+01 3.000000000000000000e+00

1.000000000000000000e+00 3.222369000000000000e+06
2.000000000000000000e+00 1.122900000000000000e+04
3.000000000000000000e+00 6.981000000000000000e+03
4.000000000000000000e+00 4.084000000000000000e+03
5.000000000000000000e+00 1.916000000000000000e+03
6.000000000000000000e+00 8.290000000000000000e+02
7.000000000000000000e+00 2.980000000000000000e+02
8.000000000000000000e+00 8.600000000000000000e+01
9.000000000000000000e+00 3.400000000000000000e+01
1.000000000000000000e+01 1.900000000000000000e+01
1.100000000000000000e+01 4.000000000000000000e+00
1.400000000000000000e+01 1.000000000000000000e+00
1.200000000000000000e+01 1.000000000000000000e+00

1.000000000000000000e+00 3.227370000000000000e+06
2.000000000000000000e+00 1.104200000000000000e+04
3.000000000000000000e+00 6.782000000000000000e+03
4.000000000000000000e+00 3.834000000000000000e+03
5.000000000000000000e+00 1.763000000000000000e+03
6.000000000000000000e+00 6.170000000000000000e+02
7.000000000000000000e+00 2.250000000000000000e+02
8.000000000000000000e+00 5.600000000000000000e+01
9.000000000000000000e+00 1.900000000000000000e+01
1.000000000000000000e+01 8.000000000000000000e+00
1.200000000000000000e+01 3.000000000000000000e+00
1.300000000000000000e+01 2.000000000000000000e+00
1.100000000000000000e+01 1.000000000000000000e+00

1.000000000000000000e+00 3.228481000000000000e+06
2.000000000000000000e+00 1.107500000000000000e+04
3.000000000000000000e+00 6.898000000000000000e+03
4.000000000000000000e+00 3.727000000000000000e+03
5.000000000000000000e+00 1.671000000000000000e+03
6.000000000000000000e+00 6.030000000000000000e+02
7.000000000000000000e+00 1.730000000000000000e+02
8.000000000000000000e+00 5.000000000000000000e+01
9.000000000000000000e+00 1.200000000000000000e+01
1.000000000000000000e+01 5.000000000000000000e+00
1.300000000000000000e+01 1.000000000000000000e+00
1.200000000000000000e+01 1.000000000000000000e+00

1.000000000000000000e+00 3.232243000000000000e+06
2.000000000000000000e+00 1.108700000000000000e+04
3.000000000000000000e+00 6.583000000000000000e+03
4.000000000000000000e+00 3.487000000000000000e+03
5.000000000000000000e+00 1.463000000000000000e+03
6.000000000000000000e+00 5.270000000000000000e+02
7.000000000000000000e+00 1.460000000000000000e+02
8.000000000000000000e+00 3.200000000000000000e+01
9.000000000000000000e+00 1.000000000000000000e+01
1.000000000000000000e+01 3.000000000000000000e+00
1.100000000000000000e+01 1.000000000000000000e+00

1.000000000000000000e+00 3.235028000000000000e+06
2.000000000000000000e+00 1.109600000000000000e+04
3.000000000000000000e+00 6.355000000000000000e+03
4.000000000000000000e+00 3.272000000000000000e+03
5.000000000000000000e+00 1.348000000000000000e+03
6.000000000000000000e+00 4.470000000000000000e+02
7.000000000000000000e+00 1.300000000000000000e+02
8.000000000000000000e+00 2.500000000000000000e+01
9.000000000000000000e+00 5.000000000000000000e+00
1.000000000000000000e+01 5.000000000000000000e+00

1.000000000000000000e+00 3.235420000000000000e+06
2.000000000000000000e+00 1.115000000000000000e+04
3.000000000000000000e+00 6.355000000000000000e+03
4.000000000000000000e+00 3.279000000000000000e+03
5.000000000000000000e+00 1.298000000000000000e+03
6.000000000000000000e+00 4.470000000000000000e+02
7.000000000000000000e+00 9.500000000000000000e+01
8.000000000000000000e+00 2.600000000000000000e+01
9.000000000000000000e+00 6.000000000000000000e+00

1.000000000000000000e+00 3.236125000000000000e+06
2.000000000000000000e+00 1.097500000000000000e+04
3.000000000000000000e+00 6.397000000000000000e+03
4.000000000000000000e+00 3.231000000000000000e+03
5.000000000000000000e+00 1.286000000000000000e+03
6.000000000000000000e+00 3.920000000000000000e+02
7.000000000000000000e+00 1.050000000000000000e+02
8.000000000000000000e+00 3.100000000000000000e+01
9.000000000000000000e+00 5.000000000000000000e+00

1.000000000000000000e+00 3.236853000000000000e+06
2.000000000000000000e+00 1.109600000000000000e+04
3.000000000000000000e+00 6.335000000000000000e+03
4.000000000000000000e+00 3.123000000000000000e+03
5.000000000000000000e+00 1.259000000000000000e+03
6.000000000000000000e+00 3.710000000000000000e+02
7.000000000000000000e+00 9.800000000000000000e+01
8.000000000000000000e+00 2.800000000000000000e+01
9.000000000000000000e+00 3.000000000000000000e+00

1.000000000000000000e+00 3.237644000000000000e+06
2.000000000000000000e+00 1.111500000000000000e+04
3.000000000000000000e+00 6.141000000000000000e+03
4.000000000000000000e+00 3.195000000000000000e+03
5.000000000000000000e+00 1.217000000000000000e+03
6.000000000000000000e+00 3.640000000000000000e+02
7.000000000000000000e+00 7.200000000000000000e+01
8.000000000000000000e+00 1.300000000000000000e+01
9.000000000000000000e+00 4.000000000000000000e+00
1.000000000000000000e+01 1.000000000000000000e+00

1.000000000000000000e+00 3.237292000000000000e+06
2.000000000000000000e+00 1.112100000000000000e+04
3.000000000000000000e+00 6.239000000000000000e+03
4.000000000000000000e+00 3.104000000000000000e+03
5.000000000000000000e+00 1.235000000000000000e+03
6.000000000000000000e+00 3.860000000000000000e+02
7.000000000000000000e+00 9.000000000000000000e+01
8.000000000000000000e+00 2.200000000000000000e+01
9.000000000000000000e+00 4.000000000000000000e+00

